instance = "pumpkin-v3/opt/n150_k7/instance_n150_k7_0007.fzn"
directory = "experiments/20260605-18.05.57.686725-pumpkin-v3/253"
status = "OPTIMAL"
num_solutions = 4
wall_clock_time = 69.91
cpu_time = 57.16
failures = "47760"
propagations = "1295774"
solveTime = "58.367744378"
nodes = "59655"
peakDepth = "1264"
restarts = "11"
nogoods = "47760"
AverageLbd = "32.289112227805695"
AverageLearnedNogoodLength = "66.16576633165829"
AverageConflictSize = "20.472675879396984"
NumUnitNogoodsLearned = "173"

[[solution_objectives]]
nodes = 54846
restarts = 9
peakDepth = 1153
solveTime = 57.779322245
failures = 47622
propagations = 1277131
nogoods = 47622
AverageConflictSize = 20.4520809709798
NumUnitNogoodsLearned = 172
AverageLearnedNogoodLength = 66.15318550249884
AverageLbd = 32.2673764226618
value = 831
time = 64.98

[[solution_objectives]]
nodes = 56557
restarts = 10
peakDepth = 1168
solveTime = 58.033048271
failures = 47691
propagations = 1285842
nogoods = 47691
AverageConflictSize = 20.47377911975006
NumUnitNogoodsLearned = 172
AverageLearnedNogoodLength = 66.14990249732654
AverageLbd = 32.26977836489065
value = 518
time = 65.24

[[solution_objectives]]
nodes = 58138
restarts = 11
peakDepth = 1264
solveTime = 58.241269405
failures = 47741
propagations = 1291643
nogoods = 47741
AverageConflictSize = 20.475712699775872
NumUnitNogoodsLearned = 172
AverageLearnedNogoodLength = 66.17946838147505
AverageLbd = 32.2943800925829
value = 511
time = 65.45

[[solution_objectives]]
nodes = 59655
restarts = 11
peakDepth = 1264
solveTime = 58.367578521
failures = 47759
propagations = 1295696
nogoods = 47759
AverageConflictSize = 20.47306266881635
NumUnitNogoodsLearned = 172
AverageLearnedNogoodLength = 66.16713080257124
AverageLbd = 32.289767373688726
value = 185
time = 65.58
