instance = "pumpkin-v0/opt/n50_k3/instance_n50_k3_0012.fzn"
directory = "experiments/20260609-14.46.48.023744-pumpkin-v0/354"
status = "OPTIMAL"
num_solutions = 4
wall_clock_time = 13.35
cpu_time = 0.78
failures = "3557"
propagations = "1996453"
solveTime = "0.695862633"
nodes = "5382"
peakDepth = "169"
restarts = "0"
nogoods = "3557"
AverageLbd = "7.331177958954175"
AverageLearnedNogoodLength = "15.950238965420297"
AverageConflictSize = "9.467247680629745"
NumUnitNogoodsLearned = "1"
circuitNumberPropagationsThatFoundConflict = "4043"
circuitNumberTotalFixedEdgesAtConflict = "137994"
circuitNumberNumberOfConflicts = "4043"
circuitNumberPropagationsThatPruned = "10642"
circuitNumberPropagationsTotal = "27610"

[[solution_objectives]]
nodes = 239
restarts = 0
peakDepth = 168
solveTime = 0.004503937
failures = 31
propagations = 23678
nogoods = 31
AverageConflictSize = 2.870967741935484
NumUnitNogoodsLearned = 0
AverageLearnedNogoodLength = 10.580645161290322
AverageLbd = 5.645161290322581
value = 977
time = 11.01

[[solution_objectives]]
nodes = 2306
restarts = 0
peakDepth = 169
solveTime = 0.221769877
failures = 1309
propagations = 806817
nogoods = 1309
AverageConflictSize = 5.709702062643239
NumUnitNogoodsLearned = 0
AverageLearnedNogoodLength = 14.770817417876241
AverageLbd = 6.985485103132162
value = 734
time = 11.22

[[solution_objectives]]
nodes = 3836
restarts = 0
peakDepth = 169
solveTime = 0.442818816
failures = 2436
propagations = 1392771
nogoods = 2436
AverageConflictSize = 8.511494252873563
NumUnitNogoodsLearned = 0
AverageLearnedNogoodLength = 14.874794745484401
AverageLbd = 7.494252873563219
value = 475
time = 11.44

[[solution_objectives]]
nodes = 5233
restarts = 0
peakDepth = 169
solveTime = 0.672533919
failures = 3453
propagations = 1933484
nogoods = 3453
AverageConflictSize = 9.579206487112655
NumUnitNogoodsLearned = 0
AverageLearnedNogoodLength = 16.060527077903274
AverageLbd = 7.425137561540689
value = 471
time = 11.67
