instance = "pumpkin-v3/opt/n100_k20/instance_n100_k20_0009.fzn"
directory = "experiments/20260605-18.05.57.686725-pumpkin-v3/406"
status = "OPTIMAL"
num_solutions = 3
wall_clock_time = 22.12
cpu_time = 15.41
failures = "15389"
propagations = "1824405"
solveTime = "15.362247541"
nodes = "21693"
peakDepth = "1699"
restarts = "2"
nogoods = "15389"
AverageLbd = "33.5461693417376"
AverageLearnedNogoodLength = "140.79875235557867"
AverageConflictSize = "35.917408538566505"
NumUnitNogoodsLearned = "190"

[[solution_objectives]]
nodes = 13385
restarts = 1
peakDepth = 1699
solveTime = 11.332803876
failures = 10035
propagations = 1302765
nogoods = 10035
AverageConflictSize = 41.67045341305431
NumUnitNogoodsLearned = 190
AverageLearnedNogoodLength = 170.64843049327354
AverageLbd = 38.85052316890882
value = 304
time = 17.19

[[solution_objectives]]
nodes = 20796
restarts = 2
peakDepth = 1699
solveTime = 15.318961224
failures = 15385
propagations = 1818652
nogoods = 15385
AverageConflictSize = 35.92323691907702
NumUnitNogoodsLearned = 190
AverageLearnedNogoodLength = 140.82034449138771
AverageLbd = 33.54995125121872
value = 301
time = 21.18

[[solution_objectives]]
nodes = 21693
restarts = 2
peakDepth = 1699
solveTime = 15.362210149
failures = 15389
propagations = 1824405
nogoods = 15389
AverageConflictSize = 35.917408538566505
NumUnitNogoodsLearned = 190
AverageLearnedNogoodLength = 140.79875235557867
AverageLbd = 33.5461693417376
value = 191
time = 21.23
