instance = "pumpkin-v1/opt/n100_k15/instance_n100_k15_0012.fzn"
directory = "experiments/20260610-10.42.57.240042-pumpkin-v1/157"
status = "SATISFIABLE"
num_solutions = 9
wall_clock_time = 1800.0
cpu_time = 1800.0
failures = "60053"
propagations = "1643023"
solveTime = "52.211621908"
nodes = "135850"
peakDepth = "1728"
restarts = "12"
nogoods = "60053"
AverageLbd = "49.847734501190615"
AverageLearnedNogoodLength = "63.61444057748989"
AverageConflictSize = "36.51347975954573"
NumUnitNogoodsLearned = "0"
circuitNumberPropagationsThatFoundConflict = "44980"
circuitNumberTotalFixedEdgesAtConflict = "4292802"
circuitNumberNumberOfConflicts = "44980"
circuitNumberPropagationsThatPruned = "71500"
circuitNumberPropagationsTotal = "857625"
allDifferentNumberTotalHallSetSize = "3825221"
allDifferentNumberNumberOfConflicts = "249067"
allDifferentNumberMaxHallSetSize = "873"
allDifferentNumberPropagationsTotal = "1498915"
allDifferentNumberPropagationsThatFoundConflict = "249067"

[[solution_objectives]]
nodes = 62287
restarts = 0
peakDepth = 1687
solveTime = 17.316529248
failures = 24307
propagations = 639667
nogoods = 24307
AverageConflictSize = 24.711605710289216
NumUnitNogoodsLearned = 0
AverageLearnedNogoodLength = 50.821039206812856
AverageLbd = 39.84086888550623
value = 371
time = 17.62

[[solution_objectives]]
nodes = 73511
restarts = 2
peakDepth = 1704
solveTime = 22.112545566
failures = 31137
propagations = 763114
nogoods = 31137
AverageConflictSize = 29.548415068889103
NumUnitNogoodsLearned = 0
AverageLearnedNogoodLength = 56.86096926486174
AverageLbd = 41.74917300960272
value = 361
time = 22.42

[[solution_objectives]]
nodes = 81778
restarts = 3
peakDepth = 1704
solveTime = 26.148365397
failures = 36238
propagations = 847804
nogoods = 36238
AverageConflictSize = 31.772145261879796
NumUnitNogoodsLearned = 0
AverageLearnedNogoodLength = 59.401705392129806
AverageLbd = 42.25299409459683
value = 353
time = 26.46

[[solution_objectives]]
nodes = 83470
restarts = 3
peakDepth = 1704
solveTime = 26.162967349
failures = 36240
propagations = 851471
nogoods = 36240
AverageConflictSize = 31.77050220750552
NumUnitNogoodsLearned = 0
AverageLearnedNogoodLength = 59.39853752759382
AverageLbd = 42.250772626931564
value = 340
time = 26.48

[[solution_objectives]]
nodes = 101034
restarts = 4
peakDepth = 1704
solveTime = 32.789267666
failures = 45437
propagations = 1137970
nogoods = 45437
AverageConflictSize = 29.97101481171732
NumUnitNogoodsLearned = 0
AverageLearnedNogoodLength = 55.90472522393644
AverageLbd = 40.34559940136893
value = 339
time = 33.11

[[solution_objectives]]
nodes = 105069
restarts = 5
peakDepth = 1708
solveTime = 33.366098052
failures = 45896
propagations = 1166215
nogoods = 45896
AverageConflictSize = 30.294252222415896
NumUnitNogoodsLearned = 0
AverageLearnedNogoodLength = 56.02507843820812
AverageLbd = 40.459822206728255
value = 335
time = 33.7

[[solution_objectives]]
nodes = 112220
restarts = 7
peakDepth = 1708
solveTime = 34.27036502
failures = 46376
propagations = 1213605
nogoods = 46376
AverageConflictSize = 30.627630671036744
NumUnitNogoodsLearned = 0
AverageLearnedNogoodLength = 56.077151975159566
AverageLbd = 40.58321114369502
value = 308
time = 34.61

[[solution_objectives]]
nodes = 119563
restarts = 10
peakDepth = 1708
solveTime = 36.373831423
failures = 47900
propagations = 1283759
nogoods = 47900
AverageConflictSize = 31.2221503131524
NumUnitNogoodsLearned = 0
AverageLearnedNogoodLength = 56.84267223382046
AverageLbd = 41.626555323590814
value = 307
time = 36.73

[[solution_objectives]]
nodes = 135850
restarts = 12
peakDepth = 1728
solveTime = 52.211621908
failures = 60053
propagations = 1643023
nogoods = 60053
AverageConflictSize = 36.51347975954573
NumUnitNogoodsLearned = 0
AverageLearnedNogoodLength = 63.61444057748989
AverageLbd = 49.847734501190615
value = 301
time = 52.56
