instance = "pumpkin-v2/opt/n100_k10/instance_n100_k10_0001.fzn"
directory = "experiments/20260603-09.01.52.920058-pumpkin-v2/349"
status = "OPTIMAL"
num_solutions = 2
wall_clock_time = 23.97
cpu_time = 10.78
failures = "16717"
propagations = "1079257"
solveTime = "10.686840773"
nodes = "21398"
peakDepth = "939"
restarts = "2"
nogoods = "16717"
AverageLbd = "23.829215768379495"
AverageLearnedNogoodLength = "73.5559011784411"
AverageConflictSize = "42.72070347550398"
NumUnitNogoodsLearned = "163"

[[solution_objectives]]
nodes = 13105
restarts = 2
peakDepth = 939
solveTime = 6.908568825
failures = 10374
propagations = 660182
nogoods = 10374
AverageConflictSize = 45.805957200694046
NumUnitNogoodsLearned = 163
AverageLearnedNogoodLength = 79.23501060343166
AverageLbd = 25.583381530749953
value = 300
time = 19.93

[[solution_objectives]]
nodes = 21398
restarts = 2
peakDepth = 939
solveTime = 10.686836635
failures = 16717
propagations = 1079257
nogoods = 16717
AverageConflictSize = 42.72070347550398
NumUnitNogoodsLearned = 163
AverageLearnedNogoodLength = 73.5559011784411
AverageLbd = 23.829215768379495
value = 164
time = 23.71
