instance = "pumpkin-v2/opt/n150_k10/instance_n150_k10_0007.fzn"
directory = "experiments/20260603-09.01.52.920058-pumpkin-v2/4"
status = "OPTIMAL"
num_solutions = 2
wall_clock_time = 39.33
cpu_time = 31.53
failures = "47815"
propagations = "1859493"
solveTime = "31.503399009"
nodes = "54439"
peakDepth = "1649"
restarts = "3"
nogoods = "47815"
AverageLbd = "29.720401547631496"
AverageLearnedNogoodLength = "55.86972707309422"
AverageConflictSize = "37.95513960054376"
NumUnitNogoodsLearned = "184"

[[solution_objectives]]
nodes = 51751
restarts = 3
peakDepth = 1603
solveTime = 30.954468549
failures = 46954
propagations = 1818014
nogoods = 46954
AverageConflictSize = 38.1592835541168
NumUnitNogoodsLearned = 184
AverageLearnedNogoodLength = 56.179984665843165
AverageLbd = 29.902074370660646
value = 927
time = 38.38

[[solution_objectives]]
nodes = 54439
restarts = 3
peakDepth = 1649
solveTime = 31.503394163
failures = 47815
propagations = 1859493
nogoods = 47815
AverageConflictSize = 37.95513960054376
NumUnitNogoodsLearned = 184
AverageLearnedNogoodLength = 55.86972707309422
AverageLbd = 29.720401547631496
value = 185
time = 38.93
