instance = "pumpkin-v0/opt/n20_k5/instance_n20_k5_0019.fzn"
directory = "experiments/20260609-14.46.48.023744-pumpkin-v0/298"
status = "OPTIMAL"
num_solutions = 3
wall_clock_time = 1.82
cpu_time = 0.19
failures = "1121"
propagations = "154528"
solveTime = "0.098935773"
nodes = "1837"
peakDepth = "119"
restarts = "0"
nogoods = "1121"
AverageLbd = "5.270294380017841"
AverageLearnedNogoodLength = "16.74487065120428"
AverageConflictSize = "5.328278322925959"
NumUnitNogoodsLearned = "1"
circuitNumberPropagationsThatFoundConflict = "200"
circuitNumberTotalFixedEdgesAtConflict = "2938"
circuitNumberNumberOfConflicts = "200"
circuitNumberPropagationsThatPruned = "454"
circuitNumberPropagationsTotal = "2151"

[[solution_objectives]]
nodes = 149
restarts = 0
peakDepth = 119
solveTime = 0.002120023
failures = 27
propagations = 4809
nogoods = 27
AverageConflictSize = 9.88888888888889
NumUnitNogoodsLearned = 0
AverageLearnedNogoodLength = 8
AverageLbd = 6.888888888888889
value = 426
time = 1.51

[[solution_objectives]]
nodes = 325
restarts = 0
peakDepth = 119
solveTime = 0.006729855
failures = 86
propagations = 13173
nogoods = 86
AverageConflictSize = 5.209302325581396
NumUnitNogoodsLearned = 0
AverageLearnedNogoodLength = 11.453488372093023
AverageLbd = 6.011627906976744
value = 422
time = 1.51

[[solution_objectives]]
nodes = 682
restarts = 0
peakDepth = 119
solveTime = 0.021385735
failures = 264
propagations = 39850
nogoods = 264
AverageConflictSize = 5.1477272727272725
NumUnitNogoodsLearned = 0
AverageLearnedNogoodLength = 13.931818181818182
AverageLbd = 5.6893939393939394
value = 378
time = 1.52
