instance = "pumpkin-v2/opt/n50_k10/instance_n50_k10_0012.fzn"
directory = "experiments/20260603-09.01.52.920058-pumpkin-v2/303"
status = "OPTIMAL"
num_solutions = 2
wall_clock_time = 20.4
cpu_time = 6.18
failures = "20141"
propagations = "1454240"
solveTime = "6.090011"
nodes = "21978"
peakDepth = "313"
restarts = "5"
nogoods = "20141"
AverageLbd = "21.815351770021348"
AverageLearnedNogoodLength = "67.51477086539894"
AverageConflictSize = "39.57593962563924"
NumUnitNogoodsLearned = "227"

[[solution_objectives]]
nodes = 21697
restarts = 5
peakDepth = 313
solveTime = 6.085312748
failures = 20141
propagations = 1452568
nogoods = 20141
AverageConflictSize = 39.57593962563924
NumUnitNogoodsLearned = 227
AverageLearnedNogoodLength = 67.51477086539894
AverageLbd = 21.815351770021348
value = 235
time = 18.24

[[solution_objectives]]
nodes = 21978
restarts = 5
peakDepth = 313
solveTime = 6.090007118
failures = 20141
propagations = 1454240
nogoods = 20141
AverageConflictSize = 39.57593962563924
NumUnitNogoodsLearned = 227
AverageLearnedNogoodLength = 67.51477086539894
AverageLbd = 21.815351770021348
value = 228
time = 18.25
