instance = "pumpkin-v1/opt/n50_k7/instance_n50_k7_0014.fzn"
directory = "experiments/20260610-10.42.57.240042-pumpkin-v1/253"
status = "SATISFIABLE"
num_solutions = 3
wall_clock_time = 1802.14
cpu_time = 1789.6799999999998
failures = "5892325"
propagations = "259002738"
solveTime = "1795.794880593"
nodes = "16516814"
peakDepth = "448"
restarts = "0"
nogoods = "5892325"
AverageLbd = "13.872301341151413"
AverageLearnedNogoodLength = "19.54951364698994"
AverageConflictSize = "16.18810147098132"
NumUnitNogoodsLearned = "0"
circuitNumberPropagationsThatFoundConflict = "7885950"
circuitNumberTotalFixedEdgesAtConflict = "330917328"
circuitNumberNumberOfConflicts = "7885950"
circuitNumberPropagationsThatPruned = "6080183"
circuitNumberPropagationsTotal = "42169558"
allDifferentNumberTotalHallSetSize = "6137620"
allDifferentNumberNumberOfConflicts = "1595239"
allDifferentNumberMaxHallSetSize = "136"
allDifferentNumberPropagationsTotal = "65027266"
allDifferentNumberPropagationsThatFoundConflict = "1595239"

[[solution_objectives]]
nodes = 3571
restarts = 0
peakDepth = 448
solveTime = 0.068926244
failures = 265
propagations = 23208
nogoods = 265
AverageConflictSize = 4.1471698113207545
NumUnitNogoodsLearned = 0
AverageLearnedNogoodLength = 4.59622641509434
AverageLbd = 4.10188679245283
value = 366
time = 4.09

[[solution_objectives]]
nodes = 4125
restarts = 0
peakDepth = 448
solveTime = 0.073570938
failures = 270
propagations = 25313
nogoods = 270
AverageConflictSize = 4.188888888888889
NumUnitNogoodsLearned = 0
AverageLearnedNogoodLength = 4.62962962962963
AverageLbd = 4.122222222222222
value = 355
time = 4.09

[[solution_objectives]]
nodes = 12699725
restarts = 0
peakDepth = 448
solveTime = 1222.783822426
failures = 4129744
propagations = 184035864
nogoods = 4129744
AverageConflictSize = 15.031924981306346
NumUnitNogoodsLearned = 0
AverageLearnedNogoodLength = 16.121966882208678
AverageLbd = 12.481583604213723
value = 351
time = 1226.79
