instance = "pumpkin-v3/opt/n150_k10/instance_n150_k10_0015.fzn"
directory = "experiments/20260605-18.05.57.686725-pumpkin-v3/18"
status = "OPTIMAL"
num_solutions = 2
wall_clock_time = 27.71
cpu_time = 20.54
failures = "21359"
propagations = "845189"
solveTime = "20.488633159"
nodes = "26681"
peakDepth = "1469"
restarts = "1"
nogoods = "21359"
AverageLbd = "23.062034739454095"
AverageLearnedNogoodLength = "45.048925511493984"
AverageConflictSize = "18.34823727702608"
NumUnitNogoodsLearned = "165"

[[solution_objectives]]
nodes = 25016
restarts = 1
peakDepth = 1345
solveTime = 20.392488393
failures = 21350
propagations = 840668
nogoods = 21350
AverageConflictSize = 18.340187353629975
NumUnitNogoodsLearned = 165
AverageLearnedNogoodLength = 45.040187353629975
AverageLbd = 23.054051522248244
value = 170
time = 27.16

[[solution_objectives]]
nodes = 26681
restarts = 1
peakDepth = 1469
solveTime = 20.488615476
failures = 21359
propagations = 845189
nogoods = 21359
AverageConflictSize = 18.34823727702608
NumUnitNogoodsLearned = 165
AverageLearnedNogoodLength = 45.048925511493984
AverageLbd = 23.062034739454095
value = 166
time = 27.25
