instance = "pumpkin-v2/opt/n50_k3/instance_n50_k3_0006.fzn"
directory = "experiments/20260603-09.01.52.920058-pumpkin-v2/180"
status = "OPTIMAL"
num_solutions = 2
wall_clock_time = 4.3
cpu_time = 2.2899999999999996
failures = "11099"
propagations = "404516"
solveTime = "2.245733688"
nodes = "12460"
peakDepth = "187"
restarts = "8"
nogoods = "11099"
AverageLbd = "11.841427155599604"
AverageLearnedNogoodLength = "33.959816199657624"
AverageConflictSize = "32.64113884133706"
NumUnitNogoodsLearned = "660"

[[solution_objectives]]
nodes = 11002
restarts = 3
peakDepth = 176
solveTime = 1.959405191
failures = 10115
propagations = 338671
nogoods = 10115
AverageConflictSize = 34.05180425111221
NumUnitNogoodsLearned = 659
AverageLearnedNogoodLength = 34.66495304003954
AverageLbd = 11.739199209095403
value = 923
time = 3.77

[[solution_objectives]]
nodes = 12445
restarts = 8
peakDepth = 187
solveTime = 2.243921516
failures = 11087
propagations = 404203
nogoods = 11087
AverageConflictSize = 32.6710561919365
NumUnitNogoodsLearned = 659
AverageLearnedNogoodLength = 33.990890231803014
AverageLbd = 11.851357445657076
value = 833
time = 4.03
