instance = "pumpkin-v0/opt/n50_k3/instance_n50_k3_0019.fzn"
directory = "experiments/20260609-14.46.48.023744-pumpkin-v0/374"
status = "OPTIMAL"
num_solutions = 4
wall_clock_time = 12.98
cpu_time = 0.3
failures = "1409"
propagations = "691633"
solveTime = "0.193618316"
nodes = "2703"
peakDepth = "190"
restarts = "0"
nogoods = "1409"
AverageLbd = "5.887863733144074"
AverageLearnedNogoodLength = "13.493257629524486"
AverageConflictSize = "5.312987934705465"
NumUnitNogoodsLearned = "1"
circuitNumberPropagationsThatFoundConflict = "1061"
circuitNumberTotalFixedEdgesAtConflict = "30773"
circuitNumberNumberOfConflicts = "1061"
circuitNumberPropagationsThatPruned = "3741"
circuitNumberPropagationsTotal = "10918"

[[solution_objectives]]
nodes = 1329
restarts = 0
peakDepth = 184
solveTime = 0.108310539
failures = 827
propagations = 422168
nogoods = 827
AverageConflictSize = 5.009673518742442
NumUnitNogoodsLearned = 0
AverageLearnedNogoodLength = 12.95888754534462
AverageLbd = 6.079806529625151
value = 849
time = 12.44

[[solution_objectives]]
nodes = 1518
restarts = 0
peakDepth = 190
solveTime = 0.109685261
failures = 827
propagations = 425152
nogoods = 827
AverageConflictSize = 5.009673518742442
NumUnitNogoodsLearned = 0
AverageLearnedNogoodLength = 12.95888754534462
AverageLbd = 6.079806529625151
value = 741
time = 12.45

[[solution_objectives]]
nodes = 1785
restarts = 0
peakDepth = 190
solveTime = 0.117647476
failures = 888
propagations = 455160
nogoods = 888
AverageConflictSize = 5.10472972972973
NumUnitNogoodsLearned = 0
AverageLearnedNogoodLength = 12.88963963963964
AverageLbd = 6.056306306306307
value = 729
time = 12.45

[[solution_objectives]]
nodes = 2353
restarts = 0
peakDepth = 190
solveTime = 0.160510372
failures = 1142
propagations = 572740
nogoods = 1142
AverageConflictSize = 5.434325744308231
NumUnitNogoodsLearned = 0
AverageLearnedNogoodLength = 13.54553415061296
AverageLbd = 6.330122591943958
value = 281
time = 12.51
