instance = "pumpkin-v3/opt/n100_k15/instance_n100_k15_0003.fzn"
directory = "experiments/20260605-18.05.57.686725-pumpkin-v3/125"
status = "OPTIMAL"
num_solutions = 2
wall_clock_time = 17.92
cpu_time = 8.0
failures = "11513"
propagations = "1217053"
solveTime = "7.885507919"
nodes = "15334"
peakDepth = "1028"
restarts = "3"
nogoods = "11513"
AverageLbd = "21.202119343350994"
AverageLearnedNogoodLength = "70.20350907669591"
AverageConflictSize = "29.297837227481978"
NumUnitNogoodsLearned = "165"

[[solution_objectives]]
nodes = 14607
restarts = 3
peakDepth = 1028
solveTime = 7.83236036
failures = 11491
propagations = 1210885
nogoods = 11491
AverageConflictSize = 29.33060656165695
NumUnitNogoodsLearned = 165
AverageLearnedNogoodLength = 70.05700113132016
AverageLbd = 21.1988512749108
value = 272
time = 16.95

[[solution_objectives]]
nodes = 15334
restarts = 3
peakDepth = 1028
solveTime = 7.8854958889999995
failures = 11513
propagations = 1217053
nogoods = 11513
AverageConflictSize = 29.297837227481978
NumUnitNogoodsLearned = 165
AverageLearnedNogoodLength = 70.20350907669591
AverageLbd = 21.202119343350994
value = 166
time = 16.98
