instance = "pumpkin-v1/opt/n100_k10/instance_n100_k10_0000.fzn"
directory = "experiments/20260602-15.07.06.641281-pumpkin-v1/394"
status = "OPTIMAL"
num_solutions = 2
wall_clock_time = 95.65
cpu_time = 85.66000000000001
failures = "129119"
propagations = "6906131"
solveTime = "85.751257295"
nodes = "377325"
peakDepth = "961"
restarts = "302"
nogoods = "129119"
AverageLbd = "34.15004763048041"
AverageLearnedNogoodLength = "65.55395410435335"
AverageConflictSize = "50.08405424453411"
NumUnitNogoodsLearned = "191"

[[solution_objectives]]
nodes = 376118
restarts = 302
peakDepth = 939
solveTime = 85.701380586
failures = 129067
propagations = 6899313
nogoods = 129067
AverageConflictSize = 50.098104085474986
NumUnitNogoodsLearned = 191
AverageLearnedNogoodLength = 65.56775163287286
AverageLbd = 34.156895255952335
value = 195
time = 94.15

[[solution_objectives]]
nodes = 377325
restarts = 302
peakDepth = 961
solveTime = 85.75125358
failures = 129119
propagations = 6906131
nogoods = 129119
AverageConflictSize = 50.08405424453411
NumUnitNogoodsLearned = 191
AverageLearnedNogoodLength = 65.55395410435335
AverageLbd = 34.15004763048041
value = 192
time = 94.2
