instance = "pumpkin-v3/opt/n150_k15/instance_n150_k15_0000.fzn"
directory = "experiments/20260605-18.05.57.686725-pumpkin-v3/161"
status = "OPTIMAL"
num_solutions = 2
wall_clock_time = 35.99
cpu_time = 31.1
failures = "12365"
propagations = "1188839"
solveTime = "31.012478833"
nodes = "16843"
peakDepth = "1680"
restarts = "2"
nogoods = "12365"
AverageLbd = "53.302709260008086"
AverageLearnedNogoodLength = "164.27723412858876"
AverageConflictSize = "88.41787302871006"
NumUnitNogoodsLearned = "141"

[[solution_objectives]]
nodes = 15725
restarts = 2
peakDepth = 1680
solveTime = 30.896066574
failures = 12358
propagations = 1182533
nogoods = 12358
AverageConflictSize = 88.4486972001942
NumUnitNogoodsLearned = 141
AverageLearnedNogoodLength = 164.33888978799158
AverageLbd = 53.32035928143713
value = 278
time = 34.44

[[solution_objectives]]
nodes = 16843
restarts = 2
peakDepth = 1680
solveTime = 31.012468504
failures = 12365
propagations = 1188839
nogoods = 12365
AverageConflictSize = 88.41787302871006
NumUnitNogoodsLearned = 141
AverageLearnedNogoodLength = 164.27723412858876
AverageLbd = 53.302709260008086
value = 142
time = 34.57
