instance = "pumpkin-v1/opt/n100_k7/instance_n100_k7_0016.fzn"
directory = "experiments/20260602-15.07.06.641281-pumpkin-v1/9"
status = "OPTIMAL"
num_solutions = 3
wall_clock_time = 48.86
cpu_time = 46.9
failures = "68809"
propagations = "2588937"
solveTime = "47.002690708"
nodes = "227135"
peakDepth = "785"
restarts = "196"
nogoods = "68809"
AverageLbd = "26.68730834629191"
AverageLearnedNogoodLength = "43.383045822494154"
AverageConflictSize = "33.06332020520571"
NumUnitNogoodsLearned = "175"

[[solution_objectives]]
nodes = 225031
restarts = 195
peakDepth = 709
solveTime = 46.868415598
failures = 68732
propagations = 2581360
nogoods = 68732
AverageConflictSize = 33.04590292731188
NumUnitNogoodsLearned = 175
AverageLearnedNogoodLength = 43.367979980213
AverageLbd = 26.675551417098294
value = 180
time = 48.43

[[solution_objectives]]
nodes = 226191
restarts = 196
peakDepth = 783
solveTime = 46.958870766
failures = 68789
propagations = 2586031
nogoods = 68789
AverageConflictSize = 33.06758347991685
NumUnitNogoodsLearned = 175
AverageLearnedNogoodLength = 43.3892046693512
AverageLbd = 26.69069182572795
value = 179
time = 48.51

[[solution_objectives]]
nodes = 227135
restarts = 196
peakDepth = 785
solveTime = 47.002685512
failures = 68809
propagations = 2588937
nogoods = 68809
AverageConflictSize = 33.06332020520571
NumUnitNogoodsLearned = 175
AverageLearnedNogoodLength = 43.383045822494154
AverageLbd = 26.68730834629191
value = 176
time = 48.56
