instance = "pumpkin-v0/opt/n100_k5/instance_n100_k5_0009.fzn"
directory = "experiments/20260609-14.46.48.023744-pumpkin-v0/226"
status = "SATISFIABLE"
num_solutions = 3
wall_clock_time = 1800.0
cpu_time = 1800.0
failures = "662934"
propagations = "436214707"
solveTime = "474.55986618"
nodes = "972483"
peakDepth = "618"
restarts = "0"
nogoods = "662934"
AverageLbd = "41.078854003565965"
AverageLearnedNogoodLength = "61.49823059309072"
AverageConflictSize = "82.10726557998233"
NumUnitNogoodsLearned = "0"
circuitNumberPropagationsThatFoundConflict = "616648"
circuitNumberTotalFixedEdgesAtConflict = "57863928"
circuitNumberNumberOfConflicts = "616648"
circuitNumberPropagationsThatPruned = "338481"
circuitNumberPropagationsTotal = "1931339"

[[solution_objectives]]
nodes = 79599
restarts = 0
peakDepth = 610
solveTime = 20.138247437
failures = 52983
propagations = 40833479
nogoods = 52983
AverageConflictSize = 17.426457542985485
NumUnitNogoodsLearned = 0
AverageLearnedNogoodLength = 53.415038786025704
AverageLbd = 22.167110205160146
value = 924
time = 44.04

[[solution_objectives]]
nodes = 80683
restarts = 0
peakDepth = 618
solveTime = 20.228456843
failures = 53186
propagations = 41082101
nogoods = 53186
AverageConflictSize = 17.40350844207122
NumUnitNogoodsLearned = 0
AverageLearnedNogoodLength = 53.3972285939909
AverageLbd = 22.16246756665288
value = 787
time = 44.13

[[solution_objectives]]
nodes = 972483
restarts = 0
peakDepth = 618
solveTime = 474.55986618
failures = 662934
propagations = 436214707
nogoods = 662934
AverageConflictSize = 82.10726557998233
NumUnitNogoodsLearned = 0
AverageLearnedNogoodLength = 61.49823059309072
AverageLbd = 41.078854003565965
value = 704
time = 498.47
