instance = "pumpkin-v0/opt/n100_k5/instance_n100_k5_0003.fzn"
directory = "experiments/20260602-11.16.13.665988-pumpkin-v0/223"
status = "OPTIMAL"
num_solutions = 3
wall_clock_time = 68.83
cpu_time = 66.50999999999999
failures = "187985"
propagations = "85120697"
solveTime = "66.595065519"
nodes = "292072"
peakDepth = "579"
restarts = "441"
nogoods = "187985"
AverageLbd = "10.286352634518712"
AverageLearnedNogoodLength = "33.04787084075857"
AverageConflictSize = "15.275617735457617"
NumUnitNogoodsLearned = "152"

[[solution_objectives]]
nodes = 199707
restarts = 323
peakDepth = 534
solveTime = 38.096703114
failures = 121940
propagations = 56327171
nogoods = 121940
AverageConflictSize = 11.896908315565032
NumUnitNogoodsLearned = 151
AverageLearnedNogoodLength = 24.880670821715597
AverageLbd = 10.635911103821552
value = 169
time = 39.81

[[solution_objectives]]
nodes = 201139
restarts = 325
peakDepth = 579
solveTime = 38.255804926
failures = 122420
propagations = 56556656
nogoods = 122420
AverageConflictSize = 11.887289658552524
NumUnitNogoodsLearned = 151
AverageLearnedNogoodLength = 24.886268583564778
AverageLbd = 10.638988727332135
value = 167
time = 39.95

[[solution_objectives]]
nodes = 206422
restarts = 332
peakDepth = 579
solveTime = 39.066830823
failures = 125016
propagations = 57606806
nogoods = 125016
AverageConflictSize = 11.915874768029692
NumUnitNogoodsLearned = 151
AverageLearnedNogoodLength = 25.03388366289115
AverageLbd = 10.630975235169899
value = 166
time = 40.76
