instance = "pumpkin-v0/random/n100_p015/instance_n100_p0.150_0005.fzn"
directory = "experiments/20260612-11.19.59.708870-pumpkin-v0/195"
status = "SATISFIABLE"
num_solutions = 4
wall_clock_time = 301.53
cpu_time = 294.74
failures = "599664"
propagations = "524432076"
solveTime = "295.366417521"
nodes = "633164"
peakDepth = "1583"
restarts = "0"
nogoods = "599664"
AverageLbd = "33.809928559993594"
AverageLearnedNogoodLength = "60.53268330264948"
AverageConflictSize = "18.118062781824488"
NumUnitNogoodsLearned = "0"
circuitNumberPropagationsThatFoundConflict = "2772"
circuitNumberTotalFixedEdgesAtConflict = "245049"
circuitNumberNumberOfConflicts = "2772"
circuitNumberPropagationsThatPruned = "65796"
circuitNumberPropagationsTotal = "527879"

[[solution_objectives]]
nodes = 1565
restarts = 0
peakDepth = 1551
solveTime = 0.008633249
failures = 11
propagations = 30132
nogoods = 11
AverageConflictSize = 10.181818181818182
NumUnitNogoodsLearned = 0
AverageLearnedNogoodLength = 41.45454545454545
AverageLbd = 32.81818181818182
value = 1000
time = 4.51

[[solution_objectives]]
nodes = 3179
restarts = 0
peakDepth = 1583
solveTime = 0.013983746
failures = 26
propagations = 53992
nogoods = 26
AverageConflictSize = 6.038461538461538
NumUnitNogoodsLearned = 0
AverageLearnedNogoodLength = 23.53846153846154
AverageLbd = 18.307692307692307
value = 991
time = 4.51

[[solution_objectives]]
nodes = 4756
restarts = 0
peakDepth = 1583
solveTime = 0.018392277
failures = 28
propagations = 68853
nogoods = 28
AverageConflictSize = 9.035714285714286
NumUnitNogoodsLearned = 0
AverageLearnedNogoodLength = 25.035714285714285
AverageLbd = 19.857142857142858
value = 975
time = 4.51

[[solution_objectives]]
nodes = 6288
restarts = 0
peakDepth = 1583
solveTime = 0.026666197
failures = 40
propagations = 94617
nogoods = 40
AverageConflictSize = 17.325
NumUnitNogoodsLearned = 0
AverageLearnedNogoodLength = 32.25
AverageLbd = 25.6
value = 898
time = 4.52
