instance = "pumpkin-v3/opt/n100_k10/instance_n100_k10_0019.fzn"
directory = "experiments/20260605-18.05.57.686725-pumpkin-v3/352"
status = "OPTIMAL"
num_solutions = 2
wall_clock_time = 27.78
cpu_time = 19.34
failures = "22249"
propagations = "799396"
solveTime = "19.282907437"
nodes = "26284"
peakDepth = "1057"
restarts = "3"
nogoods = "22249"
AverageLbd = "51.08634095914423"
AverageLearnedNogoodLength = "88.12310665647894"
AverageConflictSize = "70.06224998876354"
NumUnitNogoodsLearned = "208"

[[solution_objectives]]
nodes = 25238
restarts = 3
peakDepth = 1057
solveTime = 19.231712038
failures = 22220
propagations = 795698
nogoods = 22220
AverageConflictSize = 70.07583258325833
NumUnitNogoodsLearned = 208
AverageLearnedNogoodLength = 88.1475697569757
AverageLbd = 51.09617461746175
value = 914
time = 26.2

[[solution_objectives]]
nodes = 26284
restarts = 3
peakDepth = 1057
solveTime = 19.282892133
failures = 22249
propagations = 799396
nogoods = 22249
AverageConflictSize = 70.06224998876354
NumUnitNogoodsLearned = 208
AverageLearnedNogoodLength = 88.12310665647894
AverageLbd = 51.08634095914423
value = 209
time = 26.24
