instance = "pumpkin-v1/opt/n100_k7/instance_n100_k7_0014.fzn"
directory = "experiments/20260610-10.42.57.240042-pumpkin-v1/4"
status = "SATISFIABLE"
num_solutions = 6
wall_clock_time = 1800.0
cpu_time = 1800.0
failures = "3155436"
propagations = "97626467"
solveTime = "1796.792896931"
nodes = "7018442"
peakDepth = "848"
restarts = "0"
nogoods = "3155436"
AverageLbd = "21.32171497060945"
AverageLearnedNogoodLength = "62.090203065440086"
AverageConflictSize = "43.36550511561635"
NumUnitNogoodsLearned = "0"
circuitNumberPropagationsThatFoundConflict = "212502"
circuitNumberTotalFixedEdgesAtConflict = "13777544"
circuitNumberNumberOfConflicts = "212502"
circuitNumberPropagationsThatPruned = "405013"
circuitNumberPropagationsTotal = "7845772"
allDifferentNumberTotalHallSetSize = "50063326"
allDifferentNumberNumberOfConflicts = "2020923"
allDifferentNumberMaxHallSetSize = "644"
allDifferentNumberPropagationsTotal = "14899960"
allDifferentNumberPropagationsThatFoundConflict = "2020923"

[[solution_objectives]]
nodes = 13706
restarts = 0
peakDepth = 848
solveTime = 1.05271097
failures = 1308
propagations = 103656
nogoods = 1308
AverageConflictSize = 20.389908256880734
NumUnitNogoodsLearned = 0
AverageLearnedNogoodLength = 25.428899082568808
AverageLbd = 22.97782874617737
value = 924
time = 4.26

[[solution_objectives]]
nodes = 15819
restarts = 0
peakDepth = 848
solveTime = 1.159611825
failures = 1488
propagations = 117575
nogoods = 1488
AverageConflictSize = 18.961693548387096
NumUnitNogoodsLearned = 0
AverageLearnedNogoodLength = 24.39717741935484
AverageLbd = 21.974462365591396
value = 481
time = 4.37

[[solution_objectives]]
nodes = 79647
restarts = 0
peakDepth = 848
solveTime = 30.319649457
failures = 46220
propagations = 1589244
nogoods = 46220
AverageConflictSize = 27.956728688879274
NumUnitNogoodsLearned = 0
AverageLearnedNogoodLength = 51.587256598874944
AverageLbd = 44.2917568152315
value = 323
time = 33.53

[[solution_objectives]]
nodes = 80605
restarts = 0
peakDepth = 848
solveTime = 30.362175481
failures = 46276
propagations = 1593029
nogoods = 46276
AverageConflictSize = 27.93778632552511
NumUnitNogoodsLearned = 0
AverageLearnedNogoodLength = 51.57072780707062
AverageLbd = 44.279864292505835
value = 315
time = 33.58

[[solution_objectives]]
nodes = 81458
restarts = 0
peakDepth = 848
solveTime = 30.393430093
failures = 46301
propagations = 1595752
nogoods = 46301
AverageConflictSize = 27.933975508088377
NumUnitNogoodsLearned = 0
AverageLearnedNogoodLength = 51.57860521371029
AverageLbd = 44.288525085851276
value = 298
time = 33.62

[[solution_objectives]]
nodes = 82707
restarts = 0
peakDepth = 848
solveTime = 30.43594975
failures = 46346
propagations = 1602594
nogoods = 46346
AverageConflictSize = 27.913692659560695
NumUnitNogoodsLearned = 0
AverageLearnedNogoodLength = 51.53687481120269
AverageLbd = 44.25173693522634
value = 274
time = 33.66
