instance = "pumpkin-v3/opt/n100_k5/instance_n100_k5_0009.fzn"
directory = "experiments/20260605-18.05.57.686725-pumpkin-v3/405"
status = "OPTIMAL"
num_solutions = 2
wall_clock_time = 220.63
cpu_time = 212.87
failures = "296559"
propagations = "8297285"
solveTime = "213.505241105"
nodes = "339579"
peakDepth = "601"
restarts = "386"
nogoods = "296559"
AverageLbd = "12.450284766269107"
AverageLearnedNogoodLength = "27.567634096419262"
AverageConflictSize = "17.78033376157864"
NumUnitNogoodsLearned = "191"

[[solution_objectives]]
nodes = 13350
restarts = 1
peakDepth = 593
solveTime = 5.6966466879999995
failures = 11331
propagations = 349938
nogoods = 11331
AverageConflictSize = 13.425469949695525
NumUnitNogoodsLearned = 190
AverageLearnedNogoodLength = 24.92268996558115
AverageLbd = 12.268908304650958
value = 704
time = 11.53

[[solution_objectives]]
nodes = 15299
restarts = 10
peakDepth = 601
solveTime = 6.148447026
failures = 11907
propagations = 380777
nogoods = 11907
AverageConflictSize = 13.601914840010078
NumUnitNogoodsLearned = 190
AverageLearnedNogoodLength = 25.454522549760647
AverageLbd = 12.608717561098514
value = 351
time = 11.97
