instance = "pumpkin-v1/opt/n150_k20/instance_n150_k20_0012.fzn"
directory = "experiments/20260610-10.42.57.240042-pumpkin-v1/56"
status = "SATISFIABLE"
num_solutions = 8
wall_clock_time = 1802.0
cpu_time = 1769.47
failures = "1552636"
propagations = "34819886"
solveTime = "1796.853012934"
nodes = "2444416"
peakDepth = "3381"
restarts = "1"
nogoods = "1552636"
AverageLbd = "40.05907050976533"
AverageLearnedNogoodLength = "77.9703478471451"
AverageConflictSize = "76.5594762713218"
NumUnitNogoodsLearned = "0"
circuitNumberPropagationsThatFoundConflict = "950"
circuitNumberTotalFixedEdgesAtConflict = "134126"
circuitNumberNumberOfConflicts = "950"
circuitNumberPropagationsThatPruned = "298433"
circuitNumberPropagationsTotal = "3856061"
allDifferentNumberTotalHallSetSize = "71743108"
allDifferentNumberNumberOfConflicts = "1573767"
allDifferentNumberMaxHallSetSize = "1350"
allDifferentNumberPropagationsTotal = "7169359"
allDifferentNumberPropagationsThatFoundConflict = "1573767"

[[solution_objectives]]
nodes = 84349
restarts = 0
peakDepth = 3349
solveTime = 12.90371671
failures = 1976
propagations = 525883
nogoods = 1976
AverageConflictSize = 13.377024291497976
NumUnitNogoodsLearned = 0
AverageLearnedNogoodLength = 16.557186234817813
AverageLbd = 15.94331983805668
value = 735
time = 16.13

[[solution_objectives]]
nodes = 88835
restarts = 0
peakDepth = 3379
solveTime = 13.075951367
failures = 2124
propagations = 541358
nogoods = 2124
AverageConflictSize = 13.769303201506592
NumUnitNogoodsLearned = 0
AverageLearnedNogoodLength = 17.15536723163842
AverageLbd = 16.225517890772128
value = 377
time = 16.31

[[solution_objectives]]
nodes = 93753
restarts = 0
peakDepth = 3379
solveTime = 13.340497723
failures = 2219
propagations = 559533
nogoods = 2219
AverageConflictSize = 14.011716989634971
NumUnitNogoodsLearned = 0
AverageLearnedNogoodLength = 17.530869761153674
AverageLbd = 16.333032897701667
value = 340
time = 16.59

[[solution_objectives]]
nodes = 100988
restarts = 0
peakDepth = 3379
solveTime = 13.99092532
failures = 2344
propagations = 592662
nogoods = 2344
AverageConflictSize = 14.247440273037542
NumUnitNogoodsLearned = 0
AverageLearnedNogoodLength = 17.99018771331058
AverageLbd = 16.61646757679181
value = 335
time = 17.26

[[solution_objectives]]
nodes = 110838
restarts = 0
peakDepth = 3379
solveTime = 15.294008234
failures = 2497
propagations = 643115
nogoods = 2497
AverageConflictSize = 14.274729675610732
NumUnitNogoodsLearned = 0
AverageLearnedNogoodLength = 18.20304365238286
AverageLbd = 16.718862635162196
value = 321
time = 18.57

[[solution_objectives]]
nodes = 114178
restarts = 0
peakDepth = 3379
solveTime = 15.331977835
failures = 2499
propagations = 649564
nogoods = 2499
AverageConflictSize = 14.264905962384955
NumUnitNogoodsLearned = 0
AverageLearnedNogoodLength = 18.190076030412165
AverageLbd = 16.707082833133253
value = 309
time = 18.62

[[solution_objectives]]
nodes = 117637
restarts = 0
peakDepth = 3379
solveTime = 15.37851627
failures = 2513
propagations = 657358
nogoods = 2513
AverageConflictSize = 14.212495025865499
NumUnitNogoodsLearned = 0
AverageLearnedNogoodLength = 18.121368881814565
AverageLbd = 16.643056108237168
value = 301
time = 18.67

[[solution_objectives]]
nodes = 144310
restarts = 1
peakDepth = 3381
solveTime = 23.898438778
failures = 10627
propagations = 1009050
nogoods = 10627
AverageConflictSize = 18.87672908628964
NumUnitNogoodsLearned = 0
AverageLearnedNogoodLength = 48.03359367648443
AverageLbd = 35.987578808694835
value = 282
time = 27.22
