instance = "pumpkin-v3/opt/n100_k15/instance_n100_k15_0014.fzn"
directory = "experiments/20260605-18.05.57.686725-pumpkin-v3/113"
status = "OPTIMAL"
num_solutions = 2
wall_clock_time = 383.97
cpu_time = 374.56
failures = "227097"
propagations = "14308660"
solveTime = "375.855756204"
nodes = "240771"
peakDepth = "1138"
restarts = "7"
nogoods = "227097"
AverageLbd = "48.46392510689265"
AverageLearnedNogoodLength = "96.18309356794674"
AverageConflictSize = "70.84280285516762"
NumUnitNogoodsLearned = "201"

[[solution_objectives]]
nodes = 239620
restarts = 7
peakDepth = 1138
solveTime = 375.658023197
failures = 227038
propagations = 14299621
nogoods = 227038
AverageConflictSize = 70.85808983518177
NumUnitNogoodsLearned = 201
AverageLearnedNogoodLength = 96.18982725358751
AverageLbd = 48.472048731930336
value = 239
time = 382.65

[[solution_objectives]]
nodes = 240771
restarts = 7
peakDepth = 1138
solveTime = 375.855746262
failures = 227097
propagations = 14308660
nogoods = 227097
AverageConflictSize = 70.84280285516762
NumUnitNogoodsLearned = 201
AverageLearnedNogoodLength = 96.18309356794674
AverageLbd = 48.46392510689265
value = 202
time = 382.86
