instance = "pumpkin-v0/opt/n50_k3/instance_n50_k3_0017.fzn"
directory = "experiments/20260609-14.46.48.023744-pumpkin-v0/359"
status = "OPTIMAL"
num_solutions = 3
wall_clock_time = 4.64
cpu_time = 0.61
failures = "2936"
propagations = "1538079"
solveTime = "0.52979644"
nodes = "4013"
peakDepth = "176"
restarts = "0"
nogoods = "2936"
AverageLbd = "6.980245231607629"
AverageLearnedNogoodLength = "18.310967302452315"
AverageConflictSize = "5.418937329700272"
NumUnitNogoodsLearned = "1"
circuitNumberPropagationsThatFoundConflict = "902"
circuitNumberTotalFixedEdgesAtConflict = "30264"
circuitNumberNumberOfConflicts = "902"
circuitNumberPropagationsThatPruned = "6607"
circuitNumberPropagationsTotal = "16481"

[[solution_objectives]]
nodes = 2899
restarts = 0
peakDepth = 176
solveTime = 0.447443208
failures = 2508
propagations = 1298614
nogoods = 2508
AverageConflictSize = 5.492025518341308
NumUnitNogoodsLearned = 0
AverageLearnedNogoodLength = 19.13755980861244
AverageLbd = 7.147527910685805
value = 470
time = 4.12

[[solution_objectives]]
nodes = 3096
restarts = 0
peakDepth = 176
solveTime = 0.452741891
failures = 2529
propagations = 1315795
nogoods = 2529
AverageConflictSize = 5.501779359430605
NumUnitNogoodsLearned = 0
AverageLearnedNogoodLength = 19.08501383946224
AverageLbd = 7.143930407275603
value = 445
time = 4.12

[[solution_objectives]]
nodes = 3310
restarts = 0
peakDepth = 176
solveTime = 0.463760251
failures = 2571
propagations = 1346324
nogoods = 2571
AverageConflictSize = 5.520420070011669
NumUnitNogoodsLearned = 0
AverageLearnedNogoodLength = 19.08984830805134
AverageLbd = 7.205756514974718
value = 394
time = 4.13
