instance = "pumpkin-v2/opt/n150_k10/instance_n150_k10_0018.fzn"
directory = "experiments/20260603-09.01.52.920058-pumpkin-v2/9"
status = "OPTIMAL"
num_solutions = 2
wall_clock_time = 39.4
cpu_time = 16.69
failures = "13257"
propagations = "491346"
solveTime = "16.617954212"
nodes = "22243"
peakDepth = "1530"
restarts = "3"
nogoods = "13257"
AverageLbd = "64.22704986045109"
AverageLearnedNogoodLength = "193.63641849588896"
AverageConflictSize = "35.38832315003395"
NumUnitNogoodsLearned = "164"

[[solution_objectives]]
nodes = 20476
restarts = 3
peakDepth = 1403
solveTime = 16.547513446
failures = 13253
propagations = 486780
nogoods = 13253
AverageConflictSize = 35.390553082320984
NumUnitNogoodsLearned = 164
AverageLearnedNogoodLength = 193.682411529465
AverageLbd = 64.23896476269523
value = 219
time = 37.05

[[solution_objectives]]
nodes = 22243
restarts = 3
peakDepth = 1530
solveTime = 16.617949558
failures = 13257
propagations = 491346
nogoods = 13257
AverageConflictSize = 35.38832315003395
NumUnitNogoodsLearned = 164
AverageLearnedNogoodLength = 193.63641849588896
AverageLbd = 64.22704986045109
value = 165
time = 37.11
