instance = "pumpkin-v1/opt/n100_k5/instance_n100_k5_0016.fzn"
directory = "experiments/20260610-10.42.57.240042-pumpkin-v1/226"
status = "SATISFIABLE"
num_solutions = 3
wall_clock_time = 1800.0
cpu_time = 1800.0
failures = "712338"
propagations = "29593979"
solveTime = "573.857358019"
nodes = "1394756"
peakDepth = "620"
restarts = "1"
nogoods = "712338"
AverageLbd = "26.598646990614007"
AverageLearnedNogoodLength = "49.02637792733225"
AverageConflictSize = "40.101178092422415"
NumUnitNogoodsLearned = "0"
circuitNumberPropagationsThatFoundConflict = "535708"
circuitNumberTotalFixedEdgesAtConflict = "50631576"
circuitNumberNumberOfConflicts = "535708"
circuitNumberPropagationsThatPruned = "342121"
circuitNumberPropagationsTotal = "2286779"
allDifferentNumberTotalHallSetSize = "708416"
allDifferentNumberNumberOfConflicts = "66399"
allDifferentNumberMaxHallSetSize = "288"
allDifferentNumberPropagationsTotal = "2720096"
allDifferentNumberPropagationsThatFoundConflict = "66399"

[[solution_objectives]]
nodes = 9260
restarts = 0
peakDepth = 579
solveTime = 0.809229715
failures = 1210
propagations = 69024
nogoods = 1210
AverageConflictSize = 31.538842975206613
NumUnitNogoodsLearned = 0
AverageLearnedNogoodLength = 29.055371900826447
AverageLbd = 26.097520661157024
value = 610
time = 4.08

[[solution_objectives]]
nodes = 14248
restarts = 0
peakDepth = 579
solveTime = 2.168250644
failures = 3563
propagations = 135568
nogoods = 3563
AverageConflictSize = 45.71260174010665
NumUnitNogoodsLearned = 0
AverageLearnedNogoodLength = 46.75778838057816
AverageLbd = 26.478248666853776
value = 495
time = 5.42

[[solution_objectives]]
nodes = 1394756
restarts = 1
peakDepth = 620
solveTime = 573.857358019
failures = 712338
propagations = 29593979
nogoods = 712338
AverageConflictSize = 40.101178092422415
NumUnitNogoodsLearned = 0
AverageLearnedNogoodLength = 49.02637792733225
AverageLbd = 26.598646990614007
value = 469
time = 577.12
