instance = "pumpkin-v0/opt/n50_k7/instance_n50_k7_0018.fzn"
directory = "experiments/20260609-14.46.48.023744-pumpkin-v0/246"
status = "SATISFIABLE"
num_solutions = 3
wall_clock_time = 1800.0
cpu_time = 1800.0
failures = "29"
propagations = "21371"
solveTime = "0.008614626"
nodes = "1288"
peakDepth = "427"
restarts = "0"
nogoods = "29"
AverageLbd = "11.172413793103448"
AverageLearnedNogoodLength = "21.20689655172414"
AverageConflictSize = "3.5517241379310347"
NumUnitNogoodsLearned = "0"
circuitNumberPropagationsThatFoundConflict = "7"
circuitNumberTotalFixedEdgesAtConflict = "285"
circuitNumberNumberOfConflicts = "7"
circuitNumberPropagationsThatPruned = "34"
circuitNumberPropagationsTotal = "323"

[[solution_objectives]]
nodes = 447
restarts = 0
peakDepth = 427
solveTime = 0.003659433
failures = 14
propagations = 9292
nogoods = 14
AverageConflictSize = 4.071428571428571
NumUnitNogoodsLearned = 0
AverageLearnedNogoodLength = 29.571428571428573
AverageLbd = 14.5
value = 610
time = 21.39

[[solution_objectives]]
nodes = 890
restarts = 0
peakDepth = 427
solveTime = 0.007031493
failures = 28
propagations = 17502
nogoods = 28
AverageConflictSize = 3.607142857142857
NumUnitNogoodsLearned = 0
AverageLearnedNogoodLength = 21.785714285714285
AverageLbd = 11.428571428571429
value = 364
time = 21.39

[[solution_objectives]]
nodes = 1288
restarts = 0
peakDepth = 427
solveTime = 0.008614626
failures = 29
propagations = 21371
nogoods = 29
AverageConflictSize = 3.5517241379310347
NumUnitNogoodsLearned = 0
AverageLearnedNogoodLength = 21.20689655172414
AverageLbd = 11.172413793103448
value = 336
time = 21.39
