instance = "pumpkin-v0/opt/n100_k10/instance_n100_k10_0002.fzn"
directory = "experiments/20260609-14.46.48.023744-pumpkin-v0/395"
status = "SATISFIABLE"
num_solutions = 3
wall_clock_time = 1802.08
cpu_time = 1762.94
failures = "2191950"
propagations = "1304642300"
solveTime = "1777.264328716"
nodes = "2492504"
peakDepth = "1137"
restarts = "1"
nogoods = "2191950"
AverageLbd = "29.72448048541253"
AverageLearnedNogoodLength = "57.77568648919912"
AverageConflictSize = "18.29916923287484"
NumUnitNogoodsLearned = "0"
circuitNumberPropagationsThatFoundConflict = "65450"
circuitNumberTotalFixedEdgesAtConflict = "5524971"
circuitNumberNumberOfConflicts = "65450"
circuitNumberPropagationsThatPruned = "530176"
circuitNumberPropagationsTotal = "3509497"

[[solution_objectives]]
nodes = 470733
restarts = 0
peakDepth = 1118
solveTime = 123.578005102
failures = 257634
propagations = 166094870
nogoods = 257634
AverageConflictSize = 18.460793218286405
NumUnitNogoodsLearned = 0
AverageLearnedNogoodLength = 45.473637019958545
AverageLbd = 17.794188655224076
value = 736
time = 146.09

[[solution_objectives]]
nodes = 471876
restarts = 0
peakDepth = 1137
solveTime = 123.585521948
failures = 257635
propagations = 166108539
nogoods = 257635
AverageConflictSize = 18.46076425951443
NumUnitNogoodsLearned = 0
AverageLearnedNogoodLength = 45.47349544898791
AverageLbd = 17.79415063947057
value = 456
time = 146.1

[[solution_objectives]]
nodes = 472999
restarts = 0
peakDepth = 1137
solveTime = 123.593401365
failures = 257635
propagations = 166120755
nogoods = 257635
AverageConflictSize = 18.46076425951443
NumUnitNogoodsLearned = 0
AverageLearnedNogoodLength = 45.47349544898791
AverageLbd = 17.79415063947057
value = 368
time = 146.11
