instance = "pumpkin-v0/opt/n20_k7/instance_n20_k7_0015.fzn"
directory = "experiments/20260602-11.16.13.665988-pumpkin-v0/111"
status = "OPTIMAL"
num_solutions = 2
wall_clock_time = 7.16
cpu_time = 6.94
failures = "33656"
propagations = "3066559"
solveTime = "6.883449991"
nodes = "47496"
peakDepth = "196"
restarts = "123"
nogoods = "33656"
AverageLbd = "10.934840741621107"
AverageLearnedNogoodLength = "47.53541716187307"
AverageConflictSize = "22.047896363204185"
NumUnitNogoodsLearned = "382"

[[solution_objectives]]
nodes = 15739
restarts = 8
peakDepth = 196
solveTime = 1.5413751709999999
failures = 10690
propagations = 1119661
nogoods = 10690
AverageConflictSize = 16.178952291861552
NumUnitNogoodsLearned = 381
AverageLearnedNogoodLength = 41.68718428437792
AverageLbd = 10.70177736202058
value = 579
time = 1.77

[[solution_objectives]]
nodes = 16751
restarts = 9
peakDepth = 196
solveTime = 1.651711505
failures = 11255
propagations = 1168237
nogoods = 11255
AverageConflictSize = 16.096579298089736
NumUnitNogoodsLearned = 381
AverageLearnedNogoodLength = 41.439360284318084
AverageLbd = 10.638738338516214
value = 417
time = 1.87
