instance = "pumpkin-v3/opt/n150_k20/instance_n150_k20_0003.fzn"
directory = "experiments/20260605-18.05.57.686725-pumpkin-v3/275"
status = "OPTIMAL"
num_solutions = 4
wall_clock_time = 62.7
cpu_time = 55.580000000000005
failures = "27746"
propagations = "3331027"
solveTime = "58.411388048"
nodes = "36512"
peakDepth = "1160"
restarts = "5"
nogoods = "27746"
AverageLbd = "59.65814892236719"
AverageLearnedNogoodLength = "142.6497873567361"
AverageConflictSize = "99.32847978086932"
NumUnitNogoodsLearned = "136"

[[solution_objectives]]
nodes = 13963
restarts = 1
peakDepth = 1124
solveTime = 21.877880376
failures = 10589
propagations = 1514271
nogoods = 10589
AverageConflictSize = 93.30777221645103
NumUnitNogoodsLearned = 136
AverageLearnedNogoodLength = 140.56313155161016
AverageLbd = 56.94239304939088
value = 166
time = 25.44

[[solution_objectives]]
nodes = 20409
restarts = 3
peakDepth = 1124
solveTime = 31.084839039
failures = 15185
propagations = 2026329
nogoods = 15185
AverageConflictSize = 97.18017780704643
NumUnitNogoodsLearned = 136
AverageLearnedNogoodLength = 142.55719459993415
AverageLbd = 59.28040829766217
value = 150
time = 34.65

[[solution_objectives]]
nodes = 34907
restarts = 5
peakDepth = 1124
solveTime = 57.844769187
failures = 27461
propagations = 3293134
nogoods = 27461
AverageConflictSize = 100.11547285240887
NumUnitNogoodsLearned = 136
AverageLearnedNogoodLength = 142.29339790976294
AverageLbd = 59.9577946906522
value = 145
time = 61.41

[[solution_objectives]]
nodes = 36512
restarts = 5
peakDepth = 1160
solveTime = 58.411370111
failures = 27746
propagations = 3331027
nogoods = 27746
AverageConflictSize = 99.32847978086932
NumUnitNogoodsLearned = 136
AverageLearnedNogoodLength = 142.6497873567361
AverageLbd = 59.65814892236719
value = 137
time = 61.99
