instance = "pumpkin-v3/opt/n50_k5/instance_n50_k5_0009.fzn"
directory = "experiments/20260605-18.05.57.686725-pumpkin-v3/211"
status = "OPTIMAL"
num_solutions = 3
wall_clock_time = 187.29
cpu_time = 174.29
failures = "393179"
propagations = "11674619"
solveTime = "178.92131272"
nodes = "439358"
peakDepth = "328"
restarts = "497"
nogoods = "393179"
AverageLbd = "8.238792000590061"
AverageLearnedNogoodLength = "28.4590733482714"
AverageConflictSize = "18.015496758473876"
NumUnitNogoodsLearned = "252"

[[solution_objectives]]
nodes = 11627
restarts = 2
peakDepth = 299
solveTime = 2.956105125
failures = 10247
propagations = 350849
nogoods = 10247
AverageConflictSize = 13.260271298916756
NumUnitNogoodsLearned = 251
AverageLearnedNogoodLength = 23.619986337464624
AverageLbd = 7.907192348980189
value = 983
time = 9.76

[[solution_objectives]]
nodes = 12184
restarts = 3
peakDepth = 328
solveTime = 2.99227518
failures = 10297
propagations = 354331
nogoods = 10297
AverageConflictSize = 13.230358356802952
NumUnitNogoodsLearned = 251
AverageLearnedNogoodLength = 23.632222977566283
AverageLbd = 7.930562299698941
value = 790
time = 9.81

[[solution_objectives]]
nodes = 13306
restarts = 7
peakDepth = 328
solveTime = 3.199558603
failures = 10890
propagations = 383821
nogoods = 10890
AverageConflictSize = 13.242607897153352
NumUnitNogoodsLearned = 251
AverageLearnedNogoodLength = 23.816161616161615
AverageLbd = 8.200275482093664
value = 284
time = 10.01
