instance = "pumpkin-v2/opt/n100_k10/instance_n100_k10_0007.fzn"
directory = "experiments/20260603-09.01.52.920058-pumpkin-v2/341"
status = "OPTIMAL"
num_solutions = 2
wall_clock_time = 269.96
cpu_time = 260.46
failures = "152764"
propagations = "9304168"
solveTime = "261.434868036"
nodes = "162331"
peakDepth = "932"
restarts = "20"
nogoods = "152764"
AverageLbd = "50.51309208975937"
AverageLearnedNogoodLength = "103.78905370375219"
AverageConflictSize = "74.3005878348302"
NumUnitNogoodsLearned = "207"

[[solution_objectives]]
nodes = 155061
restarts = 20
peakDepth = 878
solveTime = 253.115214455
failures = 146685
propagations = 9116506
nogoods = 146685
AverageConflictSize = 75.04573064730545
NumUnitNogoodsLearned = 207
AverageLearnedNogoodLength = 104.64666462146778
AverageLbd = 51.07878106145823
value = 224
time = 259.88

[[solution_objectives]]
nodes = 162331
restarts = 20
peakDepth = 932
solveTime = 261.434857274
failures = 152764
propagations = 9304168
nogoods = 152764
AverageConflictSize = 74.3005878348302
NumUnitNogoodsLearned = 207
AverageLearnedNogoodLength = 103.78905370375219
AverageLbd = 50.51309208975937
value = 208
time = 268.19
