instance = "pumpkin-v1/random/n50_p010/instance_n50_p0.100_0010.fzn"
directory = "experiments/20260612-11.47.15.104167-pumpkin-v1/155"
status = "OPTIMAL"
num_solutions = 4
wall_clock_time = 11.09
cpu_time = 0.16999999999999998
failures = "266"
propagations = "18422"
solveTime = "0.058385498"
nodes = "2848"
peakDepth = "262"
restarts = "0"
nogoods = "266"
AverageLbd = "5.815789473684211"
AverageLearnedNogoodLength = "8.289473684210526"
AverageConflictSize = "6.845864661654136"
NumUnitNogoodsLearned = "10"
circuitNumberPropagationsThatFoundConflict = "52"
circuitNumberTotalFixedEdgesAtConflict = "2370"
circuitNumberNumberOfConflicts = "52"
circuitNumberPropagationsThatPruned = "136"
circuitNumberPropagationsTotal = "7990"
allDifferentNumberTotalHallSetSize = "7584"
allDifferentNumberNumberOfConflicts = "1004"
allDifferentNumberMaxHallSetSize = "235"
allDifferentNumberPropagationsTotal = "11021"
allDifferentNumberPropagationsThatFoundConflict = "1004"

[[solution_objectives]]
nodes = 1560
restarts = 0
peakDepth = 262
solveTime = 0.033924658
failures = 145
propagations = 11112
nogoods = 145
AverageConflictSize = 5.337931034482758
NumUnitNogoodsLearned = 9
AverageLearnedNogoodLength = 6.3517241379310345
AverageLbd = 5.2827586206896555
value = 1031
time = 9.58

[[solution_objectives]]
nodes = 2082
restarts = 0
peakDepth = 262
solveTime = 0.043413051
failures = 180
propagations = 14093
nogoods = 180
AverageConflictSize = 5.911111111111111
NumUnitNogoodsLearned = 9
AverageLearnedNogoodLength = 6.688888888888889
AverageLbd = 5.366666666666666
value = 991
time = 9.58

[[solution_objectives]]
nodes = 2411
restarts = 0
peakDepth = 262
solveTime = 0.049437825
failures = 219
propagations = 15850
nogoods = 219
AverageConflictSize = 6.570776255707763
NumUnitNogoodsLearned = 9
AverageLearnedNogoodLength = 7.584474885844749
AverageLbd = 5.662100456621005
value = 975
time = 9.58

[[solution_objectives]]
nodes = 2848
restarts = 0
peakDepth = 262
solveTime = 0.058221229
failures = 265
propagations = 18382
nogoods = 265
AverageConflictSize = 6.845283018867924
NumUnitNogoodsLearned = 9
AverageLearnedNogoodLength = 8.316981132075473
AverageLbd = 5.833962264150943
value = 958
time = 9.58
