instance,directory,status,num_solutions,wall_clock_time,cpu_time,failures,propagations,solveTime,nodes,peakDepth,restarts,nogoods,AverageLbd,AverageLearnedNogoodLength,AverageConflictSize,NumUnitNogoodsLearned,circuitNumberPropagationsThatFoundConflict,circuitNumberTotalFixedEdgesAtConflict,circuitNumberNumberOfConflicts,circuitNumberPropagationsThatPruned,circuitNumberPropagationsTotal,allDifferentNumberPropagationsTotal,allDifferentNumberPropagationsThatFoundConflict,allDifferentNumberPropagationsThatPruned,allDifferentNumberTotalValuesPruned,allDifferentNumberTotalHallSetSizeConflict,allDifferentNumberNumberOfConflicts,allDifferentNumberMaxHallSetSizeConflict,allDifferentNumberTotalPruningHallSetSize,allDifferentNumberNumberOfPruningExplanations,allDifferentNumberMaxPruningHallSetSize,allDifferentNumberTotalFixedEdgesAtConflict,allDifferentNumberTotalVarsInvolvedInPruning,allDifferentNumberMaxValuesPrunedFromSingleVar,allDifferentNumberTotalSccSizeAtPruning,allDifferentNumberNumberOfSccPruningCalls,type,best_sol
pumpkin-v2/random/n150_p015/instance_n150_p0.150_0000.fzn,experiments/20260612-11.49.51.744794-pumpkin-v2/15,OPTIMAL,148,5.8,5.45,231,1187062,4.480222722,315664,3393,0,231,62.294372294372295,131.42857142857142,49.722943722943725,1,9294,1358769,9294,31743,1362876,2695613,2675,1359877,14371078,6694,2675,886,37357056,14371078,15426,393976,13863138,2162,8944445,1359877,minimize,3394
pumpkin-v2/random/n150_p015/instance_n150_p0.150_0014.fzn,experiments/20260612-11.49.51.744794-pumpkin-v2/7,OPTIMAL,75,3.46,2.51,62,549943,2.031557363,192474,3259,0,62,72.56451612903226,102.53225806451613,60.29032258064516,1,1647,242499,1647,6242,369298,732304,410,367944,4092637,1012,410,300,7696782,4092637,5801,60518,3998180,777,1350893,367944,minimize,3259
pumpkin-v2/random/n150_p015/instance_n150_p0.150_0013.fzn,experiments/20260612-11.49.51.744794-pumpkin-v2/10,OPTIMAL,145,7.24,6.53,166,1146642,5.25047152,320513,3343,0,166,73.59638554216868,125.98795180722891,67.3012048192771,1,8238,1216052,8238,28810,1339116,2646643,2138,1336966,13924564,5831,2138,975,38763012,13924564,14231,313697,13346271,1910,7747235,1336966,minimize,3343
pumpkin-v2/random/n150_p015/instance_n150_p0.150_0017.fzn,experiments/20260612-11.49.51.744794-pumpkin-v2/9,OPTIMAL,143,7.28,6.43,216,1127785,5.171854348,319921,3301,0,216,59.583333333333336,124.48148148148148,50.93518518518518,1,7550,1100515,7550,32388,1235664,2439246,2160,1231882,14131156,9070,2160,979,42559969,14131156,12608,314583,13482161,2083,8219343,1231882,minimize,3301
pumpkin-v2/random/n150_p015/instance_n150_p0.150_0002.fzn,experiments/20260612-11.49.51.744794-pumpkin-v2/11,OPTIMAL,119,5.82,5.19,130,917293,4.153627478,271377,3350,0,130,65.12307692307692,99.3076923076923,55.39230769230769,1,6329,930242,6329,19582,905538,1788901,1505,901909,9494315,5487,1505,1224,19436925,9494315,9039,218170,9155017,1318,4042173,901909,minimize,3352
pumpkin-v2/random/n150_p015/instance_n150_p0.150_0009.fzn,experiments/20260612-11.49.51.744794-pumpkin-v2/19,OPTIMAL,119,5.77,5.56,137,919149,4.553057658,268890,3310,0,137,75.75912408759125,115.22627737226277,59.62043795620438,1,6641,970142,6641,16501,917937,1819000,1560,915740,10015954,3530,1560,472,20659522,10015954,8890,232027,9736149,1113,4290435,915740,minimize,3281
pumpkin-v2/random/n150_p015/instance_n150_p0.150_0010.fzn,experiments/20260612-11.49.51.744794-pumpkin-v2/14,OPTIMAL,143,5.37,5.050000000000001,233,1125269,4.215089013,300920,3383,0,233,64.30042918454936,122.23175965665236,50.42918454935622,1,13177,1914811,13177,39796,1220170,2391721,3834,1216764,13825262,9545,3834,1015,42599230,13825262,13927,564633,13193952,1778,9081297,1216764,minimize,3383
pumpkin-v2/random/n150_p015/instance_n150_p0.150_0011.fzn,experiments/20260612-11.49.51.744794-pumpkin-v2/17,OPTIMAL,149,7.4,7.069999999999999,246,1196664,5.752758886,311690,3406,0,246,61.170731707317074,119.76422764227642,47.40650406504065,1,14483,2099375,14483,35464,1357034,2671581,2815,1354043,14474772,9974,2815,2410,41007473,14474772,13243,405263,13803504,1818,10507575,1354043,minimize,3407
pumpkin-v2/random/n150_p015/instance_n150_p0.150_0006.fzn,experiments/20260612-11.49.51.744794-pumpkin-v2/20,OPTIMAL,173,8.17,7.8100000000000005,260,1374666,6.35943339,347519,3349,0,260,58.7,103.61923076923077,48.761538461538464,1,17924,2592136,17924,50251,1814620,3575024,3828,1808593,19455983,9811,3828,1093,49215724,19455983,14467,562775,18649114,2060,8360391,1808593,minimize,3350
pumpkin-v2/random/n150_p015/instance_n150_p0.150_0003.fzn,experiments/20260612-11.49.51.744794-pumpkin-v2/12,OPTIMAL,188,8.41,7.880000000000001,278,1477647,6.397880618,368701,3293,0,278,59.406474820143885,141.5107913669065,48.697841726618705,1,16186,2356934,16186,47211,2172222,4293297,4416,2166699,22141763,14953,4416,2216,66388694,22141763,18947,644709,21218026,2340,16493055,2166699,minimize,3295
pumpkin-v2/random/n150_p015/instance_n150_p0.150_0005.fzn,experiments/20260612-11.49.51.744794-pumpkin-v2/18,OPTIMAL,174,8.47,8.200000000000001,331,1417062,6.692199701,345593,3349,0,331,57.903323262839876,153.62235649546827,46.00604229607251,1,21574,3098300,21574,53401,1833221,3601207,4019,1828104,20074564,12760,4019,1651,74023599,20074564,18725,581543,18929027,2235,14423289,1828104,minimize,3349
pumpkin-v2/random/n150_p015/instance_n150_p0.150_0015.fzn,experiments/20260612-11.49.51.744794-pumpkin-v2/4,OPTIMAL,134,10.42,5.89,114,1047692,4.718874914,295787,3395,0,114,73.3859649122807,116.04385964912281,69.47368421052632,1,6627,982433,6627,21472,1120682,2214563,1094,1117606,12105358,2617,1094,645,33263421,12105358,13389,161901,11664701,1490,7492979,1117606,minimize,3395
pumpkin-v2/random/n150_p015/instance_n150_p0.150_0012.fzn,experiments/20260612-11.49.51.744794-pumpkin-v2/13,OPTIMAL,184,6.7,6.38,289,1474335,5.360136895,357430,3294,0,289,49.97231833910035,133.21453287197232,44.43944636678201,1,18959,2720787,18959,60678,1956601,3842408,4014,1949417,22147054,13401,4014,1674,88527559,22147054,21328,577736,20733600,2763,15214384,1949417,minimize,3294
pumpkin-v2/random/n150_p015/instance_n150_p0.150_0016.fzn,experiments/20260612-11.49.51.744794-pumpkin-v2/3,OPTIMAL,198,12.97,8.209999999999999,313,1612587,6.682771095,348941,3240,0,313,53.61661341853035,150.61980830670927,48.17891373801917,1,20459,2963692,20459,64896,2385004,4691538,3780,2379036,23114123,13348,3780,3041,67688510,23114123,17636,549053,22118737,2620,14386614,2379036,minimize,3240
pumpkin-v2/random/n150_p015/instance_n150_p0.150_0008.fzn,experiments/20260612-11.49.51.744794-pumpkin-v2/6,OPTIMAL,191,7.75,6.79,193,1548761,5.662384886,378887,3450,0,193,62.02590673575129,125.65284974093264,52.32124352331606,1,13678,2000815,13678,47743,2230706,4412596,2553,2224058,23381266,5757,2553,603,61327116,23381266,15420,374970,22371229,2105,10870515,2224058,minimize,3450
pumpkin-v2/random/n150_p015/instance_n150_p0.150_0004.fzn,experiments/20260612-11.49.51.744794-pumpkin-v2/16,OPTIMAL,140,5.47,5.140000000000001,111,1091985,4.216753452,311019,3355,0,111,64.58558558558559,105.71171171171171,48.585585585585584,1,6170,901395,6170,25554,1207221,2385462,1361,1203148,13361287,3324,1361,656,38705404,13361287,12718,201799,12745213,1793,7230593,1203148,minimize,3356
pumpkin-v2/random/n150_p015/instance_n150_p0.150_0001.fzn,experiments/20260612-11.49.51.744794-pumpkin-v2/8,OPTIMAL,155,5.97,5.02,263,1221757,4.20829165,302330,3221,0,263,64.78326996197718,141.1977186311787,56.58555133079848,1,14318,2091205,14318,36038,1428460,2816973,3603,1425968,15088492,11400,3603,1437,52988508,15088492,17532,521304,14224968,2412,10685580,1425968,minimize,3205
pumpkin-v2/random/n150_p015/instance_n150_p0.150_0007.fzn,experiments/20260612-11.49.51.744794-pumpkin-v2/5,OPTIMAL,194,7.94,6.859999999999999,385,1583904,5.718956936,330393,3302,0,385,57.506493506493506,147.23116883116884,42.47792207792208,1,24117,3481391,24117,78220,2286397,4489449,8070,2280071,21379599,22449,8070,1703,57108235,21379599,17060,1177042,20503266,2432,14906494,2280071,minimize,3235
pumpkin-v2/random/n50_p015/instance_n50_p0.150_0015.fzn,experiments/20260612-11.49.51.744794-pumpkin-v2/21,OPTIMAL,15,6.14,0.14,31,20999,0.03950834,5173,433,0,31,17.548387096774192,56.54838709677419,25.35483870967742,1,122,6008,122,287,4263,8179,28,4223,25490,81,28,39,113186,25490,658,1239,22005,106,33463,4223,minimize,433
pumpkin-v2/random/n150_p015/instance_n150_p0.150_0018.fzn,experiments/20260612-11.49.51.744794-pumpkin-v2/1,OPTIMAL,127,10.61,6.08,166,979654,4.795998833,283109,3325,0,166,65.34939759036145,137.49397590361446,50.734939759036145,1,7636,1110219,7636,23152,1002595,1978574,1016,1000010,10844154,2852,1016,687,30816202,10844154,13836,147762,10409086,1468,6611438,1000010,minimize,3326
pumpkin-v2/random/n150_p015/instance_n150_p0.150_0019.fzn,experiments/20260612-11.49.51.744794-pumpkin-v2/2,OPTIMAL,134,10.68,6.260000000000001,123,1022078,4.911290618,292187,3289,0,123,64.9349593495935,111.82926829268293,49.146341463414636,1,5248,769635,5248,22615,1096750,2168682,1970,1092905,12023506,5074,1970,665,31024342,12023506,10037,289762,11556071,1421,5640089,1092905,minimize,3274
pumpkin-v2/random/n50_p015/instance_n50_p0.150_0011.fzn,experiments/20260612-11.49.51.744794-pumpkin-v2/22,OPTIMAL,2,6.11,0.11000000000000001,1,3176,0.005324819,879,443,0,1,1,1,2,1,0,0,0,8,147,276,1,141,901,50,1,50,5928,901,134,0,713,18,1724,141,minimize,443
pumpkin-v2/random/n50_p015/instance_n50_p0.150_0003.fzn,experiments/20260612-11.49.51.744794-pumpkin-v2/23,OPTIMAL,17,6.1,0.16999999999999998,24,21877,0.049567502,6467,459,0,24,16.541666666666668,42.791666666666664,17.5,1,97,4756,97,298,4644,8907,56,4566,35434,127,56,31,128277,35434,615,2685,30476,116,39235,4566,minimize,460
pumpkin-v2/random/n50_p015/instance_n50_p0.150_0006.fzn,experiments/20260612-11.49.51.744794-pumpkin-v2/26,OPTIMAL,2,6.1,0.1,1,3345,0.004753656,862,439,0,1,1,1,2,1,0,0,0,13,150,279,0,144,1013,0,0,0,3283,1013,120,0,908,15,843,144,minimize,439
pumpkin-v2/random/n50_p015/instance_n50_p0.150_0014.fzn,experiments/20260612-11.49.51.744794-pumpkin-v2/24,OPTIMAL,2,6.12,0.08,3,3065,0.003760119,838,432,0,3,15.333333333333334,37.666666666666664,18.666666666666668,0,5,238,5,13,131,252,3,126,1088,15,3,15,4934,1088,147,126,828,21,1514,126,minimize,434
pumpkin-v2/random/n50_p015/instance_n50_p0.150_0009.fzn,experiments/20260612-11.49.51.744794-pumpkin-v2/25,OPTIMAL,7,6.08,0.11000000000000001,4,8621,0.012790517,2685,438,0,4,15.25,30.75,21,1,10,500,10,75,891,1722,2,894,7145,4,2,4,33025,7145,328,98,5950,56,10483,894,minimize,438
pumpkin-v2/random/n50_p015/instance_n50_p0.150_0018.fzn,experiments/20260612-11.49.51.744794-pumpkin-v2/27,OPTIMAL,24,6.09,0.18,32,29450,0.051003096,7612,425,0,32,18.4375,45.65625,12.1875,1,214,10287,214,981,9303,17611,194,9139,52196,607,194,174,332730,52196,1225,8917,43092,225,125951,9139,minimize,425
pumpkin-v2/random/n50_p015/instance_n50_p0.150_0004.fzn,experiments/20260612-11.49.51.744794-pumpkin-v2/28,OPTIMAL,30,6.13,0.24000000000000002,25,38544,0.08519944,10184,446,0,25,16.88,42.2,12.68,1,150,7209,150,1261,14552,27737,155,14333,91226,355,155,107,387713,91226,1301,7409,79026,253,118880,14333,minimize,447
pumpkin-v2/random/n50_p015/instance_n50_p0.150_0008.fzn,experiments/20260612-11.49.51.744794-pumpkin-v2/32,OPTIMAL,19,6.72,0.17,8,23724,0.036404296,6868,463,0,8,15.625,32.875,20,1,79,3626,79,368,5621,10804,11,5495,40687,67,11,65,264851,40687,874,492,32446,167,77224,5495,minimize,463
pumpkin-v2/random/n50_p015/instance_n50_p0.150_0019.fzn,experiments/20260612-11.49.51.744794-pumpkin-v2/29,OPTIMAL,12,6.82,0.12,37,15982,0.031818917,4522,438,0,37,17.027027027027028,39.86486486486486,20.7027027027027,1,177,8396,177,244,2906,5564,64,2875,19435,219,64,66,69923,19435,637,2927,16162,91,19399,2875,minimize,438
pumpkin-v2/random/n50_p015/instance_n50_p0.150_0016.fzn,experiments/20260612-11.49.51.744794-pumpkin-v2/34,OPTIMAL,20,6.85,0.13,14,23104,0.037524154,7059,421,0,14,14.285714285714286,33.142857142857146,13.571428571428571,1,90,3881,90,623,6030,11458,26,5939,39457,98,26,74,279890,39457,859,1230,31194,188,56082,5939,minimize,421
pumpkin-v2/random/n50_p015/instance_n50_p0.150_0000.fzn,experiments/20260612-11.49.51.744794-pumpkin-v2/35,OPTIMAL,20,6.54,0.14,14,26567,0.041749557,8295,488,0,14,20.357142857142858,40.42857142857143,19.785714285714285,1,131,6223,131,598,7128,13540,34,7044,47448,68,34,38,224229,47448,1001,1606,41321,168,89746,7044,minimize,489
pumpkin-v2/random/n50_p015/instance_n50_p0.150_0012.fzn,experiments/20260612-11.49.51.744794-pumpkin-v2/31,OPTIMAL,16,6.78,0.17,40,20715,0.050582878,6074,447,0,40,14.775,42.625,12.575,1,262,11130,262,463,4285,7960,12,4193,35194,162,12,45,229081,35194,604,429,26066,133,42511,4193,minimize,448
pumpkin-v2/random/n50_p015/instance_n50_p0.150_0010.fzn,experiments/20260612-11.49.51.744794-pumpkin-v2/36,OPTIMAL,23,6.64,0.21000000000000002,15,27693,0.058499132,7765,426,0,15,13.8,36.86666666666667,22.2,1,141,6531,141,541,7908,14981,8,7771,54560,69,8,66,239408,54560,1073,334,44185,205,61495,7771,minimize,428
pumpkin-v2/random/n50_p015/instance_n50_p0.150_0005.fzn,experiments/20260612-11.49.51.744794-pumpkin-v2/33,OPTIMAL,26,6.51,0.16999999999999998,13,32107,0.046843993,8283,432,0,13,11.846153846153847,36.69230769230769,13.461538461538462,1,97,4395,97,819,9672,18303,38,9567,66362,118,38,58,515498,66362,1323,1727,51882,270,131376,9567,minimize,432
pumpkin-v2/random/n50_p015/instance_n50_p0.150_0017.fzn,experiments/20260612-11.49.51.744794-pumpkin-v2/30,OPTIMAL,3,6.8,0.11000000000000001,0,4589,0.006849413,1311,456,0,0,0,0,0,0,0,0,0,7,270,532,0,267,1766,0,0,0,6559,1766,196,0,1560,24,2251,267,minimize,456
pumpkin-v2/random/n50_p015/instance_n50_p0.150_0007.fzn,experiments/20260612-11.49.51.744794-pumpkin-v2/40,OPTIMAL,28,0.41,0.16,51,36720,0.073465824,9697,446,0,51,17.725490196078432,44.86274509803921,19.54901960784314,1,606,28454,606,1310,13050,24684,136,12859,85816,430,136,130,591157,85816,1334,6388,67156,198,173674,12859,minimize,446
pumpkin-v2/random/n50_p015/instance_n50_p0.150_0001.fzn,experiments/20260612-11.49.51.744794-pumpkin-v2/39,OPTIMAL,24,0.47,0.2,11,29210,0.07579894,8483,456,0,11,16.727272727272727,31.363636363636363,20.727272727272727,1,112,5502,112,603,8452,16168,84,8336,55369,232,84,109,612868,55369,1225,3867,39888,275,126150,8336,minimize,457
pumpkin-v2/random/n50_p015/instance_n50_p0.150_0013.fzn,experiments/20260612-11.49.51.744794-pumpkin-v2/38,OPTIMAL,27,0.31,0.19,28,31691,0.07689337,8769,406,0,28,15.035714285714286,36,15.75,1,338,15610,338,839,11188,21387,61,11022,70874,236,61,161,659530,70874,1348,2744,51639,216,175983,11022,minimize,406
pumpkin-v2/random/n150_p005/instance_n150_p0.050_0000.fzn,experiments/20260612-11.49.51.744794-pumpkin-v2/41,UNSATISFIABLE,0,0.2,0.05,1,2,0,0,0,0,1,0,0,0,0,"","","","","","","","","","","","","","","","","","","","",satisfy,
pumpkin-v2/random/n150_p005/instance_n150_p0.050_0013.fzn,experiments/20260612-11.49.51.744794-pumpkin-v2/49,UNSATISFIABLE,0,0.92,0.07,1,2,0,0,0,0,1,0,0,0,0,"","","","","","","","","","","","","","","","","","","","",satisfy,
pumpkin-v2/random/n150_p005/instance_n150_p0.050_0008.fzn,experiments/20260612-11.49.51.744794-pumpkin-v2/58,OPTIMAL,57,3.09,1.61,76,181337,1.297433401,55758,1174,0,76,48.56578947368421,105.26315789473684,49.5921052631579,1,1655,243717,1655,5760,127484,248664,602,127058,1007339,1371,602,188,10785195,1007339,8584,88224,877201,503,3211624,127058,minimize,1173
pumpkin-v2/random/n150_p005/instance_n150_p0.050_0003.fzn,experiments/20260612-11.49.51.744794-pumpkin-v2/50,OPTIMAL,42,2.16,1.29,76,136369,1.028129058,44203,1213,0,76,47.026315789473685,94.75,48.078947368421055,1,1413,204453,1413,3591,77062,148325,302,76738,588252,779,302,152,6929506,588252,6383,43823,512681,406,2223690,76738,minimize,1213
pumpkin-v2/random/n50_p015/instance_n50_p0.150_0002.fzn,experiments/20260612-11.49.51.744794-pumpkin-v2/37,OPTIMAL,11,0.3,0.1,19,13139,0.026823306,3860,411,0,19,15.421052631578947,29.526315789473685,13.526315789473685,1,92,4311,92,214,2244,4275,45,2227,13853,147,45,78,85892,13853,588,2064,11215,108,26256,2227,minimize,412
pumpkin-v2/random/n150_p005/instance_n150_p0.050_0019.fzn,experiments/20260612-11.49.51.744794-pumpkin-v2/51,OPTIMAL,37,2.35,1.6,109,119889,1.224570571,40124,1205,0,109,50.10091743119266,94.97247706422019,38.53211009174312,1,1963,279728,1963,3319,61118,116330,296,60644,473839,720,296,139,5096692,473839,5662,43287,410275,304,1774887,60644,minimize,1206
pumpkin-v2/random/n150_p005/instance_n150_p0.050_0014.fzn,experiments/20260612-11.49.51.744794-pumpkin-v2/56,OPTIMAL,14,1.9,0.49,16,44390,0.333137354,15537,1178,0,16,53.375,85.4375,53,1,97,14047,97,348,9983,19470,32,9910,68653,64,32,22,851389,68653,2235,4696,59560,135,265798,9910,minimize,1178
pumpkin-v2/random/n150_p005/instance_n150_p0.050_0002.fzn,experiments/20260612-11.49.51.744794-pumpkin-v2/44,OPTIMAL,26,1.14,0.99,23,84174,0.699637024,29252,1215,0,23,40.43478260869565,72.91304347826087,38.52173913043478,1,216,31339,216,979,29809,58427,43,29660,224072,99,43,51,2356624,224072,4023,6279,193656,202,673908,29660,minimize,1214
pumpkin-v2/random/n150_p005/instance_n150_p0.050_0010.fzn,experiments/20260612-11.49.51.744794-pumpkin-v2/60,OPTIMAL,27,2.0,0.8500000000000001,78,88938,0.692193249,30056,1205,0,78,43.82051282051282,88.21794871794872,36.01282051282051,0,840,120805,840,1532,33298,64823,218,33243,277197,968,218,260,2670531,277197,4172,30388,237430,232,741951,33243,minimize,1207
pumpkin-v2/random/n150_p005/instance_n150_p0.050_0017.fzn,experiments/20260612-11.49.51.744794-pumpkin-v2/55,OPTIMAL,37,2.67,1.31,58,120817,0.95378112,38171,1208,0,58,47.775862068965516,95.29310344827586,49.39655172413793,1,806,118736,806,3216,60150,116052,343,59968,437430,1171,343,363,4195498,437430,5662,50150,380913,307,1563994,59968,minimize,1212
pumpkin-v2/random/n150_p005/instance_n150_p0.050_0007.fzn,experiments/20260612-11.49.51.744794-pumpkin-v2/42,OPTIMAL,27,1.1,0.8400000000000001,94,92347,0.666979784,29799,1238,0,94,53.04255319148936,110.02127659574468,53.638297872340424,1,1052,155575,1052,1565,33657,65353,167,33628,256137,637,167,303,3094558,256137,3990,24153,223337,224,954841,33628,minimize,1238
pumpkin-v2/random/n150_p005/instance_n150_p0.050_0012.fzn,experiments/20260612-11.49.51.744794-pumpkin-v2/54,OPTIMAL,23,2.25,0.89,41,76866,0.643534208,26557,1267,0,41,54.853658536585364,93.2439024390244,51.609756097560975,1,494,72414,494,945,25846,50509,76,25713,186404,377,76,237,1285820,186404,3576,11060,166008,312,465555,25713,minimize,1267
pumpkin-v2/random/n150_p005/instance_n150_p0.050_0015.fzn,experiments/20260612-11.49.51.744794-pumpkin-v2/47,OPTIMAL,31,1.88,1.01,39,104499,0.728844578,34126,1290,0,39,42.38461538461539,81.8974358974359,51.717948717948715,1,557,81701,557,1650,45547,88648,46,45254,305766,236,46,188,2015836,305766,4736,6599,279534,268,535058,45254,minimize,1290
pumpkin-v2/random/n150_p005/instance_n150_p0.050_0011.fzn,experiments/20260612-11.49.51.744794-pumpkin-v2/48,OPTIMAL,15,1.3,0.52,16,49675,0.352966984,17519,1247,0,16,49.5,84.6875,40.8125,1,84,12292,84,389,10815,21163,37,10762,86828,227,37,180,1000691,86828,2368,5332,75691,154,284374,10762,minimize,1247
pumpkin-v2/random/n150_p005/instance_n150_p0.050_0006.fzn,experiments/20260612-11.49.51.744794-pumpkin-v2/43,OPTIMAL,16,0.67,0.49,11,52699,0.345570344,17731,1193,0,11,51.81818181818182,94.72727272727273,80.9090909090909,0,93,13617,93,420,11837,23039,0,11725,90678,0,0,0,1218143,90678,2533,0,76296,166,372912,11725,minimize,1194
pumpkin-v2/random/n150_p005/instance_n150_p0.050_0018.fzn,experiments/20260612-11.49.51.744794-pumpkin-v2/45,OPTIMAL,42,2.44,1.58,189,143634,1.3427763289999999,43830,1223,0,189,42.597883597883595,94.39682539682539,33.2962962962963,1,4018,569319,4018,7231,79973,149337,1170,79870,724469,5832,1170,833,11938231,724469,6347,164850,565283,460,2485384,79870,minimize,1191
pumpkin-v2/random/n150_p005/instance_n150_p0.050_0001.fzn,experiments/20260612-11.49.51.744794-pumpkin-v2/59,OPTIMAL,35,2.81,1.51,82,118888,1.188039276,37776,1238,0,82,45.51219512195122,80.8780487804878,42.97560975609756,1,1283,187639,1283,3319,57574,110971,112,57379,439079,432,112,266,7125605,439079,5255,16402,365675,432,1944453,57379,minimize,1238
pumpkin-v2/random/n150_p005/instance_n150_p0.050_0004.fzn,experiments/20260612-11.49.51.744794-pumpkin-v2/53,OPTIMAL,43,2.71,1.22,36,134917,0.981989098,42948,1182,0,36,52.80555555555556,101.52777777777777,36.361111111111114,1,416,61407,416,2986,80490,157715,371,80272,557265,927,371,272,7120399,557265,6556,54833,489186,490,1994743,80272,minimize,1185
pumpkin-v2/random/n150_p005/instance_n150_p0.050_0009.fzn,experiments/20260612-11.49.51.744794-pumpkin-v2/52,OPTIMAL,24,1.57,0.62,27,74890,0.488839077,25718,1148,0,27,42,82.44444444444444,39.55555555555556,1,282,40165,282,920,25189,48977,34,25081,197243,88,34,62,3289030,197243,3668,4865,164131,232,932984,25081,minimize,1149
pumpkin-v2/random/n150_p005/instance_n150_p0.050_0005.fzn,experiments/20260612-11.49.51.744794-pumpkin-v2/57,OPTIMAL,22,2.24,0.81,48,77163,0.602906316,26682,1322,0,48,46.645833333333336,83.375,47.208333333333336,1,600,87555,600,1675,24894,47690,130,24782,189865,647,130,326,2274857,189865,3295,18145,161402,253,503285,24782,minimize,1331
pumpkin-v2/random/n20_p005/instance_n20_p0.050_0001.fzn,experiments/20260612-11.49.51.744794-pumpkin-v2/72,UNSATISFIABLE,0,0.2,0.05,1,2,0,0,0,0,1,0,0,0,0,"","","","","","","","","","","","","","","","","","","","",satisfy,
pumpkin-v2/random/n150_p005/instance_n150_p0.050_0016.fzn,experiments/20260612-11.49.51.744794-pumpkin-v2/46,OPTIMAL,69,3.45,2.58,118,228771,2.07236842,71052,1266,0,118,46.889830508474574,109.70338983050847,58.94915254237288,1,2612,387953,2612,10665,201893,390339,1052,200748,1468653,3108,1052,848,18629528,1468653,10088,154113,1269458,777,5103827,200748,minimize,1267
pumpkin-v2/random/n20_p005/instance_n20_p0.050_0003.fzn,experiments/20260612-11.49.51.744794-pumpkin-v2/74,UNSATISFIABLE,0,0.22,0.05,1,2,0,0,0,0,1,0,0,0,0,"","","","","","","","","","","","","","","","","","","","",satisfy,
pumpkin-v2/random/n20_p005/instance_n20_p0.050_0019.fzn,experiments/20260612-11.49.51.744794-pumpkin-v2/66,UNSATISFIABLE,0,4.01,0.06,1,2,0,0,0,0,1,0,0,0,0,"","","","","","","","","","","","","","","","","","","","",satisfy,
pumpkin-v2/random/n20_p005/instance_n20_p0.050_0014.fzn,experiments/20260612-11.49.51.744794-pumpkin-v2/71,UNSATISFIABLE,0,0.19,0.07,1,2,0,0,0,0,1,0,0,0,0,"","","","","","","","","","","","","","","","","","","","",satisfy,
pumpkin-v2/random/n20_p005/instance_n20_p0.050_0010.fzn,experiments/20260612-11.49.51.744794-pumpkin-v2/63,UNSATISFIABLE,0,4.0,0.08,1,2,0,0,0,0,1,0,0,0,0,"","","","","","","","","","","","","","","","","","","","",satisfy,
pumpkin-v2/random/n20_p005/instance_n20_p0.050_0012.fzn,experiments/20260612-11.49.51.744794-pumpkin-v2/80,UNSATISFIABLE,0,4.66,0.07,1,2,0,0,0,0,1,0,0,0,0,"","","","","","","","","","","","","","","","","","","","",satisfy,
pumpkin-v2/random/n20_p005/instance_n20_p0.050_0005.fzn,experiments/20260612-11.49.51.744794-pumpkin-v2/78,UNSATISFIABLE,0,4.64,0.08,1,2,0,0,0,0,1,0,0,0,0,"","","","","","","","","","","","","","","","","","","","",satisfy,
pumpkin-v2/random/n20_p005/instance_n20_p0.050_0000.fzn,experiments/20260612-11.49.51.744794-pumpkin-v2/64,UNSATISFIABLE,0,4.01,0.06,1,2,0,0,0,0,1,0,0,0,0,"","","","","","","","","","","","","","","","","","","","",satisfy,
pumpkin-v2/random/n20_p005/instance_n20_p0.050_0013.fzn,experiments/20260612-11.49.51.744794-pumpkin-v2/62,UNSATISFIABLE,0,4.01,0.07,1,2,0,0,0,0,1,0,0,0,0,"","","","","","","","","","","","","","","","","","","","",satisfy,
pumpkin-v2/random/n20_p005/instance_n20_p0.050_0007.fzn,experiments/20260612-11.49.51.744794-pumpkin-v2/77,UNSATISFIABLE,0,4.73,0.06,1,2,0,0,0,0,1,0,0,0,0,"","","","","","","","","","","","","","","","","","","","",satisfy,
pumpkin-v2/random/n20_p005/instance_n20_p0.050_0008.fzn,experiments/20260612-11.49.51.744794-pumpkin-v2/68,UNSATISFIABLE,0,4.03,0.05,1,2,0,0,0,0,1,0,0,0,0,"","","","","","","","","","","","","","","","","","","","",satisfy,
pumpkin-v2/random/n20_p005/instance_n20_p0.050_0011.fzn,experiments/20260612-11.49.51.744794-pumpkin-v2/75,UNSATISFIABLE,0,0.21,0.07,1,2,0,0,0,0,1,0,0,0,0,"","","","","","","","","","","","","","","","","","","","",satisfy,
pumpkin-v2/random/n20_p005/instance_n20_p0.050_0018.fzn,experiments/20260612-11.49.51.744794-pumpkin-v2/65,UNSATISFIABLE,0,3.92,0.07,1,2,0,0,0,0,1,0,0,0,0,"","","","","","","","","","","","","","","","","","","","",satisfy,
pumpkin-v2/random/n20_p005/instance_n20_p0.050_0009.fzn,experiments/20260612-11.49.51.744794-pumpkin-v2/76,UNSATISFIABLE,0,0.21,0.04,1,2,0,0,0,0,1,0,0,0,0,"","","","","","","","","","","","","","","","","","","","",satisfy,
pumpkin-v2/random/n20_p005/instance_n20_p0.050_0017.fzn,experiments/20260612-11.49.51.744794-pumpkin-v2/67,UNSATISFIABLE,0,3.93,0.08,1,2,0,0,0,0,1,0,0,0,0,"","","","","","","","","","","","","","","","","","","","",satisfy,
pumpkin-v2/random/n20_p005/instance_n20_p0.050_0002.fzn,experiments/20260612-11.49.51.744794-pumpkin-v2/61,UNSATISFIABLE,0,4.0,0.06,1,2,0,0,0,0,1,0,0,0,0,"","","","","","","","","","","","","","","","","","","","",satisfy,
pumpkin-v2/random/n20_p005/instance_n20_p0.050_0015.fzn,experiments/20260612-11.49.51.744794-pumpkin-v2/69,UNSATISFIABLE,0,0.2,0.05,1,2,0,0,0,0,1,0,0,0,0,"","","","","","","","","","","","","","","","","","","","",satisfy,
pumpkin-v2/random/n20_p005/instance_n20_p0.050_0004.fzn,experiments/20260612-11.49.51.744794-pumpkin-v2/73,UNSATISFIABLE,0,0.23,0.05,1,2,0,0,0,0,1,0,0,0,0,"","","","","","","","","","","","","","","","","","","","",satisfy,
pumpkin-v2/random/n20_p005/instance_n20_p0.050_0016.fzn,experiments/20260612-11.49.51.744794-pumpkin-v2/70,UNSATISFIABLE,0,0.21,0.07,1,2,0,0,0,0,1,0,0,0,0,"","","","","","","","","","","","","","","","","","","","",satisfy,
pumpkin-v2/random/n20_p005/instance_n20_p0.050_0006.fzn,experiments/20260612-11.49.51.744794-pumpkin-v2/79,UNSATISFIABLE,0,4.35,0.08,1,2,0,0,0,0,1,0,0,0,0,"","","","","","","","","","","","","","","","","","","","",satisfy,
pumpkin-v2/random/n100_p005/instance_n100_p0.050_0007.fzn,experiments/20260612-11.49.51.744794-pumpkin-v2/92,UNSATISFIABLE,0,0.56,0.1,1,2,0,0,0,0,1,0,0,0,0,"","","","","",1,1,0,0,97,1,97,0,0,0,5,0,0,0,0,minimize,
pumpkin-v2/random/n100_p005/instance_n100_p0.050_0018.fzn,experiments/20260612-11.49.51.744794-pumpkin-v2/88,UNSATISFIABLE,0,0.49,0.05,1,2,0,0,0,0,1,0,0,0,0,"","","","","","","","","","","","","","","","","","","","",satisfy,
pumpkin-v2/random/n100_p005/instance_n100_p0.050_0017.fzn,experiments/20260612-11.49.51.744794-pumpkin-v2/86,OPTIMAL,2,0.45,0.11,0,4375,0.014164401,1128,571,0,0,0,0,0,0,0,0,0,13,218,420,0,218,1446,0,0,0,21104,1446,288,0,1182,27,6796,218,minimize,571
pumpkin-v2/random/n100_p005/instance_n100_p0.050_0019.fzn,experiments/20260612-11.49.51.744794-pumpkin-v2/100,UNSATISFIABLE,0,8.84,0.09,1,2,0,0,0,0,1,0,0,0,0,"","","","","","","","","","","","","","","","","","","","",satisfy,
pumpkin-v2/random/n100_p005/instance_n100_p0.050_0012.fzn,experiments/20260612-11.49.51.744794-pumpkin-v2/96,UNSATISFIABLE,0,8.83,0.09,1,2,0,0,0,0,1,0,0,0,0,"","","","","","","","","","","","","","","","","","","","",satisfy,
pumpkin-v2/random/n100_p005/instance_n100_p0.050_0005.fzn,experiments/20260612-11.49.51.744794-pumpkin-v2/81,OPTIMAL,13,4.74,0.22,7,22352,0.170588515,7059,596,0,7,19.428571428571427,41.285714285714285,25.142857142857142,1,31,2914,31,331,4531,8650,10,4483,29020,120,10,120,486028,29020,1358,810,22277,98,139782,4483,minimize,585
pumpkin-v2/random/n100_p005/instance_n100_p0.050_0006.fzn,experiments/20260612-11.49.51.744794-pumpkin-v2/95,OPTIMAL,23,9.23,0.36,41,41296,0.188973809,12256,601,0,41,23.682926829268293,54.34146341463415,22.634146341463413,1,559,52131,559,929,12168,22932,40,11994,101670,101,40,63,1334188,101670,2376,3867,78873,192,353301,11994,minimize,602
pumpkin-v2/random/n100_p005/instance_n100_p0.050_0011.fzn,experiments/20260612-11.49.51.744794-pumpkin-v2/82,UNSATISFIABLE,0,4.71,0.08,1,2,0,0,0,0,1,0,0,0,0,"","","","","",1,1,0,0,94,1,94,0,0,0,3,0,0,0,0,minimize,
pumpkin-v2/random/n100_p005/instance_n100_p0.050_0000.fzn,experiments/20260612-11.49.51.744794-pumpkin-v2/85,OPTIMAL,6,0.7,0.13,6,10871,0.044570213,3277,578,0,6,24.833333333333332,28,44,0,33,3234,33,93,1197,2233,0,1170,7281,0,0,0,132226,7281,679,0,5622,63,37308,1170,minimize,582
pumpkin-v2/random/n100_p005/instance_n100_p0.050_0013.fzn,experiments/20260612-11.49.51.744794-pumpkin-v2/83,UNSATISFIABLE,0,4.4,0.08,1,2,0,0,0,0,1,0,0,0,0,"","","","","","","","","","","","","","","","","","","","",satisfy,
pumpkin-v2/random/n100_p005/instance_n100_p0.050_0004.fzn,experiments/20260612-11.49.51.744794-pumpkin-v2/87,UNSATISFIABLE,0,0.43,0.07,1,2,0,0,0,0,1,0,0,0,0,"","","","","","","","","","","","","","","","","","","","",satisfy,
pumpkin-v2/random/n100_p005/instance_n100_p0.050_0015.fzn,experiments/20260612-11.49.51.744794-pumpkin-v2/97,UNSATISFIABLE,0,8.97,0.06,1,2,0,0,0,0,1,0,0,0,0,"","","","","","","","","","","","","","","","","","","","",satisfy,
pumpkin-v2/random/n100_p005/instance_n100_p0.050_0001.fzn,experiments/20260612-11.49.51.744794-pumpkin-v2/98,UNSATISFIABLE,0,9.07,0.09,1,2,0,0,0,0,1,0,0,0,0,"","","","","",1,1,0,0,96,1,96,0,0,0,4,0,0,0,0,minimize,
pumpkin-v2/random/n100_p005/instance_n100_p0.050_0003.fzn,experiments/20260612-11.49.51.744794-pumpkin-v2/91,UNSATISFIABLE,0,0.4,0.1,1,2,0,0,0,0,1,0,0,0,0,"","","","","",1,1,0,0,99,1,99,0,0,0,2,0,0,0,0,minimize,
pumpkin-v2/random/n100_p005/instance_n100_p0.050_0009.fzn,experiments/20260612-11.49.51.744794-pumpkin-v2/94,UNSATISFIABLE,0,9.01,0.11,1,2,0,0,0,0,1,0,0,0,0,"","","","","",1,1,0,0,91,1,91,0,0,0,4,0,0,0,0,minimize,
pumpkin-v2/random/n100_p005/instance_n100_p0.050_0002.fzn,experiments/20260612-11.49.51.744794-pumpkin-v2/93,UNSATISFIABLE,0,9.03,0.09,1,2,0,0,0,0,1,0,0,0,0,"","","","","",1,1,0,0,98,1,98,0,0,0,2,0,0,0,0,minimize,
pumpkin-v2/random/n100_p005/instance_n100_p0.050_0014.fzn,experiments/20260612-11.49.51.744794-pumpkin-v2/89,UNSATISFIABLE,0,0.44,0.08,1,2,0,0,0,0,1,0,0,0,0,"","","","","",1,1,0,0,95,1,95,0,0,0,3,0,0,0,0,minimize,
pumpkin-v2/random/n100_p005/instance_n100_p0.050_0016.fzn,experiments/20260612-11.49.51.744794-pumpkin-v2/99,UNSATISFIABLE,0,8.88,0.09,1,2,0,0,0,0,1,0,0,0,0,"","","","","","","","","","","","","","","","","","","","",satisfy,
pumpkin-v2/random/n100_p005/instance_n100_p0.050_0010.fzn,experiments/20260612-11.49.51.744794-pumpkin-v2/84,UNSATISFIABLE,0,4.64,0.09,1,2,0,0,0,0,1,0,0,0,0,"","","","","","","","","","","","","","","","","","","","",satisfy,
pumpkin-v2/random/n100_p015/instance_n100_p0.150_0018.fzn,experiments/20260612-11.49.51.744794-pumpkin-v2/108,OPTIMAL,41,1.32,1.1500000000000001,58,164422,0.71919783,54047,1669,0,58,61.310344827586206,84.06896551724138,47.86206896551724,1,838,82304,838,2130,73204,144401,354,72908,601841,806,354,166,1397728,601841,2253,34922,570266,291,321467,72908,minimize,1603
pumpkin-v2/random/n100_p015/instance_n100_p0.150_0010.fzn,experiments/20260612-11.49.51.744794-pumpkin-v2/107,OPTIMAL,70,1.92,1.74,81,275637,1.157837755,84601,1584,0,81,43.77777777777778,69.38271604938272,30.679012345679013,1,2384,231880,2384,6171,202213,398150,708,201176,1666356,1974,708,358,3310426,1666356,3724,68157,1599140,520,694766,201176,minimize,1584
pumpkin-v2/random/n100_p015/instance_n100_p0.150_0006.fzn,experiments/20260612-11.49.51.744794-pumpkin-v2/105,OPTIMAL,67,1.39,1.2,103,278825,0.851672836,72972,1622,0,103,38.83495145631068,81.87378640776699,35.349514563106794,1,2086,202952,2086,7029,175079,342884,560,174058,1416202,1299,560,259,4640010,1416202,4555,54232,1324137,748,1342629,174058,minimize,1622
pumpkin-v2/random/n100_p015/instance_n100_p0.150_0012.fzn,experiments/20260612-11.49.51.744794-pumpkin-v2/117,OPTIMAL,35,11.24,0.6699999999999999,28,136792,0.432613244,46578,1600,0,28,38.107142857142854,64.14285714285714,30.142857142857142,1,481,45894,481,1254,50926,100626,41,50740,449738,82,41,42,1136984,449738,1622,3944,420547,340,263353,50740,minimize,1602
pumpkin-v2/random/n100_p015/instance_n100_p0.150_0004.fzn,experiments/20260612-11.49.51.744794-pumpkin-v2/113,OPTIMAL,89,1.84,1.61,119,370818,1.195215141,91785,1626,0,119,33.470588235294116,81.89075630252101,27.319327731092436,1,3554,340897,3554,9873,288210,565994,804,286455,2639196,2841,804,679,13007671,2639196,7235,76261,2374610,1045,3100739,286455,minimize,1628
pumpkin-v2/random/n100_p005/instance_n100_p0.050_0008.fzn,experiments/20260612-11.49.51.744794-pumpkin-v2/90,UNSATISFIABLE,0,0.58,0.08,1,2,0,0,0,0,1,0,0,0,0,"","","","","",1,1,0,0,99,1,99,0,0,0,1,0,0,0,0,minimize,
pumpkin-v2/random/n100_p015/instance_n100_p0.150_0013.fzn,experiments/20260612-11.49.51.744794-pumpkin-v2/109,OPTIMAL,74,1.43,1.23,78,301779,0.900844925,75701,1610,0,78,41.243589743589745,82.24358974358974,33.46153846153846,1,2616,252595,2616,8216,207993,407382,378,207029,1672100,1799,378,1098,4958487,1672100,4745,36130,1561963,586,1342780,207029,minimize,1614
pumpkin-v2/random/n100_p015/instance_n100_p0.150_0001.fzn,experiments/20260612-11.49.51.744794-pumpkin-v2/120,OPTIMAL,51,11.72,0.9600000000000001,81,201968,0.660421283,63036,1603,0,81,46.06172839506173,78.19753086419753,35.54320987654321,1,1468,142886,1468,4411,109897,214660,432,109353,907620,928,432,154,2102773,907620,2808,42480,866915,368,533484,109353,minimize,1603
pumpkin-v2/random/n100_p015/instance_n100_p0.150_0007.fzn,experiments/20260612-11.49.51.744794-pumpkin-v2/110,OPTIMAL,58,1.38,1.21,62,223035,0.837475746,70438,1553,0,62,41.66129032258065,74.06451612903226,32.70967741935484,1,1310,125162,1310,4596,128168,251325,364,127418,1161093,902,364,203,4202574,1161093,4314,35509,1067793,499,1046434,127418,minimize,1553
pumpkin-v2/random/n100_p015/instance_n100_p0.150_0011.fzn,experiments/20260612-11.49.51.744794-pumpkin-v2/111,OPTIMAL,81,1.88,1.56,60,313326,1.039204409,80055,1555,0,60,34.55,76.1,39.45,1,1802,176973,1802,8694,223963,436952,262,222517,2038122,944,262,571,9847569,2038122,6108,24825,1819860,1038,1889913,222517,minimize,1555
pumpkin-v2/random/n100_p015/instance_n100_p0.150_0019.fzn,experiments/20260612-11.49.51.744794-pumpkin-v2/118,OPTIMAL,35,11.74,0.8,44,136565,0.491939285,43374,1586,0,44,41.75,68.31818181818181,33.59090909090909,1,547,53510,547,1528,49956,98402,223,49702,436232,706,223,320,1145035,436232,2116,21522,408766,305,304156,49702,minimize,1586
pumpkin-v2/random/n100_p015/instance_n100_p0.150_0002.fzn,experiments/20260612-11.49.51.744794-pumpkin-v2/112,OPTIMAL,96,1.81,1.6400000000000001,85,395898,1.190833298,95628,1612,0,85,37.27058823529412,92.94117647058823,40.976470588235294,1,2588,251924,2588,12736,335188,654555,383,332478,2793905,1470,383,714,10264407,2793905,6751,34786,2575833,1014,2759151,332478,minimize,1613
pumpkin-v2/random/n100_p015/instance_n100_p0.150_0003.fzn,experiments/20260612-11.49.51.744794-pumpkin-v2/104,OPTIMAL,82,1.61,1.44,128,332539,1.040875051,87100,1589,0,128,40.34375,85.6015625,31.5859375,1,3518,337528,3518,10431,256490,501817,1308,255074,2155363,3327,1308,440,7668431,2155363,5838,126788,1980490,836,1741347,255074,minimize,1591
pumpkin-v2/random/n100_p015/instance_n100_p0.150_0017.fzn,experiments/20260612-11.49.51.744794-pumpkin-v2/116,OPTIMAL,66,1.97,1.78,95,265919,1.161558341,77239,1576,0,95,47.85263157894737,82.30526315789474,40.32631578947368,1,2175,213281,2175,5691,171847,337214,427,170880,1497147,1104,427,274,4009137,1497147,4632,41857,1416581,575,937809,170880,minimize,1577
pumpkin-v2/random/n100_p015/instance_n100_p0.150_0016.fzn,experiments/20260612-11.49.51.744794-pumpkin-v2/101,OPTIMAL,79,1.53,1.31,56,316656,0.950755878,85848,1604,0,56,39.464285714285715,80,34.517857142857146,1,1729,164524,1729,8682,233293,457358,244,231809,2024767,660,244,222,7953852,2024767,4997,23905,1845779,975,1643214,231809,minimize,1604
pumpkin-v2/random/n100_p015/instance_n100_p0.150_0009.fzn,experiments/20260612-11.49.51.744794-pumpkin-v2/102,OPTIMAL,81,1.98,1.76,141,339730,1.235242011,86708,1639,0,141,43.652482269503544,90.38297872340425,36.09929078014184,1,4825,461949,4825,8941,248085,485415,638,247489,2295852,1580,638,361,6901261,2295852,5434,62318,2137266,700,1608865,247489,minimize,1631
pumpkin-v2/random/n100_p015/instance_n100_p0.150_0000.fzn,experiments/20260612-11.49.51.744794-pumpkin-v2/106,OPTIMAL,65,1.29,1.08,53,256804,0.762391331,73433,1624,0,53,39.35849056603774,77.79245283018868,31.566037735849058,1,1116,108985,1116,5802,159868,313635,325,158630,1359483,906,325,250,3858809,1359483,3884,31025,1274642,766,876329,158630,minimize,1624
pumpkin-v2/random/n100_p015/instance_n100_p0.150_0008.fzn,experiments/20260612-11.49.51.744794-pumpkin-v2/103,OPTIMAL,87,1.98,1.8,116,361899,1.236429141,97982,1697,0,116,42.008620689655174,75.87931034482759,36.827586206896555,1,4673,455510,4673,10148,295016,574671,527,293539,2535347,1562,527,525,10955124,2535347,7213,50692,2325160,1117,2960537,293539,minimize,1698
pumpkin-v2/random/n100_p015/instance_n100_p0.150_0015.fzn,experiments/20260612-11.49.51.744794-pumpkin-v2/114,OPTIMAL,72,1.47,1.28,106,294716,0.932001531,81469,1634,0,106,40.81132075471698,99.47169811320755,35.5,1,"","","","","","","","","","","","","","","","","","","","",minimize,1630
pumpkin-v2/random/n100_p015/instance_n100_p0.150_0014.fzn,experiments/20260612-11.49.51.744794-pumpkin-v2/119,OPTIMAL,75,12.01,1.57,86,315021,1.030056013,82314,1673,0,86,35.383720930232556,83.48837209302326,32.36046511627907,1,1849,178116,1849,7822,217039,425104,177,215698,1838806,580,177,165,7412459,1838806,5728,16612,1691478,952,1696519,215698,minimize,1674
pumpkin-v2/random/n50_p005/instance_n50_p0.050_0008.fzn,experiments/20260612-11.49.51.744794-pumpkin-v2/122,UNSATISFIABLE,0,10.84,0.09,1,2,0,0,0,0,1,0,0,0,0,"","","","","","","","","","","","","","","","","","","","",satisfy,
pumpkin-v2/random/n100_p015/instance_n100_p0.150_0005.fzn,experiments/20260612-11.49.51.744794-pumpkin-v2/115,OPTIMAL,88,2.34,2.15,80,344595,1.451934515,96389,1587,0,80,41.025,72.4625,37.2125,1,3572,347058,3572,10987,268072,523518,639,266466,2590492,1959,639,604,11054571,2590492,6875,62307,2340397,1015,2791911,266466,minimize,1550
pumpkin-v2/random/n50_p005/instance_n50_p0.050_0006.fzn,experiments/20260612-11.49.51.744794-pumpkin-v2/124,UNSATISFIABLE,0,11.46,0.07,1,2,0,0,0,0,1,0,0,0,0,"","","","","","","","","","","","","","","","","","","","",satisfy,
pumpkin-v2/random/n50_p005/instance_n50_p0.050_0014.fzn,experiments/20260612-11.49.51.744794-pumpkin-v2/121,UNSATISFIABLE,0,11.54,0.09,1,2,0,0,0,0,1,0,0,0,0,"","","","","","","","","","","","","","","","","","","","",satisfy,
pumpkin-v2/random/n50_p005/instance_n50_p0.050_0017.fzn,experiments/20260612-11.49.51.744794-pumpkin-v2/123,UNSATISFIABLE,0,11.53,0.07,1,2,0,0,0,0,1,0,0,0,0,"","","","","","","","","","","","","","","","","","","","",satisfy,
pumpkin-v2/random/n50_p005/instance_n50_p0.050_0003.fzn,experiments/20260612-11.49.51.744794-pumpkin-v2/125,UNSATISFIABLE,0,4.04,0.06,1,2,0,0,0,0,1,0,0,0,0,"","","","","","","","","","","","","","","","","","","","",satisfy,
pumpkin-v2/random/n50_p005/instance_n50_p0.050_0001.fzn,experiments/20260612-11.49.51.744794-pumpkin-v2/126,UNSATISFIABLE,0,3.87,0.07,1,2,0,0,0,0,1,0,0,0,0,"","","","","","","","","","","","","","","","","","","","",satisfy,
pumpkin-v2/random/n50_p005/instance_n50_p0.050_0012.fzn,experiments/20260612-11.49.51.744794-pumpkin-v2/130,UNSATISFIABLE,0,2.92,0.06,1,2,0,0,0,0,1,0,0,0,0,"","","","","","","","","","","","","","","","","","","","",satisfy,
pumpkin-v2/random/n50_p005/instance_n50_p0.050_0002.fzn,experiments/20260612-11.49.51.744794-pumpkin-v2/127,UNSATISFIABLE,0,3.85,0.07,1,2,0,0,0,0,1,0,0,0,0,"","","","","","","","","","","","","","","","","","","","",satisfy,
pumpkin-v2/random/n50_p005/instance_n50_p0.050_0019.fzn,experiments/20260612-11.49.51.744794-pumpkin-v2/128,UNSATISFIABLE,0,3.99,0.06,1,2,0,0,0,0,1,0,0,0,0,"","","","","","","","","","","","","","","","","","","","",satisfy,
pumpkin-v2/random/n50_p005/instance_n50_p0.050_0010.fzn,experiments/20260612-11.49.51.744794-pumpkin-v2/129,UNSATISFIABLE,0,3.62,0.07,1,2,0,0,0,0,1,0,0,0,0,"","","","","","","","","","","","","","","","","","","","",satisfy,
pumpkin-v2/random/n50_p005/instance_n50_p0.050_0000.fzn,experiments/20260612-11.49.51.744794-pumpkin-v2/132,UNSATISFIABLE,0,4.04,0.06,1,2,0,0,0,0,1,0,0,0,0,"","","","","","","","","","","","","","","","","","","","",satisfy,
pumpkin-v2/random/n50_p005/instance_n50_p0.050_0013.fzn,experiments/20260612-11.49.51.744794-pumpkin-v2/133,UNSATISFIABLE,0,3.9,0.05,1,2,0,0,0,0,1,0,0,0,0,"","","","","","","","","","","","","","","","","","","","",satisfy,
pumpkin-v2/random/n50_p005/instance_n50_p0.050_0009.fzn,experiments/20260612-11.49.51.744794-pumpkin-v2/136,UNSATISFIABLE,0,3.85,0.06,1,2,0,0,0,0,1,0,0,0,0,"","","","","","","","","","","","","","","","","","","","",satisfy,
pumpkin-v2/random/n50_p005/instance_n50_p0.050_0011.fzn,experiments/20260612-11.49.51.744794-pumpkin-v2/135,UNSATISFIABLE,0,3.78,0.07,1,2,0,0,0,0,1,0,0,0,0,"","","","","","","","","","","","","","","","","","","","",satisfy,
pumpkin-v2/random/n50_p005/instance_n50_p0.050_0005.fzn,experiments/20260612-11.49.51.744794-pumpkin-v2/134,UNSATISFIABLE,0,3.65,0.08,1,2,0,0,0,0,1,0,0,0,0,"","","","","","","","","","","","","","","","","","","","",satisfy,
pumpkin-v2/random/n50_p005/instance_n50_p0.050_0015.fzn,experiments/20260612-11.49.51.744794-pumpkin-v2/131,UNSATISFIABLE,0,2.57,0.06,1,2,0,0,0,0,1,0,0,0,0,"","","","","","","","","","","","","","","","","","","","",satisfy,
pumpkin-v2/random/n50_p005/instance_n50_p0.050_0004.fzn,experiments/20260612-11.49.51.744794-pumpkin-v2/138,UNSATISFIABLE,0,3.66,0.09,1,2,0,0,0,0,1,0,0,0,0,"","","","","","","","","","","","","","","","","","","","",satisfy,
pumpkin-v2/random/n50_p005/instance_n50_p0.050_0016.fzn,experiments/20260612-11.49.51.744794-pumpkin-v2/137,UNSATISFIABLE,0,3.23,0.08,1,2,0,0,0,0,1,0,0,0,0,"","","","","","","","","","","","","","","","","","","","",satisfy,
pumpkin-v2/random/n50_p005/instance_n50_p0.050_0007.fzn,experiments/20260612-11.49.51.744794-pumpkin-v2/139,UNSATISFIABLE,0,3.52,0.08,1,2,0,0,0,0,1,0,0,0,0,"","","","","","","","","","","","","","","","","","","","",satisfy,
pumpkin-v2/random/n50_p005/instance_n50_p0.050_0018.fzn,experiments/20260612-11.49.51.744794-pumpkin-v2/140,UNSATISFIABLE,0,3.75,0.06,1,2,0,0,0,0,1,0,0,0,0,"","","","","","","","","","","","","","","","","","","","",satisfy,
pumpkin-v2/random/n50_p010/instance_n50_p0.100_0010.fzn,experiments/20260612-11.49.51.744794-pumpkin-v2/157,OPTIMAL,4,2.61,0.07,4,3672,0.004998632,1004,253,0,4,8.5,18,9.5,1,5,236,5,39,255,473,4,255,1732,49,4,47,20416,1732,240,154,1216,50,4378,255,minimize,253
pumpkin-v2/random/n50_p010/instance_n50_p0.100_0011.fzn,experiments/20260612-11.49.51.744794-pumpkin-v2/151,OPTIMAL,3,0.23,0.08,3,3129,0.007112416,866,299,0,3,12.333333333333334,17.666666666666668,14,0,8,390,8,18,217,405,0,211,1245,0,0,0,12023,1245,192,0,926,28,3226,211,minimize,280
pumpkin-v2/random/n50_p010/instance_n50_p0.100_0004.fzn,experiments/20260612-11.49.51.744794-pumpkin-v2/142,OPTIMAL,1,0.21,0.07,0,1417,0.001736211,275,275,0,0,0,0,0,0,0,0,0,6,40,72,0,38,274,0,0,0,2424,274,96,0,210,14,482,38,minimize,275
pumpkin-v2/random/n50_p010/instance_n50_p0.100_0012.fzn,experiments/20260612-11.49.51.744794-pumpkin-v2/152,OPTIMAL,6,0.24,0.07,1,5624,0.008256297,1672,296,0,1,15,25,2,0,0,0,0,90,490,882,5,481,3761,10,5,10,27033,3761,329,245,2968,59,7754,481,minimize,296
pumpkin-v2/random/n50_p010/instance_n50_p0.100_0003.fzn,experiments/20260612-11.49.51.744794-pumpkin-v2/145,UNSATISFIABLE,0,0.38,0.06,1,2,0,0,0,0,1,0,0,0,0,"","","","","","","","","","","","","","","","","","","","",satisfy,
pumpkin-v2/random/n50_p010/instance_n50_p0.100_0018.fzn,experiments/20260612-11.49.51.744794-pumpkin-v2/149,OPTIMAL,8,0.22,0.07,13,7782,0.012870404,1959,278,0,13,10.461538461538462,25.923076923076923,13.461538461538462,1,74,3383,74,128,951,1715,9,934,7324,63,9,61,57411,7324,432,399,5515,54,15685,934,minimize,270
pumpkin-v2/random/n50_p010/instance_n50_p0.100_0007.fzn,experiments/20260612-11.49.51.744794-pumpkin-v2/146,OPTIMAL,12,0.22,0.09000000000000001,3,10224,0.019275504,3234,300,0,3,13,35.333333333333336,20.333333333333332,0,14,700,14,145,1484,2775,11,1463,12235,22,11,22,96489,12235,585,539,8935,117,17698,1463,minimize,279
pumpkin-v2/random/n50_p010/instance_n50_p0.100_0019.fzn,experiments/20260612-11.49.51.744794-pumpkin-v2/147,OPTIMAL,7,0.22,0.08,4,6774,0.013792919,1916,311,0,4,9.75,25.5,11.75,1,6,280,6,129,662,1215,9,641,5079,63,9,61,58182,5079,384,396,3521,72,16990,641,minimize,308
pumpkin-v2/random/n50_p010/instance_n50_p0.100_0017.fzn,experiments/20260612-11.49.51.744794-pumpkin-v2/159,UNSATISFIABLE,0,2.52,0.06,1,2,0,0,0,0,1,0,0,0,0,"","","","","",1,1,0,0,45,1,45,0,0,0,1,0,0,0,0,minimize,
pumpkin-v2/random/n50_p010/instance_n50_p0.100_0014.fzn,experiments/20260612-11.49.51.744794-pumpkin-v2/144,OPTIMAL,7,0.27,0.08,11,7568,0.014633565,2124,324,0,11,17.363636363636363,27.272727272727273,10.909090909090908,1,29,1403,29,116,1105,2071,30,1097,5955,115,30,70,19175,5955,244,1392,5302,56,5600,1097,minimize,327
pumpkin-v2/random/n50_p010/instance_n50_p0.100_0000.fzn,experiments/20260612-11.49.51.744794-pumpkin-v2/160,OPTIMAL,6,2.53,0.12,8,5140,0.01510846,1501,260,0,8,10.625,17.875,15.625,1,30,1455,30,75,588,1064,0,579,3531,0,0,0,24859,3531,343,0,2722,40,9234,579,minimize,252
pumpkin-v2/random/n50_p010/instance_n50_p0.100_0001.fzn,experiments/20260612-11.49.51.744794-pumpkin-v2/141,UNSATISFIABLE,0,0.18,0.04,1,2,0,0,0,0,1,0,0,0,0,"","","","","","","","","","","","","","","","","","","","",satisfy,
pumpkin-v2/random/n50_p010/instance_n50_p0.100_0002.fzn,experiments/20260612-11.49.51.744794-pumpkin-v2/150,OPTIMAL,3,0.21,0.09,1,3204,0.004679573,903,311,0,1,11,30,3,0,0,0,0,25,188,343,3,181,1198,9,3,9,12530,1198,184,135,861,60,2136,181,minimize,299
pumpkin-v2/random/n50_p010/instance_n50_p0.100_0005.fzn,experiments/20260612-11.49.51.744794-pumpkin-v2/154,OPTIMAL,5,0.21,0.09,7,5354,0.011579324,1489,315,0,7,8.714285714285714,13.428571428571429,7.571428571428571,1,36,1392,36,56,563,1061,1,554,3785,46,1,46,15662,3785,294,5,3270,26,7746,554,minimize,340
pumpkin-v2/random/n50_p010/instance_n50_p0.100_0013.fzn,experiments/20260612-11.49.51.744794-pumpkin-v2/156,OPTIMAL,13,0.32,0.1,17,12443,0.027149534,3654,311,0,17,12.058823529411764,32.470588235294116,18.294117647058822,1,82,3967,82,313,2533,4674,34,2504,16823,121,34,76,116707,16823,632,1553,12584,104,24274,2504,minimize,313
pumpkin-v2/random/n50_p010/instance_n50_p0.100_0006.fzn,experiments/20260612-11.49.51.744794-pumpkin-v2/153,OPTIMAL,6,0.23,0.1,6,5154,0.010843127,1429,250,0,6,4.166666666666667,18,7,1,9,359,9,89,385,670,3,377,3165,45,3,43,20381,3165,336,101,2292,56,4396,377,minimize,250
pumpkin-v2/random/n50_p010/instance_n50_p0.100_0016.fzn,experiments/20260612-11.49.51.744794-pumpkin-v2/155,OPTIMAL,15,0.29,0.13,15,14101,0.033268858,3596,293,0,15,10.866666666666667,30.733333333333334,12.666666666666666,1,115,5386,115,323,2883,5227,13,2795,19524,39,13,39,168328,19524,744,533,14906,88,46783,2795,minimize,292
pumpkin-v2/random/n50_p010/instance_n50_p0.100_0008.fzn,experiments/20260612-11.49.51.744794-pumpkin-v2/148,UNSATISFIABLE,0,0.19,0.05,1,2,0,0,0,0,1,0,0,0,0,"","","","","","","","","","","","","","","","","","","","",satisfy,
pumpkin-v2/random/n50_p010/instance_n50_p0.100_0009.fzn,experiments/20260612-11.49.51.744794-pumpkin-v2/158,UNSATISFIABLE,0,2.55,0.08,1,2,0,0,0,0,1,0,0,0,0,"","","","","",1,1,0,0,49,1,49,0,0,0,2,0,0,0,0,minimize,
pumpkin-v2/random/n150_p010/instance_n150_p0.100_0006.fzn,experiments/20260612-11.49.51.744794-pumpkin-v2/161,OPTIMAL,113,6.96,4.430000000000001,129,644321,3.761144443,180038,2325,0,129,59.82945736434109,108.13953488372093,54.992248062015506,1,5137,752694,5137,16865,714648,1409787,988,712486,6343181,2184,988,376,28151518,6343181,11643,146197,5909479,1301,6604912,712486,minimize,2324
pumpkin-v2/random/n150_p010/instance_n150_p0.100_0009.fzn,experiments/20260612-11.49.51.744794-pumpkin-v2/162,OPTIMAL,76,5.08,3.1,78,420825,2.583377885,139223,2312,0,78,67.73076923076923,105.83333333333333,57.205128205128204,1,2228,324333,2228,6834,346874,686657,573,345675,3026678,2378,573,805,10022445,3026678,7035,81366,2887442,769,2553728,345675,minimize,2312
pumpkin-v2/random/n50_p010/instance_n50_p0.100_0015.fzn,experiments/20260612-11.49.51.744794-pumpkin-v2/143,OPTIMAL,5,0.21,0.1,5,4268,0.009905633,1231,253,0,5,6.8,12.6,5.2,1,8,344,8,62,321,581,9,321,2546,54,9,48,37271,2546,276,402,1678,54,7626,321,minimize,245
pumpkin-v2/random/n150_p010/instance_n150_p0.100_0001.fzn,experiments/20260612-11.49.51.744794-pumpkin-v2/163,OPTIMAL,130,8.37,6.0,146,729726,4.831934634,208130,2312,0,146,55.45890410958904,109.55479452054794,38.986301369863014,1,7418,1074703,7418,24740,919390,1807322,2046,915304,8217444,5985,2046,1322,54132069,8217444,16576,298771,7491270,1492,11771549,915304,minimize,2312
pumpkin-v2/random/n150_p010/instance_n150_p0.100_0013.fzn,experiments/20260612-11.49.51.744794-pumpkin-v2/164,OPTIMAL,98,6.71,4.6000000000000005,163,547372,3.694142393,159420,2273,0,163,65.55828220858896,119.57055214723927,41.43558282208589,1,4554,667431,4554,16138,552702,1090104,2440,551406,4740662,6237,2440,590,17764600,4740662,11268,355710,4488121,1312,4703192,551406,minimize,2274
pumpkin-v2/random/n150_p010/instance_n150_p0.100_0000.fzn,experiments/20260612-11.49.51.744794-pumpkin-v2/165,OPTIMAL,93,3.14,2.9,119,522831,2.348625908,156110,2296,0,119,61.529411764705884,110.4453781512605,48.016806722689076,1,3617,530315,3617,13071,499689,984994,942,498302,4175703,2004,942,196,12137685,4175703,8657,138500,3989489,792,2793654,498302,minimize,2297
pumpkin-v2/random/n150_p010/instance_n150_p0.100_0014.fzn,experiments/20260612-11.49.51.744794-pumpkin-v2/166,OPTIMAL,83,3.98,3.6799999999999997,73,473050,2.812526507,154012,2385,0,73,67.89041095890411,106.84931506849315,53,1,2329,337874,2329,11220,399747,786013,688,398976,3883326,2126,688,460,14223382,3883326,8879,99992,3670260,1053,2746853,398976,minimize,2368
pumpkin-v2/random/n150_p010/instance_n150_p0.100_0018.fzn,experiments/20260612-11.49.51.744794-pumpkin-v2/168,OPTIMAL,83,4.61,4.31,160,470023,3.405688771,150946,2367,0,160,64.36875,110.85,54.1,1,4682,688607,4682,11248,399168,784831,1380,397958,3820568,5721,1380,919,16902540,3820568,9072,200911,3545123,1188,3320504,397958,minimize,2368
pumpkin-v2/random/n150_p010/instance_n150_p0.100_0005.fzn,experiments/20260612-11.49.51.744794-pumpkin-v2/170,OPTIMAL,85,3.7,3.4,166,459079,2.852007033,155862,2226,0,166,60.37951807228916,107.47590361445783,45.024096385542165,1,4179,612467,4179,11105,408288,804468,1381,407025,3791285,3749,1381,541,15320230,3791285,8793,201876,3536306,1012,3416745,407025,minimize,2204
pumpkin-v2/random/n150_p010/instance_n150_p0.100_0015.fzn,experiments/20260612-11.49.51.744794-pumpkin-v2/167,OPTIMAL,127,5.01,4.8100000000000005,238,739105,3.920005145,215037,2407,0,238,57.41596638655462,107.78571428571429,42.424369747899156,1,9437,1369442,9437,25436,924111,1820143,2828,921447,8034285,8215,2828,1164,35059449,8034285,13928,411982,7539633,1288,9322537,921447,minimize,2412
pumpkin-v2/random/n150_p010/instance_n150_p0.100_0010.fzn,experiments/20260612-11.49.51.744794-pumpkin-v2/169,OPTIMAL,105,4.54,4.09,195,594514,3.428421873,168360,2278,0,195,59.794871794871796,123.1076923076923,52.343589743589746,1,6735,991492,6735,16953,625352,1231432,1329,623331,5278058,3652,1329,697,30049424,5278058,13594,193644,4896026,1197,7214344,623331,minimize,2248
pumpkin-v2/random/n150_p010/instance_n150_p0.100_0011.fzn,experiments/20260612-11.49.51.744794-pumpkin-v2/172,OPTIMAL,93,4.74,4.44,142,513621,3.525756975,155296,2251,0,142,57.87323943661972,90.40845070422536,45.61971830985915,1,6719,961707,6719,18609,498026,975334,1804,496690,4323990,5467,1804,723,23122391,4323990,10746,260538,4003611,1189,6042831,496690,minimize,2219
pumpkin-v2/random/n150_p010/instance_n150_p0.100_0017.fzn,experiments/20260612-11.49.51.744794-pumpkin-v2/173,OPTIMAL,121,11.58,3.7199999999999998,262,716236,3.016844585,172403,2255,0,262,63.99236641221374,130.5229007633588,52.79770992366412,1,11863,1738212,11863,26544,821795,1610950,2599,819438,6492479,11558,2599,1367,29954359,6492479,13756,369825,6094875,1987,7325319,819438,minimize,2255
pumpkin-v2/random/n150_p010/instance_n150_p0.100_0002.fzn,experiments/20260612-11.49.51.744794-pumpkin-v2/171,OPTIMAL,59,3.3,2.8600000000000003,29,309974,2.246566898,110277,2248,0,29,67.72413793103448,104.48275862068965,54.96551724137931,1,448,66734,448,3583,206097,409230,145,205487,1863685,318,145,110,10963299,1863685,7427,21577,1732688,762,2552069,205487,minimize,2249
pumpkin-v2/random/n150_p010/instance_n150_p0.100_0016.fzn,experiments/20260612-11.49.51.744794-pumpkin-v2/174,OPTIMAL,119,11.97,4.89,178,670464,3.8001944659999998,190044,2293,0,178,60.764044943820224,109.42696629213484,45.10674157303371,1,8993,1303352,8993,26723,832195,1632716,1985,829237,6902112,5161,1985,814,32703619,6902112,14142,291751,6385700,1599,8577198,829237,minimize,2265
pumpkin-v2/random/n150_p010/instance_n150_p0.100_0007.fzn,experiments/20260612-11.49.51.744794-pumpkin-v2/175,OPTIMAL,71,9.94,2.75,100,383731,2.183554069,131983,2267,0,100,73.86,112.41,52.04,1,2728,401910,2728,9075,301070,589519,969,300498,2639892,2538,969,319,9342564,2639892,7122,140805,2499160,701,2400199,300498,minimize,2237
pumpkin-v2/random/n150_p010/instance_n150_p0.100_0019.fzn,experiments/20260612-11.49.51.744794-pumpkin-v2/178,OPTIMAL,80,10.19,3.2800000000000002,74,444017,2.698315402,141180,2327,0,74,64.37837837837837,104.3108108108108,58.689189189189186,1,1938,282079,1938,8107,359239,710112,361,358207,3310853,823,361,191,18295414,3310853,8837,53065,3063282,1049,4278028,358207,minimize,2328
pumpkin-v2/random/n150_p010/instance_n150_p0.100_0012.fzn,experiments/20260612-11.49.51.744794-pumpkin-v2/176,OPTIMAL,83,11.56,4.32,93,474423,3.300069546,159824,2409,0,93,65.6774193548387,105.81720430107526,46.24731182795699,1,2704,397738,2704,9959,413750,815758,786,412449,3812326,2558,786,427,12287229,3812326,7888,113974,3647577,886,2518705,412449,minimize,2409
pumpkin-v2/random/n150_p010/instance_n150_p0.100_0004.fzn,experiments/20260612-11.49.51.744794-pumpkin-v2/177,OPTIMAL,122,11.85,4.83,182,717584,4.047649475,198951,2399,0,182,53.80769230769231,118.15384615384616,39.1978021978022,1,7580,1081569,7580,27569,850669,1671454,1526,847635,7584789,3696,1526,667,30973278,7584789,12205,225790,7067222,1668,7280154,847635,minimize,2392
pumpkin-v2/random/n150_p010/instance_n150_p0.100_0008.fzn,experiments/20260612-11.49.51.744794-pumpkin-v2/179,OPTIMAL,78,11.24,3.73,60,433538,2.9117377920000003,140980,2276,0,60,74.18333333333334,112.88333333333334,62.11666666666667,1,2084,306447,2084,7376,363812,719614,316,362857,3180374,780,316,300,11387578,3180374,7963,46650,3007717,1201,2843490,362857,minimize,2276
pumpkin-v2/random/n20_p015/instance_n20_p0.150_0010.fzn,experiments/20260612-11.49.51.744794-pumpkin-v2/187,UNSATISFIABLE,0,0.31,0.07,1,2,0,0,0,0,1,0,0,0,0,"","","","","","","","","","","","","","","","","","","","",satisfy,
pumpkin-v2/random/n20_p015/instance_n20_p0.150_0000.fzn,experiments/20260612-11.49.51.744794-pumpkin-v2/188,UNSATISFIABLE,0,0.29,0.07,1,2,0,0,0,0,1,0,0,0,0,"","","","","",1,1,0,0,13,1,13,0,0,0,3,0,0,0,0,minimize,
pumpkin-v2/random/n150_p010/instance_n150_p0.100_0003.fzn,experiments/20260612-11.49.51.744794-pumpkin-v2/180,OPTIMAL,82,11.38,4.05,124,466819,3.20185841,143154,2263,0,124,70.79032258064517,124.7741935483871,58.41935483870968,1,3800,561817,3800,8756,381301,752026,712,380573,3620170,2508,712,673,16253679,3620170,7303,102999,3347879,811,2982341,380573,minimize,2263
pumpkin-v2/random/n20_p015/instance_n20_p0.150_0019.fzn,experiments/20260612-11.49.51.744794-pumpkin-v2/191,UNSATISFIABLE,0,0.56,0.05,1,2,0,0,0,0,1,0,0,0,0,"","","","","","","","","","","","","","","","","","","","",satisfy,
pumpkin-v2/random/n20_p015/instance_n20_p0.150_0003.fzn,experiments/20260612-11.49.51.744794-pumpkin-v2/199,UNSATISFIABLE,0,6.13,0.07,1,2,0,0,0,0,1,0,0,0,0,"","","","","","","","","","","","","","","","","","","","",satisfy,
pumpkin-v2/random/n20_p015/instance_n20_p0.150_0009.fzn,experiments/20260612-11.49.51.744794-pumpkin-v2/184,OPTIMAL,1,0.32,0.08,0,395,0.000118512,75,75,0,0,0,0,0,0,0,0,0,4,8,14,0,8,92,0,0,0,552,92,38,0,46,14,84,8,minimize,75
pumpkin-v2/random/n20_p015/instance_n20_p0.150_0015.fzn,experiments/20260612-11.49.51.744794-pumpkin-v2/181,UNSATISFIABLE,0,0.5,0.05,1,2,0,0,0,0,1,0,0,0,0,"","","","","",1,1,0,0,14,1,14,0,0,0,5,0,0,0,0,minimize,
pumpkin-v2/random/n20_p015/instance_n20_p0.150_0001.fzn,experiments/20260612-11.49.51.744794-pumpkin-v2/200,OPTIMAL,1,6.51,0.09,0,347,0.000071053,70,70,0,0,0,0,0,0,0,0,0,6,8,12,0,8,82,0,0,0,440,82,36,0,46,12,96,8,minimize,70
pumpkin-v2/random/n20_p015/instance_n20_p0.150_0016.fzn,experiments/20260612-11.49.51.744794-pumpkin-v2/185,UNSATISFIABLE,0,0.43,0.05,1,4,0,0,0,0,1,0,0,0,0,1,18,1,0,1,2,0,1,25,0,0,0,131,25,13,0,12,4,19,1,minimize,
pumpkin-v2/random/n20_p015/instance_n20_p0.150_0005.fzn,experiments/20260612-11.49.51.744794-pumpkin-v2/186,UNSATISFIABLE,0,0.43,0.06,1,2,0,0,0,0,1,0,0,0,0,"","","","","",1,1,0,0,13,1,13,0,0,0,2,0,0,0,0,minimize,
pumpkin-v2/random/n20_p015/instance_n20_p0.150_0008.fzn,experiments/20260612-11.49.51.744794-pumpkin-v2/193,UNSATISFIABLE,0,0.54,0.05,1,2,0,0,0,0,1,0,0,0,0,"","","","","","","","","","","","","","","","","","","","",satisfy,
pumpkin-v2/random/n20_p015/instance_n20_p0.150_0006.fzn,experiments/20260612-11.49.51.744794-pumpkin-v2/190,UNSATISFIABLE,0,0.56,0.07,1,2,0,0,0,0,1,0,0,0,0,"","","","","","","","","","","","","","","","","","","","",satisfy,
pumpkin-v2/random/n20_p015/instance_n20_p0.150_0002.fzn,experiments/20260612-11.49.51.744794-pumpkin-v2/192,UNSATISFIABLE,0,0.61,0.07,1,2,0,0,0,0,1,0,0,0,0,"","","","","","","","","","","","","","","","","","","","",satisfy,
pumpkin-v2/random/n20_p015/instance_n20_p0.150_0014.fzn,experiments/20260612-11.49.51.744794-pumpkin-v2/189,UNSATISFIABLE,0,0.56,0.05,1,2,0,0,0,0,1,0,0,0,0,"","","","","","","","","","","","","","","","","","","","",satisfy,
pumpkin-v2/random/n20_p015/instance_n20_p0.150_0012.fzn,experiments/20260612-11.49.51.744794-pumpkin-v2/197,UNSATISFIABLE,0,6.46,0.07,1,2,0,0,0,0,1,0,0,0,0,"","","","","",1,1,0,0,18,1,18,0,0,0,2,0,0,0,0,minimize,
pumpkin-v2/random/n20_p015/instance_n20_p0.150_0011.fzn,experiments/20260612-11.49.51.744794-pumpkin-v2/198,UNSATISFIABLE,0,6.51,0.08,1,2,0,0,0,0,1,0,0,0,0,"","","","","","","","","","","","","","","","","","","","",satisfy,
pumpkin-v2/random/n20_p015/instance_n20_p0.150_0007.fzn,experiments/20260612-11.49.51.744794-pumpkin-v2/182,UNSATISFIABLE,0,0.36,0.07,1,2,0,0,0,0,1,0,0,0,0,"","","","","","","","","","","","","","","","","","","","",satisfy,
pumpkin-v2/random/n20_p015/instance_n20_p0.150_0004.fzn,experiments/20260612-11.49.51.744794-pumpkin-v2/183,UNSATISFIABLE,0,0.5,0.05,1,2,0,0,0,0,1,0,0,0,0,"","","","","","","","","","","","","","","","","","","","",satisfy,
pumpkin-v2/random/n20_p015/instance_n20_p0.150_0013.fzn,experiments/20260612-11.49.51.744794-pumpkin-v2/194,UNSATISFIABLE,0,0.59,0.05,1,2,0,0,0,0,1,0,0,0,0,"","","","","","","","","","","","","","","","","","","","",satisfy,
pumpkin-v2/random/n20_p015/instance_n20_p0.150_0017.fzn,experiments/20260612-11.49.51.744794-pumpkin-v2/195,OPTIMAL,2,0.57,0.06,10,989,0.001981743,144,75,0,10,2.4,2.4,3.1,1,15,287,15,18,71,124,6,71,404,12,6,4,2002,404,48,114,274,12,720,71,minimize,77
pumpkin-v2/random/n20_p010/instance_n20_p0.100_0006.fzn,experiments/20260612-11.49.51.744794-pumpkin-v2/202,UNSATISFIABLE,0,6.47,0.08,1,2,0,0,0,0,1,0,0,0,0,"","","","","","","","","","","","","","","","","","","","",satisfy,
pumpkin-v2/random/n20_p010/instance_n20_p0.100_0010.fzn,experiments/20260612-11.49.51.744794-pumpkin-v2/203,UNSATISFIABLE,0,6.21,0.07,1,2,0,0,0,0,1,0,0,0,0,"","","","","","","","","","","","","","","","","","","","",satisfy,
pumpkin-v2/random/n20_p010/instance_n20_p0.100_0015.fzn,experiments/20260612-11.49.51.744794-pumpkin-v2/205,UNSATISFIABLE,0,2.86,0.05,1,2,0,0,0,0,1,0,0,0,0,"","","","","","","","","","","","","","","","","","","","",satisfy,
pumpkin-v2/random/n20_p015/instance_n20_p0.150_0018.fzn,experiments/20260612-11.49.51.744794-pumpkin-v2/196,UNSATISFIABLE,0,0.75,0.07,1,2,0,0,0,0,1,0,0,0,0,"","","","","","","","","","","","","","","","","","","","",satisfy,
pumpkin-v2/random/n20_p010/instance_n20_p0.100_0014.fzn,experiments/20260612-11.49.51.744794-pumpkin-v2/201,UNSATISFIABLE,0,6.51,0.08,1,2,0,0,0,0,1,0,0,0,0,"","","","","","","","","","","","","","","","","","","","",satisfy,
pumpkin-v2/random/n20_p010/instance_n20_p0.100_0012.fzn,experiments/20260612-11.49.51.744794-pumpkin-v2/204,UNSATISFIABLE,0,6.38,0.1,1,2,0,0,0,0,1,0,0,0,0,"","","","","","","","","","","","","","","","","","","","",satisfy,
pumpkin-v2/random/n20_p010/instance_n20_p0.100_0008.fzn,experiments/20260612-11.49.51.744794-pumpkin-v2/208,UNSATISFIABLE,0,2.88,0.08,1,2,0,0,0,0,1,0,0,0,0,"","","","","","","","","","","","","","","","","","","","",satisfy,
pumpkin-v2/random/n20_p010/instance_n20_p0.100_0007.fzn,experiments/20260612-11.49.51.744794-pumpkin-v2/210,UNSATISFIABLE,0,2.79,0.06,1,2,0,0,0,0,1,0,0,0,0,"","","","","","","","","","","","","","","","","","","","",satisfy,
pumpkin-v2/random/n20_p010/instance_n20_p0.100_0000.fzn,experiments/20260612-11.49.51.744794-pumpkin-v2/211,UNSATISFIABLE,0,2.73,0.07,1,2,0,0,0,0,1,0,0,0,0,"","","","","","","","","","","","","","","","","","","","",satisfy,
pumpkin-v2/random/n20_p010/instance_n20_p0.100_0001.fzn,experiments/20260612-11.49.51.744794-pumpkin-v2/206,UNSATISFIABLE,0,3.07,0.07,1,2,0,0,0,0,1,0,0,0,0,"","","","","","","","","","","","","","","","","","","","",satisfy,
pumpkin-v2/random/n20_p010/instance_n20_p0.100_0019.fzn,experiments/20260612-11.49.51.744794-pumpkin-v2/213,UNSATISFIABLE,0,0.2,0.04,1,2,0,0,0,0,1,0,0,0,0,"","","","","","","","","","","","","","","","","","","","",satisfy,
pumpkin-v2/random/n20_p010/instance_n20_p0.100_0017.fzn,experiments/20260612-11.49.51.744794-pumpkin-v2/207,UNSATISFIABLE,0,2.78,0.05,1,2,0,0,0,0,1,0,0,0,0,"","","","","","","","","","","","","","","","","","","","",satisfy,
pumpkin-v2/random/n20_p010/instance_n20_p0.100_0004.fzn,experiments/20260612-11.49.51.744794-pumpkin-v2/215,UNSATISFIABLE,0,0.16,0.05,1,2,0,0,0,0,1,0,0,0,0,"","","","","","","","","","","","","","","","","","","","",satisfy,
pumpkin-v2/random/n20_p010/instance_n20_p0.100_0003.fzn,experiments/20260612-11.49.51.744794-pumpkin-v2/212,UNSATISFIABLE,0,2.77,0.08,1,2,0,0,0,0,1,0,0,0,0,"","","","","","","","","","","","","","","","","","","","",satisfy,
pumpkin-v2/random/n20_p010/instance_n20_p0.100_0002.fzn,experiments/20260612-11.49.51.744794-pumpkin-v2/216,UNSATISFIABLE,0,0.16,0.07,1,2,0,0,0,0,1,0,0,0,0,"","","","","","","","","","","","","","","","","","","","",satisfy,
pumpkin-v2/random/n20_p010/instance_n20_p0.100_0011.fzn,experiments/20260612-11.49.51.744794-pumpkin-v2/218,UNSATISFIABLE,0,0.18,0.06,1,2,0,0,0,0,1,0,0,0,0,"","","","","",1,1,0,0,7,1,7,0,0,0,10,0,0,0,0,minimize,
pumpkin-v2/random/n20_p010/instance_n20_p0.100_0005.fzn,experiments/20260612-11.49.51.744794-pumpkin-v2/209,UNSATISFIABLE,0,2.66,0.07,1,2,0,0,0,0,1,0,0,0,0,"","","","","","","","","","","","","","","","","","","","",satisfy,
pumpkin-v2/random/n20_p010/instance_n20_p0.100_0018.fzn,experiments/20260612-11.49.51.744794-pumpkin-v2/220,UNSATISFIABLE,0,0.21,0.07,1,2,0,0,0,0,1,0,0,0,0,"","","","","","","","","","","","","","","","","","","","",satisfy,
pumpkin-v2/random/n20_p010/instance_n20_p0.100_0016.fzn,experiments/20260612-11.49.51.744794-pumpkin-v2/217,UNSATISFIABLE,0,0.17,0.06,1,2,0,0,0,0,1,0,0,0,0,"","","","","","","","","","","","","","","","","","","","",satisfy,
pumpkin-v2/random/n20_p010/instance_n20_p0.100_0013.fzn,experiments/20260612-11.49.51.744794-pumpkin-v2/219,UNSATISFIABLE,0,0.23,0.06,1,2,0,0,0,0,1,0,0,0,0,"","","","","","","","","","","","","","","","","","","","",satisfy,
pumpkin-v2/random/n100_p010/instance_n100_p0.100_0015.fzn,experiments/20260612-11.49.51.744794-pumpkin-v2/228,OPTIMAL,80,1.61,1.44,93,236508,1.051388929,60782,1119,0,93,33.41935483870968,78.97849462365592,30.150537634408604,1,2742,260617,2742,10316,216897,422120,689,215413,1503144,2411,689,866,7610492,1503144,6646,66500,1354405,905,2078751,215413,minimize,1109
pumpkin-v2/random/n100_p010/instance_n100_p0.100_0013.fzn,experiments/20260612-11.49.51.744794-pumpkin-v2/233,OPTIMAL,47,4.07,0.79,50,134192,0.557599166,39619,1097,0,50,36.76,74.12,33.22,1,616,59108,616,3364,72534,140441,250,72083,540159,788,250,290,4176492,540159,4593,24200,470081,451,1163512,72083,minimize,1098
pumpkin-v2/random/n100_p010/instance_n100_p0.100_0016.fzn,experiments/20260612-11.49.51.744794-pumpkin-v2/240,OPTIMAL,42,8.11,0.99,49,118234,0.63697626,39179,1117,0,49,46,71.65306122448979,38.326530612244895,1,764,73845,764,2327,64442,126542,384,64210,451435,884,384,133,2271746,451435,3279,37452,410645,412,594129,64210,minimize,1117
pumpkin-v2/random/n100_p010/instance_n100_p0.100_0019.fzn,experiments/20260612-11.49.51.744794-pumpkin-v2/235,OPTIMAL,51,4.59,1.05,68,151379,0.73155309,44000,1153,0,68,37.338235294117645,66.54411764705883,33.39705882352941,1,1792,170273,1792,4159,89667,173628,331,88918,665104,682,331,108,5518157,665104,4699,32729,570567,594,1517026,88918,minimize,1148
pumpkin-v2/random/n100_p010/instance_n100_p0.100_0009.fzn,experiments/20260612-11.49.51.744794-pumpkin-v2/231,OPTIMAL,55,4.46,0.8,42,157530,0.563496317,46397,1129,0,42,40.92857142857143,76,38.54761904761905,1,969,95103,969,3923,99086,193424,296,98625,762791,646,296,164,5342943,762791,5112,28998,665961,560,1313886,98625,minimize,1129
pumpkin-v2/random/n100_p010/instance_n100_p0.100_0014.fzn,experiments/20260612-11.49.51.744794-pumpkin-v2/229,OPTIMAL,22,4.21,0.33999999999999997,20,62911,0.203228506,20158,1112,0,20,22.3,37.35,20.65,1,274,25203,274,817,17272,33389,9,17059,136066,116,9,114,1236375,136066,1912,768,111143,235,258012,17059,minimize,1115
pumpkin-v2/random/n100_p010/instance_n100_p0.100_0003.fzn,experiments/20260612-11.49.51.744794-pumpkin-v2/234,OPTIMAL,56,4.49,0.8700000000000001,69,158525,0.639321849,44058,1085,0,69,31.869565217391305,72.69565217391305,35.17391304347826,1,1522,145148,1522,4239,99823,193668,151,99229,749027,820,151,485,5511717,749027,5172,13912,660172,577,1436141,99229,minimize,1085
pumpkin-v2/random/n100_p010/instance_n100_p0.100_0017.fzn,experiments/20260612-11.49.51.744794-pumpkin-v2/227,OPTIMAL,46,1.05,0.92,55,132793,0.643942113,42869,1152,0,55,31.581818181818182,65.9090909090909,30.181818181818183,1,1016,95571,1016,3537,72446,139380,272,72161,587176,577,272,125,4115147,587176,4031,26097,508920,434,918643,72161,minimize,1152
pumpkin-v2/random/n100_p010/instance_n100_p0.100_0010.fzn,experiments/20260612-11.49.51.744794-pumpkin-v2/232,OPTIMAL,67,4.76,1.27,107,196900,0.899176527,55718,1140,0,107,37.149532710280376,77.79439252336448,26.7196261682243,1,3266,309498,3266,9403,145536,280563,996,144922,1216778,2719,996,445,7901482,1216778,6027,95115,1054738,776,1862924,144922,minimize,1121
pumpkin-v2/random/n100_p010/instance_n100_p0.100_0004.fzn,experiments/20260612-11.49.51.744794-pumpkin-v2/238,OPTIMAL,50,7.7,0.8999999999999999,32,142831,0.575388772,42787,1110,0,32,36.53125,68.71875,29.09375,1,375,36682,375,3426,80926,157477,281,80207,603926,715,281,194,6050066,603926,5046,27364,508165,739,1225020,80207,minimize,1095
pumpkin-v2/random/n100_p010/instance_n100_p0.100_0011.fzn,experiments/20260612-11.49.51.744794-pumpkin-v2/226,OPTIMAL,56,0.95,0.8200000000000001,51,156913,0.612972666,48297,1097,0,51,36.19607843137255,69.09803921568627,35.27450980392157,1,985,95954,985,3681,105259,206641,207,104869,762583,537,207,229,5590091,762583,4898,20120,671666,552,1451803,104869,minimize,1097
pumpkin-v2/random/n100_p010/instance_n100_p0.100_0000.fzn,experiments/20260612-11.49.51.744794-pumpkin-v2/225,OPTIMAL,63,1.12,0.92,81,182740,0.700164801,51557,1115,0,81,40.5679012345679,77.81481481481481,41.370370370370374,1,2065,201807,2065,5048,131125,255910,615,130545,976283,2004,615,679,6667713,976283,5383,59106,842689,582,1754994,130545,minimize,1104
pumpkin-v2/random/n100_p010/instance_n100_p0.100_0005.fzn,experiments/20260612-11.49.51.744794-pumpkin-v2/239,OPTIMAL,54,7.83,0.9,110,163059,0.65558788,48702,1151,0,110,34.64545454545455,83.84545454545454,32,1,1513,145172,1513,4915,93628,181871,409,92999,794857,2112,409,762,6906917,794857,5049,37736,682353,581,1485645,92999,minimize,1151
pumpkin-v2/random/n100_p010/instance_n100_p0.100_0012.fzn,experiments/20260612-11.49.51.744794-pumpkin-v2/230,OPTIMAL,9,3.96,0.22000000000000003,20,25478,0.092249164,9134,1054,0,20,34,42.9,24.9,1,120,11322,120,173,3941,7646,15,3907,27195,30,15,16,92730,27195,756,1485,25126,74,25838,3907,minimize,1056
pumpkin-v2/random/n100_p010/instance_n100_p0.100_0018.fzn,experiments/20260612-11.49.51.744794-pumpkin-v2/237,OPTIMAL,31,7.57,0.41000000000000003,18,88068,0.252859062,27011,1071,0,18,36.666666666666664,59.5,36.111111111111114,1,223,21787,223,1219,35566,69446,16,35254,228103,32,16,16,971603,228103,2329,1584,212108,289,308373,35254,minimize,1069
pumpkin-v2/random/n100_p010/instance_n100_p0.100_0008.fzn,experiments/20260612-11.49.51.744794-pumpkin-v2/236,OPTIMAL,51,4.28,1.02,76,148108,0.69445418,42441,1098,0,76,33.85526315789474,70.5657894736842,36.5,1,1616,153531,1616,5371,90304,173018,249,89652,636054,963,249,370,4060323,636054,4977,23981,563400,517,1139956,89652,minimize,1099
pumpkin-v2/random/n100_p010/instance_n100_p0.100_0006.fzn,experiments/20260612-11.49.51.744794-pumpkin-v2/222,OPTIMAL,21,0.6,0.44999999999999996,34,59318,0.25984637,19497,1101,0,34,37.38235294117647,65.70588235294117,34.588235294117645,1,279,27104,279,624,17081,33277,45,16996,123102,216,45,164,644078,123102,1786,4311,109988,198,197504,16996,minimize,1101
pumpkin-v2/random/n100_p010/instance_n100_p0.100_0001.fzn,experiments/20260612-11.49.51.744794-pumpkin-v2/221,OPTIMAL,50,0.77,0.64,49,148551,0.459256505,44514,1169,0,49,36.857142857142854,79.22448979591837,35.10204081632653,1,1039,101100,1039,3503,85496,166502,215,84940,671513,1037,215,680,4122042,671513,4243,20367,589613,562,863965,84940,minimize,1158
pumpkin-v2/random/n100_p010/instance_n100_p0.100_0007.fzn,experiments/20260612-11.49.51.744794-pumpkin-v2/223,OPTIMAL,45,0.81,0.67,54,127609,0.474039401,39299,1108,0,54,40.833333333333336,71.85185185185185,42.75925925925926,1,1307,127203,1307,3321,69750,135545,183,69358,518096,1198,183,840,2443146,518096,3570,16680,463484,415,543673,69358,minimize,1109
pumpkin-v2/random/n20_p010/instance_n20_p0.100_0009.fzn,experiments/20260612-11.49.51.744794-pumpkin-v2/214,UNSATISFIABLE,0,0.2,0.06,1,2,0,0,0,0,1,0,0,0,0,"","","","","","","","","","","","","","","","","","","","",satisfy,
pumpkin-v2/random/n100_p010/instance_n100_p0.100_0002.fzn,experiments/20260612-11.49.51.744794-pumpkin-v2/224,OPTIMAL,50,1.39,1.12,103,145251,0.792619219,44707,1128,0,103,42.96116504854369,78.15533980582525,40.45631067961165,1,1731,169519,1731,5547,88665,171589,456,88251,671667,1219,456,298,4886787,671667,4707,43642,591161,523,1341093,88251,minimize,1125
