instance = "pumpkin-v1/opt/n50_k3/instance_n50_k3_0011.fzn"
directory = "experiments/20260602-15.07.06.641281-pumpkin-v1/355"
status = "OPTIMAL"
num_solutions = 2
wall_clock_time = 6.38
cpu_time = 4.2299999999999995
failures = "16195"
propagations = "549396"
solveTime = "4.149390612"
nodes = "20879"
peakDepth = "181"
restarts = "4"
nogoods = "16195"
AverageLbd = "8.426736647113307"
AverageLearnedNogoodLength = "26.05409076875579"
AverageConflictSize = "33.03612225995678"
NumUnitNogoodsLearned = "459"

[[solution_objectives]]
nodes = 13859
restarts = 1
peakDepth = 169
solveTime = 2.521574773
failures = 10048
propagations = 337870
nogoods = 10048
AverageConflictSize = 32.02587579617835
NumUnitNogoodsLearned = 458
AverageLearnedNogoodLength = 25.308021496815286
AverageLbd = 8.838972929936306
value = 1076
time = 4.51

[[solution_objectives]]
nodes = 16637
restarts = 4
peakDepth = 181
solveTime = 2.9939903709999998
failures = 12267
propagations = 427914
nogoods = 12267
AverageConflictSize = 30.987364473791473
NumUnitNogoodsLearned = 458
AverageLearnedNogoodLength = 24.26974810467107
AverageLbd = 8.73677345724301
value = 771
time = 4.97
