instance = "pumpkin-v0/opt/n50_k5/instance_n50_k5_0008.fzn"
directory = "experiments/20260602-11.16.13.665988-pumpkin-v0/215"
status = "OPTIMAL"
num_solutions = 2
wall_clock_time = 20.17
cpu_time = 16.28
failures = "67601"
propagations = "14856659"
solveTime = "16.501723641"
nodes = "96500"
peakDepth = "274"
restarts = "196"
nogoods = "67601"
AverageLbd = "10.352287688051952"
AverageLearnedNogoodLength = "33.698761852635315"
AverageConflictSize = "15.43582195529652"
NumUnitNogoodsLearned = "267"

[[solution_objectives]]
nodes = 18959
restarts = 15
peakDepth = 266
solveTime = 2.208702362
failures = 13873
propagations = 3506794
nogoods = 13873
AverageConflictSize = 9.14243494557774
NumUnitNogoodsLearned = 266
AverageLearnedNogoodLength = 20.107835363656022
AverageLbd = 10.11280905355727
value = 277
time = 5.25

[[solution_objectives]]
nodes = 20614
restarts = 19
peakDepth = 274
solveTime = 2.37069932
failures = 14681
propagations = 3720491
nogoods = 14681
AverageConflictSize = 8.983243648252843
NumUnitNogoodsLearned = 266
AverageLearnedNogoodLength = 20.05537769906682
AverageLbd = 10.182344526939582
value = 275
time = 5.4
