instance = "pumpkin-v2/opt/n100_k5/instance_n100_k5_0001.fzn"
directory = "experiments/20260603-09.01.52.920058-pumpkin-v2/405"
status = "OPTIMAL"
num_solutions = 3
wall_clock_time = 33.42
cpu_time = 31.56
failures = "66748"
propagations = "2112976"
solveTime = "31.562214481"
nodes = "74753"
peakDepth = "587"
restarts = "8"
nogoods = "66748"
AverageLbd = "12.43259723137772"
AverageLearnedNogoodLength = "32.08911128423323"
AverageConflictSize = "20.733969557140288"
NumUnitNogoodsLearned = "163"

[[solution_objectives]]
nodes = 12912
restarts = 5
peakDepth = 538
solveTime = 7.079011804
failures = 10550
propagations = 393153
nogoods = 10550
AverageConflictSize = 41.89260663507109
NumUnitNogoodsLearned = 163
AverageLearnedNogoodLength = 56.228341232227486
AverageLbd = 21.88521327014218
value = 404
time = 8.69

[[solution_objectives]]
nodes = 72812
restarts = 8
peakDepth = 587
solveTime = 31.139393946
failures = 65703
propagations = 2078791
nogoods = 65703
AverageConflictSize = 20.90367258724868
NumUnitNogoodsLearned = 163
AverageLearnedNogoodLength = 32.32773237142901
AverageLbd = 12.506871832336422
value = 403
time = 32.74

[[solution_objectives]]
nodes = 74753
restarts = 8
peakDepth = 587
solveTime = 31.562208981
failures = 66748
propagations = 2112976
nogoods = 66748
AverageConflictSize = 20.733969557140288
NumUnitNogoodsLearned = 163
AverageLearnedNogoodLength = 32.08911128423323
AverageLbd = 12.43259723137772
value = 164
time = 33.16
