instance = "pumpkin-v0/opt/n50_k5/instance_n50_k5_0020.fzn"
directory = "experiments/20260609-14.46.48.023744-pumpkin-v0/206"
status = "SATISFIABLE"
num_solutions = 3
wall_clock_time = 1800.0
cpu_time = 1800.0
failures = "4627"
propagations = "1652947"
solveTime = "1.111547295"
nodes = "6310"
peakDepth = "311"
restarts = "0"
nogoods = "4627"
AverageLbd = "23.16101145450616"
AverageLearnedNogoodLength = "32.97838772422736"
AverageConflictSize = "35.92522152582667"
NumUnitNogoodsLearned = "0"
circuitNumberPropagationsThatFoundConflict = "4282"
circuitNumberTotalFixedEdgesAtConflict = "193930"
circuitNumberNumberOfConflicts = "4282"
circuitNumberPropagationsThatPruned = "1452"
circuitNumberPropagationsTotal = "11965"

[[solution_objectives]]
nodes = 367
restarts = 0
peakDepth = 311
solveTime = 0.002261085
failures = 11
propagations = 11947
nogoods = 11
AverageConflictSize = 5.818181818181818
NumUnitNogoodsLearned = 0
AverageLearnedNogoodLength = 8.363636363636363
AverageLbd = 6.090909090909091
value = 911
time = 12.96

[[solution_objectives]]
nodes = 1982
restarts = 0
peakDepth = 311
solveTime = 0.116329099
failures = 649
propagations = 270106
nogoods = 649
AverageConflictSize = 19.012326656394453
NumUnitNogoodsLearned = 0
AverageLearnedNogoodLength = 20.294298921417564
AverageLbd = 15.627118644067796
value = 899
time = 13.06

[[solution_objectives]]
nodes = 6310
restarts = 0
peakDepth = 311
solveTime = 1.111547295
failures = 4627
propagations = 1652947
nogoods = 4627
AverageConflictSize = 35.92522152582667
NumUnitNogoodsLearned = 0
AverageLearnedNogoodLength = 32.97838772422736
AverageLbd = 23.16101145450616
value = 352
time = 14.06
