instance = "pumpkin-v3/opt/n150_k10/instance_n150_k10_0001.fzn"
directory = "experiments/20260605-18.05.57.686725-pumpkin-v3/3"
status = "OPTIMAL"
num_solutions = 2
wall_clock_time = 22.25
cpu_time = 18.39
failures = "13338"
propagations = "850635"
solveTime = "18.28949688"
nodes = "19808"
peakDepth = "1393"
restarts = "8"
nogoods = "13338"
AverageLbd = "20.85372619583146"
AverageLearnedNogoodLength = "66.38821412505624"
AverageConflictSize = "27.18758434547908"
NumUnitNogoodsLearned = "135"

[[solution_objectives]]
nodes = 18650
restarts = 8
peakDepth = 1393
solveTime = 18.2094841
failures = 13336
propagations = 846693
nogoods = 13336
AverageConflictSize = 27.190686862627473
NumUnitNogoodsLearned = 135
AverageLearnedNogoodLength = 66.38317336532694
AverageLbd = 20.85250449910018
value = 1027
time = 22.06

[[solution_objectives]]
nodes = 19808
restarts = 8
peakDepth = 1393
solveTime = 18.28947217
failures = 13338
propagations = 850635
nogoods = 13338
AverageConflictSize = 27.18758434547908
NumUnitNogoodsLearned = 135
AverageLearnedNogoodLength = 66.38821412505624
AverageLbd = 20.85372619583146
value = 136
time = 22.15
