%% Circuit-constraint benchmark instance
%% Generated by generate_instances.py
%% Method: Francis & Stuckey (2014) "Explaining circuit propagation"
%%
%% Model: minimise the length of the longest leg (maxleg).
%%        Successor variables must form a Hamiltonian circuit using only
%%        edges present in the transport network (travelTime >= 0).
%%        This matches the MiniZinc model in Figure 1 of the paper.
%%
%% Instance parameters
%%   n              = 20
%%   k              = 3
%%   seed           = 48
%%   knn_edges      = 38   (undirected edges from k-nearest step)
%%   walk_edges     = 5  (undirected edges added by random walk)
%%   total_edges    = 43
%%   walk_fraction  = 0.1163  (walk_edges / total_edges)
%%
%% NOTE: a walk_fraction above 0.20 may indicate a near-degenerate instance
%%       in which the random walk dominates the graph structure.

include "globals.mzn";

int: n = 20;
set of int: Locations = 1..n;

%% Maximum possible travel time; used as the upper bound for maxleg.
int: maxLegLen = 977;

%% Travel times between locations (–1 means no direct connection exists).
array[Locations, Locations] of int: travelTime =
  array2d(Locations, Locations, [ -1, -1, -1, 216, -1, -1, -1, -1, -1, -1, -1, 219, -1, -1, -1, 153, -1, -1, 703, -1, -1, -1, 252, -1, -1, -1, -1, -1, -1, -1, -1, 17, -1, 134, -1, 142, -1, -1, 491, -1, -1, 252, -1, 178, -1, -1, -1, 96, -1, -1, -1, -1, -1, 125, -1, -1, -1, -1, -1, -1, 216, -1, 178, -1, -1, -1, -1, 89, -1, -1, -1, 141, -1, 133, -1, -1, -1, -1, -1, -1, -1, -1, -1, -1, -1, -1, -1, -1, -1, 977, -1, -1, -1, 614, 324, -1, 857, -1, 176, -1, -1, -1, -1, -1, -1, -1, 177, -1, -1, 157, -1, -1, -1, -1, -1, -1, 31, -1, -1, -1, -1, -1, -1, -1, -1, 177, -1, -1, -1, 155, -1, -1, 212, -1, -1, -1, 162, 118, -1, 157, -1, -1, 96, 89, -1, -1, -1, -1, -1, -1, -1, -1, -1, 117, -1, -1, -1, -1, -1, -1, -1, -1, -1, -1, -1, -1, -1, -1, -1, -1, 77, -1, 291, -1, -1, -1, -1, -1, -1, 299, -1, -1, -1, -1, 977, 157, 155, -1, -1, -1, -1, -1, -1, -1, -1, -1, 171, 148, -1, -1, -1, -1, -1, -1, -1, -1, -1, -1, 77, -1, -1, -1, 273, -1, -1, -1, -1, -1, -1, 264, 219, 17, -1, 141, -1, -1, -1, -1, -1, -1, -1, -1, -1, -1, -1, 127, -1, -1, -1, -1, -1, -1, -1, -1, -1, -1, 212, -1, 291, -1, 273, -1, -1, -1, -1, -1, -1, 176, -1, 68, -1, 134, 125, 133, 614, -1, -1, 117, -1, -1, -1, -1, -1, -1, -1, -1, -1, 679, -1, -1, -1, -1, -1, -1, 324, -1, -1, -1, -1, -1, -1, -1, -1, -1, -1, -1, 583, -1, 227, -1, 153, 142, -1, -1, -1, -1, -1, -1, -1, -1, -1, 127, -1, -1, -1, -1, -1, -1, -1, -1, -1, -1, -1, -1, 857, 31, 162, -1, -1, 171, -1, -1, -1, -1, 583, -1, -1, -1, -1, -1, -1, -1, -1, -1, -1, -1, 118, -1, -1, 148, -1, -1, 176, 679, -1, -1, -1, -1, -1, 108, 703, 491, -1, -1, 176, -1, -1, -1, -1, -1, -1, -1, -1, -1, 227, -1, -1, -1, -1, -1, -1, -1, -1, -1, -1, -1, 157, -1, 299, -1, 264, -1, 68, -1, -1, -1, -1, 108, -1, -1 ]);


%% Successor variables: succ[i] = next location after i in the tour.
array[Locations] of var Locations: succ;

%% Only use allowed legs (edges present in the transport network).
constraint forall(loc1, loc2 in Locations)(
  travelTime[loc1, loc2] < 0 -> succ[loc1] != loc2
);

%% Successors must form a Hamiltonian circuit.
constraint circuit(succ);

%% Variable for the length of the longest leg.
var 1..maxLegLen: maxleg;

%% Link maxleg to actual travel times used in the tour.
constraint forall(loc1, loc2 in Locations)(
  succ[loc1] = loc2 -> maxleg >= travelTime[loc1, loc2]
);

solve :: int_search(succ, input_order, indomain_min, complete)
      minimize maxleg;

output [
  "succ = ", show(succ), "\n",
  "maxleg = ", show(maxleg), "\n"
];
