%% Circuit-constraint benchmark instance
%% Generated by generate_instances.py
%% Method: Francis & Stuckey (2014) "Explaining circuit propagation"
%%
%% Model: minimise the length of the longest leg (maxleg).
%%        Successor variables must form a Hamiltonian circuit using only
%%        edges present in the transport network (travelTime >= 0).
%%        This matches the MiniZinc model in Figure 1 of the paper.
%%
%% Instance parameters
%%   n              = 20
%%   k              = 3
%%   seed           = 51
%%   knn_edges      = 40   (undirected edges from k-nearest step)
%%   walk_edges     = 4  (undirected edges added by random walk)
%%   total_edges    = 44
%%   walk_fraction  = 0.0909  (walk_edges / total_edges)
%%
%% NOTE: a walk_fraction above 0.20 may indicate a near-degenerate instance
%%       in which the random walk dominates the graph structure.

include "globals.mzn";

int: n = 20;
set of int: Locations = 1..n;

%% Maximum possible travel time; used as the upper bound for maxleg.
int: maxLegLen = 664;

%% Travel times between locations (–1 means no direct connection exists).
array[Locations, Locations] of int: travelTime =
  array2d(Locations, Locations, [ -1, -1, 52, -1, -1, -1, -1, -1, -1, 325, -1, 131, -1, -1, 263, -1, -1, -1, -1, -1, -1, -1, -1, -1, -1, -1, -1, -1, -1, -1, -1, 206, 208, -1, 69, -1, -1, -1, 664, -1, 52, -1, -1, -1, -1, -1, -1, -1, -1, 357, -1, 83, -1, -1, 211, -1, -1, -1, -1, -1, -1, -1, -1, -1, 337, -1, 342, 71, -1, -1, -1, -1, -1, -1, -1, -1, -1, -1, -1, 402, -1, -1, -1, 337, -1, -1, -1, 329, 122, -1, -1, -1, -1, 52, -1, -1, -1, 95, -1, -1, -1, -1, -1, -1, -1, -1, 271, -1, -1, -1, 199, -1, 239, -1, -1, 236, -1, -1, -1, 456, -1, -1, -1, 342, -1, 271, -1, -1, -1, -1, -1, -1, -1, -1, -1, -1, -1, -1, -1, 185, -1, -1, -1, 71, 329, -1, -1, -1, -1, -1, -1, -1, -1, 365, -1, -1, -1, -1, 449, -1, -1, -1, -1, -1, 122, -1, -1, -1, -1, -1, -1, -1, -1, 107, -1, -1, 517, 28, 161, -1, 325, -1, 357, -1, -1, -1, -1, -1, -1, -1, -1, 388, -1, -1, -1, -1, -1, -1, -1, 570, -1, -1, -1, -1, -1, 199, -1, -1, -1, -1, -1, -1, 114, -1, -1, 46, 92, -1, -1, -1, 131, 206, 83, -1, -1, -1, -1, -1, -1, 388, -1, -1, -1, -1, 145, -1, -1, -1, -1, -1, -1, 208, -1, -1, -1, 239, -1, -1, -1, -1, 114, -1, -1, -1, 176, 88, 159, -1, -1, -1, -1, -1, -1, -1, 52, -1, -1, 365, 107, -1, -1, -1, -1, -1, -1, -1, -1, 86, 115, -1, 263, 69, 211, -1, -1, -1, -1, -1, -1, -1, -1, 145, 176, -1, -1, -1, -1, -1, -1, -1, -1, -1, -1, -1, -1, 236, -1, -1, -1, -1, 46, -1, 88, -1, -1, -1, 76, -1, -1, -1, -1, -1, -1, -1, -1, -1, -1, -1, 517, -1, 92, -1, 159, -1, -1, 76, -1, -1, -1, -1, -1, -1, -1, -1, 95, -1, -1, -1, 28, -1, -1, -1, -1, 86, -1, -1, -1, -1, 160, -1, -1, 664, -1, -1, -1, -1, -1, 449, 161, -1, -1, -1, -1, 115, -1, -1, -1, 160, -1, -1, -1, -1, -1, 402, -1, 456, 185, -1, -1, 570, -1, -1, -1, -1, -1, -1, -1, -1, -1, -1 ]);


%% Successor variables: succ[i] = next location after i in the tour.
array[Locations] of var Locations: succ;

%% Only use allowed legs (edges present in the transport network).
constraint forall(loc1, loc2 in Locations)(
  travelTime[loc1, loc2] < 0 -> succ[loc1] != loc2
);

%% Successors must form a Hamiltonian circuit.
constraint circuit(succ);

%% Variable for the length of the longest leg.
var 1..maxLegLen: maxleg;

%% Link maxleg to actual travel times used in the tour.
constraint forall(loc1, loc2 in Locations)(
  succ[loc1] = loc2 -> maxleg >= travelTime[loc1, loc2]
);

solve :: int_search(succ, input_order, indomain_min, complete)
      minimize maxleg;

output [
  "succ = ", show(succ), "\n",
  "maxleg = ", show(maxleg), "\n"
];
