%% Circuit-constraint benchmark instance
%% Generated by generate_instances.py
%% Method: Francis & Stuckey (2014) "Explaining circuit propagation"
%%
%% Model: minimise the length of the longest leg (maxleg).
%%        Successor variables must form a Hamiltonian circuit using only
%%        edges present in the transport network (travelTime >= 0).
%%        This matches the MiniZinc model in Figure 1 of the paper.
%%
%% Instance parameters
%%   n              = 20
%%   k              = 3
%%   seed           = 57
%%   knn_edges      = 37   (undirected edges from k-nearest step)
%%   walk_edges     = 4  (undirected edges added by random walk)
%%   total_edges    = 41
%%   walk_fraction  = 0.0976  (walk_edges / total_edges)
%%
%% NOTE: a walk_fraction above 0.20 may indicate a near-degenerate instance
%%       in which the random walk dominates the graph structure.

include "globals.mzn";

int: n = 20;
set of int: Locations = 1..n;

%% Maximum possible travel time; used as the upper bound for maxleg.
int: maxLegLen = 968;

%% Travel times between locations (–1 means no direct connection exists).
array[Locations, Locations] of int: travelTime =
  array2d(Locations, Locations, [ -1, 79, -1, 933, -1, -1, -1, -1, -1, -1, -1, 102, 112, -1, -1, -1, -1, -1, -1, -1, 79, -1, -1, -1, -1, -1, -1, 968, -1, -1, -1, 127, 153, -1, -1, -1, -1, -1, -1, -1, -1, -1, -1, 346, 286, 331, -1, -1, -1, -1, -1, -1, -1, -1, -1, -1, -1, -1, -1, -1, 933, -1, 346, -1, -1, -1, -1, 19, 253, -1, -1, -1, -1, -1, -1, -1, 219, -1, -1, -1, -1, -1, 286, -1, -1, -1, -1, -1, -1, -1, -1, -1, -1, -1, 454, 417, -1, -1, -1, -1, -1, -1, 331, -1, -1, -1, 191, 278, 167, -1, 129, -1, -1, -1, -1, -1, -1, -1, -1, -1, -1, -1, -1, -1, -1, 191, -1, -1, -1, -1, 188, -1, -1, -1, 20, 180, -1, 263, -1, -1, -1, 968, -1, 19, -1, 278, -1, -1, 253, -1, -1, -1, -1, -1, -1, -1, 200, -1, -1, -1, -1, -1, -1, 253, -1, 167, -1, 253, -1, 222, 161, -1, -1, -1, -1, -1, 309, -1, -1, -1, -1, -1, -1, -1, -1, -1, -1, -1, 222, -1, -1, -1, -1, 130, -1, -1, -1, -1, 202, 163, -1, -1, -1, -1, -1, 129, 188, -1, 161, -1, -1, -1, -1, 274, 202, -1, -1, -1, 185, -1, 102, 127, -1, -1, -1, -1, -1, -1, -1, -1, -1, -1, 34, -1, -1, -1, -1, -1, -1, -1, 112, 153, -1, -1, -1, -1, -1, -1, -1, -1, -1, 34, -1, -1, -1, -1, -1, -1, -1, -1, -1, -1, -1, -1, -1, -1, -1, -1, -1, 130, 274, -1, -1, -1, -1, -1, -1, -1, 126, 180, -1, -1, -1, -1, 454, -1, 20, -1, -1, -1, 202, -1, -1, -1, -1, 162, -1, 244, -1, -1, -1, -1, -1, -1, 417, -1, 180, -1, -1, -1, -1, -1, -1, -1, 162, -1, -1, 123, -1, -1, -1, -1, -1, 219, -1, -1, -1, 200, 309, -1, -1, -1, -1, -1, -1, -1, -1, -1, -1, -1, -1, -1, -1, -1, -1, -1, 263, -1, -1, -1, -1, -1, -1, -1, 244, 123, -1, -1, -1, -1, -1, -1, -1, -1, -1, -1, -1, -1, -1, 202, 185, -1, -1, 126, -1, -1, -1, -1, -1, 303, -1, -1, -1, -1, -1, -1, -1, -1, -1, 163, -1, -1, -1, 180, -1, -1, -1, -1, 303, -1 ]);


%% Successor variables: succ[i] = next location after i in the tour.
array[Locations] of var Locations: succ;

%% Only use allowed legs (edges present in the transport network).
constraint forall(loc1, loc2 in Locations)(
  travelTime[loc1, loc2] < 0 -> succ[loc1] != loc2
);

%% Successors must form a Hamiltonian circuit.
constraint circuit(succ);

%% Variable for the length of the longest leg.
var 1..maxLegLen: maxleg;

%% Link maxleg to actual travel times used in the tour.
constraint forall(loc1, loc2 in Locations)(
  succ[loc1] = loc2 -> maxleg >= travelTime[loc1, loc2]
);

solve :: int_search(succ, input_order, indomain_min, complete)
      minimize maxleg;

output [
  "succ = ", show(succ), "\n",
  "maxleg = ", show(maxleg), "\n"
];
