%% Circuit-constraint benchmark instance
%% Generated by generate_instances.py
%% Method: Francis & Stuckey (2014) "Explaining circuit propagation"
%%
%% Model: minimise the length of the longest leg (maxleg).
%%        Successor variables must form a Hamiltonian circuit using only
%%        edges present in the transport network (travelTime >= 0).
%%        This matches the MiniZinc model in Figure 1 of the paper.
%%
%% Instance parameters
%%   n              = 20
%%   k              = 3
%%   seed           = 66
%%   knn_edges      = 39   (undirected edges from k-nearest step)
%%   walk_edges     = 2  (undirected edges added by random walk)
%%   total_edges    = 41
%%   walk_fraction  = 0.0488  (walk_edges / total_edges)
%%
%% NOTE: a walk_fraction above 0.20 may indicate a near-degenerate instance
%%       in which the random walk dominates the graph structure.

include "globals.mzn";

int: n = 20;
set of int: Locations = 1..n;

%% Maximum possible travel time; used as the upper bound for maxleg.
int: maxLegLen = 801;

%% Travel times between locations (–1 means no direct connection exists).
array[Locations, Locations] of int: travelTime =
  array2d(Locations, Locations, [ -1, 176, -1, -1, -1, -1, -1, -1, -1, -1, -1, -1, -1, -1, 252, -1, -1, -1, -1, 242, 176, -1, -1, -1, -1, -1, -1, -1, -1, -1, 801, -1, -1, -1, 81, 166, -1, -1, -1, 77, -1, -1, -1, 326, -1, -1, -1, -1, -1, -1, -1, 116, -1, -1, -1, -1, 82, -1, -1, -1, -1, -1, 326, -1, -1, -1, -1, -1, -1, 223, 368, 234, 157, -1, -1, -1, 402, -1, -1, -1, -1, -1, -1, -1, -1, -1, -1, -1, 202, -1, -1, -1, -1, 294, -1, -1, -1, 384, 160, -1, -1, -1, -1, -1, -1, -1, 321, 112, -1, -1, -1, -1, -1, -1, -1, 230, -1, -1, -1, 318, -1, -1, -1, -1, -1, 321, -1, -1, -1, -1, -1, -1, -1, 236, -1, -1, -1, -1, 337, -1, -1, -1, -1, -1, -1, 112, -1, -1, -1, -1, -1, -1, -1, -1, -1, 136, 772, -1, -1, 242, -1, -1, -1, -1, 202, -1, -1, -1, -1, 234, -1, -1, 240, -1, -1, -1, -1, -1, 83, -1, -1, -1, -1, 223, -1, -1, -1, -1, 234, -1, -1, -1, 266, -1, 192, -1, -1, -1, -1, 231, -1, 801, -1, 368, -1, -1, -1, -1, -1, -1, -1, -1, 312, -1, -1, -1, -1, 164, -1, -1, -1, -1, 116, 234, -1, -1, -1, -1, -1, -1, -1, -1, -1, -1, -1, -1, 176, -1, -1, -1, -1, -1, -1, 157, -1, -1, -1, -1, 240, 266, 312, -1, -1, -1, -1, -1, -1, 316, -1, -1, -1, -1, -1, -1, 294, -1, 236, -1, -1, -1, -1, -1, -1, -1, -1, -1, -1, -1, 272, -1, 252, 81, -1, -1, -1, -1, -1, -1, -1, 192, -1, -1, -1, -1, -1, -1, -1, -1, -1, 80, -1, 166, -1, -1, -1, 230, -1, 136, -1, -1, -1, -1, -1, -1, -1, -1, -1, -1, -1, 113, -1, -1, 82, 402, -1, -1, -1, 772, -1, -1, -1, 176, -1, -1, -1, -1, -1, -1, -1, -1, -1, -1, -1, -1, 384, -1, -1, -1, -1, -1, 164, -1, 316, -1, -1, -1, -1, -1, -1, -1, -1, -1, -1, -1, 160, -1, 337, -1, 83, -1, -1, -1, -1, 272, -1, -1, -1, -1, -1, -1, 242, 77, -1, -1, -1, 318, -1, 242, -1, 231, -1, -1, -1, -1, 80, 113, -1, -1, -1, -1 ]);


%% Successor variables: succ[i] = next location after i in the tour.
array[Locations] of var Locations: succ;

%% Only use allowed legs (edges present in the transport network).
constraint forall(loc1, loc2 in Locations)(
  travelTime[loc1, loc2] < 0 -> succ[loc1] != loc2
);

%% Successors must form a Hamiltonian circuit.
constraint circuit(succ);

%% Variable for the length of the longest leg.
var 1..maxLegLen: maxleg;

%% Link maxleg to actual travel times used in the tour.
constraint forall(loc1, loc2 in Locations)(
  succ[loc1] = loc2 -> maxleg >= travelTime[loc1, loc2]
);

solve :: int_search(succ, input_order, indomain_min, complete)
      minimize maxleg;

output [
  "succ = ", show(succ), "\n",
  "maxleg = ", show(maxleg), "\n"
];
