%% Circuit-constraint benchmark instance
%% Generated by generate_instances.py
%% Method: Francis & Stuckey (2014) "Explaining circuit propagation"
%%
%% Model: minimise the length of the longest leg (maxleg).
%%        Successor variables must form a Hamiltonian circuit using only
%%        edges present in the transport network (travelTime >= 0).
%%        This matches the MiniZinc model in Figure 1 of the paper.
%%
%% Instance parameters
%%   n              = 20
%%   k              = 3
%%   seed           = 50
%%   knn_edges      = 38   (undirected edges from k-nearest step)
%%   walk_edges     = 4  (undirected edges added by random walk)
%%   total_edges    = 42
%%   walk_fraction  = 0.0952  (walk_edges / total_edges)
%%
%% NOTE: a walk_fraction above 0.20 may indicate a near-degenerate instance
%%       in which the random walk dominates the graph structure.

include "globals.mzn";

int: n = 20;
set of int: Locations = 1..n;

%% Maximum possible travel time; used as the upper bound for maxleg.
int: maxLegLen = 772;

%% Travel times between locations (–1 means no direct connection exists).
array[Locations, Locations] of int: travelTime =
  array2d(Locations, Locations, [ -1, 142, -1, -1, 254, -1, -1, -1, -1, -1, -1, -1, -1, 78, -1, 258, -1, -1, 235, 167, 142, -1, -1, -1, 162, -1, 351, -1, -1, -1, 772, -1, -1, 208, -1, 150, 275, -1, -1, 179, -1, -1, -1, -1, -1, -1, -1, 284, -1, -1, 442, 264, -1, -1, 211, -1, -1, -1, -1, -1, -1, -1, -1, -1, -1, -1, -1, -1, 376, -1, -1, -1, -1, 357, -1, -1, -1, -1, 214, -1, 254, 162, -1, -1, -1, -1, -1, -1, -1, -1, -1, -1, -1, -1, -1, 31, -1, -1, -1, -1, -1, -1, -1, -1, -1, -1, -1, 151, 283, -1, -1, -1, -1, -1, 154, -1, -1, -1, -1, -1, -1, 351, -1, -1, -1, -1, -1, -1, -1, 488, -1, -1, -1, -1, -1, -1, 84, 320, -1, -1, -1, -1, 284, -1, -1, 151, -1, -1, -1, -1, -1, -1, -1, -1, 88, -1, -1, -1, -1, -1, -1, -1, -1, 376, -1, 283, -1, -1, -1, 280, -1, -1, -1, -1, -1, -1, -1, -1, -1, 315, -1, -1, -1, -1, -1, -1, 488, -1, 280, -1, -1, 208, 187, -1, -1, -1, -1, 195, -1, -1, -1, 772, 442, -1, -1, -1, -1, -1, -1, -1, -1, 261, 342, -1, 650, -1, -1, -1, -1, -1, -1, -1, 264, -1, -1, -1, -1, -1, -1, 208, 261, -1, 208, -1, -1, -1, -1, -1, -1, -1, -1, -1, -1, -1, -1, -1, -1, -1, -1, 187, 342, 208, -1, -1, -1, -1, -1, 209, -1, -1, 78, 208, -1, 357, -1, -1, -1, -1, -1, -1, -1, -1, -1, -1, -1, -1, -1, -1, 162, -1, -1, -1, 211, -1, -1, 154, -1, 88, -1, -1, 650, -1, -1, -1, -1, -1, -1, -1, -1, 605, 258, 150, -1, -1, 31, -1, -1, -1, -1, -1, -1, -1, -1, -1, -1, -1, 268, -1, -1, -1, -1, 275, -1, -1, -1, -1, 84, -1, -1, -1, -1, -1, -1, -1, -1, 268, -1, -1, -1, -1, -1, -1, -1, -1, -1, -1, 320, -1, -1, 195, -1, -1, 209, -1, -1, -1, -1, -1, -1, 123, 235, -1, -1, 214, -1, -1, -1, -1, -1, -1, -1, -1, -1, 162, -1, -1, -1, -1, -1, -1, 167, 179, -1, -1, -1, -1, -1, -1, 315, -1, -1, -1, -1, -1, 605, -1, -1, 123, -1, -1 ]);


%% Successor variables: succ[i] = next location after i in the tour.
array[Locations] of var Locations: succ;

%% Only use allowed legs (edges present in the transport network).
constraint forall(loc1, loc2 in Locations)(
  travelTime[loc1, loc2] < 0 -> succ[loc1] != loc2
);

%% Successors must form a Hamiltonian circuit.
constraint circuit(succ);

%% Variable for the length of the longest leg.
var 1..maxLegLen: maxleg;

%% Link maxleg to actual travel times used in the tour.
constraint forall(loc1, loc2 in Locations)(
  succ[loc1] = loc2 -> maxleg >= travelTime[loc1, loc2]
);

solve :: int_search(succ, input_order, indomain_min, complete)
      minimize maxleg;

output [
  "succ = ", show(succ), "\n",
  "maxleg = ", show(maxleg), "\n"
];
