%% Circuit-constraint benchmark instance
%% Generated by generate_instances.py
%% Method: Francis & Stuckey (2014) "Explaining circuit propagation"
%%
%% Model: minimise the length of the longest leg (maxleg).
%%        Successor variables must form a Hamiltonian circuit using only
%%        edges present in the transport network (travelTime >= 0).
%%        This matches the MiniZinc model in Figure 1 of the paper.
%%
%% Instance parameters
%%   n              = 20
%%   k              = 3
%%   seed           = 49
%%   knn_edges      = 37   (undirected edges from k-nearest step)
%%   walk_edges     = 5  (undirected edges added by random walk)
%%   total_edges    = 42
%%   walk_fraction  = 0.1190  (walk_edges / total_edges)
%%
%% NOTE: a walk_fraction above 0.20 may indicate a near-degenerate instance
%%       in which the random walk dominates the graph structure.

include "globals.mzn";

int: n = 20;
set of int: Locations = 1..n;

%% Maximum possible travel time; used as the upper bound for maxleg.
int: maxLegLen = 863;

%% Travel times between locations (–1 means no direct connection exists).
array[Locations, Locations] of int: travelTime =
  array2d(Locations, Locations, [ -1, -1, -1, 323, -1, -1, -1, -1, -1, -1, -1, -1, -1, -1, -1, 158, -1, -1, 190, -1, -1, -1, -1, 68, 48, -1, -1, 582, -1, -1, -1, -1, -1, -1, 97, -1, -1, -1, 347, -1, -1, -1, -1, -1, -1, -1, -1, -1, 277, -1, -1, -1, -1, -1, -1, -1, 282, 174, -1, -1, 323, 68, -1, -1, 110, -1, -1, -1, -1, -1, -1, -1, -1, -1, 165, -1, -1, -1, -1, -1, -1, 48, -1, 110, -1, -1, -1, -1, -1, -1, -1, 324, -1, -1, 64, -1, -1, -1, -1, -1, -1, -1, -1, -1, -1, -1, 246, 119, -1, -1, 275, -1, 157, -1, -1, -1, 189, -1, -1, 190, -1, -1, -1, -1, -1, 246, -1, 348, -1, -1, -1, -1, 243, -1, -1, 863, -1, -1, -1, 260, -1, 582, -1, -1, -1, 119, 348, -1, -1, 152, 239, -1, -1, -1, -1, -1, 85, -1, -1, -1, -1, -1, 277, -1, -1, -1, -1, -1, -1, 295, -1, -1, -1, -1, -1, 217, -1, 253, -1, -1, -1, -1, -1, -1, -1, -1, -1, 152, 295, -1, -1, -1, -1, -1, -1, -1, 182, 167, 179, -1, -1, -1, -1, -1, -1, 275, -1, 239, -1, -1, -1, -1, -1, -1, -1, -1, 184, -1, -1, -1, -1, -1, -1, -1, 324, -1, -1, -1, -1, -1, -1, -1, -1, 292, 261, -1, -1, -1, -1, -1, -1, -1, -1, -1, -1, 157, 243, -1, -1, -1, -1, -1, -1, 258, -1, -1, -1, -1, -1, 33, -1, -1, -1, -1, -1, -1, -1, -1, -1, -1, -1, 292, 258, -1, -1, -1, -1, -1, -1, 230, -1, 97, -1, 165, 64, -1, -1, -1, -1, -1, -1, 261, -1, -1, -1, -1, -1, -1, -1, -1, 158, -1, -1, -1, -1, -1, 863, -1, 217, -1, -1, -1, -1, -1, -1, -1, -1, -1, 263, -1, -1, -1, 282, -1, -1, 189, -1, 85, -1, 182, 184, -1, -1, -1, -1, -1, -1, 145, -1, -1, -1, -1, 174, -1, -1, -1, -1, -1, 253, 167, -1, -1, -1, -1, -1, -1, 145, -1, -1, -1, 190, 347, -1, -1, -1, -1, -1, -1, -1, 179, -1, -1, -1, -1, -1, 263, -1, -1, -1, -1, -1, -1, -1, -1, -1, 190, 260, -1, -1, -1, -1, -1, 33, 230, -1, -1, -1, -1, -1, -1 ]);


%% Successor variables: succ[i] = next location after i in the tour.
array[Locations] of var Locations: succ;

%% Only use allowed legs (edges present in the transport network).
constraint forall(loc1, loc2 in Locations)(
  travelTime[loc1, loc2] < 0 -> succ[loc1] != loc2
);

%% Successors must form a Hamiltonian circuit.
constraint circuit(succ);

%% Variable for the length of the longest leg.
var 1..maxLegLen: maxleg;

%% Link maxleg to actual travel times used in the tour.
constraint forall(loc1, loc2 in Locations)(
  succ[loc1] = loc2 -> maxleg >= travelTime[loc1, loc2]
);

solve :: int_search(succ, input_order, indomain_min, complete)
      minimize maxleg;

output [
  "succ = ", show(succ), "\n",
  "maxleg = ", show(maxleg), "\n"
];
