%% Circuit-constraint benchmark instance
%% Generated by generate_instances.py
%% Method: Francis & Stuckey (2014) "Explaining circuit propagation"
%%
%% Model: minimise the length of the longest leg (maxleg).
%%        Successor variables must form a Hamiltonian circuit using only
%%        edges present in the transport network (travelTime >= 0).
%%        This matches the MiniZinc model in Figure 1 of the paper.
%%
%% Instance parameters
%%   n              = 20
%%   k              = 3
%%   seed           = 56
%%   knn_edges      = 41   (undirected edges from k-nearest step)
%%   walk_edges     = 2  (undirected edges added by random walk)
%%   total_edges    = 43
%%   walk_fraction  = 0.0465  (walk_edges / total_edges)
%%
%% NOTE: a walk_fraction above 0.20 may indicate a near-degenerate instance
%%       in which the random walk dominates the graph structure.

include "globals.mzn";

int: n = 20;
set of int: Locations = 1..n;

%% Maximum possible travel time; used as the upper bound for maxleg.
int: maxLegLen = 847;

%% Travel times between locations (–1 means no direct connection exists).
array[Locations, Locations] of int: travelTime =
  array2d(Locations, Locations, [ -1, -1, 472, -1, -1, -1, -1, -1, -1, -1, 379, 351, -1, -1, -1, -1, -1, -1, 292, -1, -1, -1, -1, -1, -1, -1, -1, -1, 162, -1, -1, 146, 193, -1, -1, -1, -1, -1, 210, -1, 472, -1, -1, -1, -1, 125, -1, -1, -1, -1, -1, -1, 425, -1, -1, -1, -1, -1, 416, -1, -1, -1, -1, -1, 170, -1, -1, -1, 206, -1, -1, -1, -1, -1, -1, 258, -1, 315, -1, -1, -1, -1, -1, 170, -1, -1, -1, -1, -1, 355, -1, -1, -1, -1, 344, 324, -1, 273, -1, -1, -1, -1, 125, -1, -1, -1, -1, -1, -1, -1, 847, -1, 343, -1, -1, -1, -1, -1, 410, -1, -1, -1, -1, -1, -1, -1, -1, 171, -1, -1, -1, -1, 241, 120, -1, -1, 272, -1, -1, 281, -1, -1, -1, -1, -1, -1, 171, -1, -1, -1, -1, -1, 318, 273, -1, -1, -1, -1, -1, -1, -1, 162, -1, 206, -1, -1, -1, -1, -1, -1, -1, 183, -1, -1, -1, 228, -1, -1, 231, -1, -1, -1, -1, -1, 355, -1, -1, -1, -1, -1, -1, -1, -1, -1, 68, -1, 357, -1, -1, -1, 379, -1, -1, -1, -1, 847, -1, -1, -1, -1, -1, -1, -1, -1, -1, 227, -1, 319, -1, -1, 351, 146, -1, -1, -1, -1, -1, -1, 183, -1, -1, -1, 231, -1, -1, -1, -1, -1, 65, -1, -1, 193, 425, -1, -1, 343, 241, 318, -1, -1, -1, 231, -1, -1, -1, -1, -1, -1, -1, -1, -1, -1, -1, -1, -1, -1, 120, 273, -1, -1, -1, -1, -1, -1, -1, -1, 174, -1, -1, 162, -1, -1, -1, -1, 344, -1, -1, -1, -1, 68, -1, -1, -1, -1, -1, -1, 291, -1, -1, -1, -1, -1, -1, 258, 324, -1, -1, -1, 228, -1, 227, -1, -1, -1, -1, -1, -1, 188, -1, -1, -1, -1, -1, -1, -1, -1, 272, -1, -1, 357, -1, -1, -1, 174, 291, -1, -1, -1, -1, 152, -1, -1, -1, 315, 273, -1, -1, -1, -1, -1, 319, -1, -1, -1, -1, 188, -1, -1, -1, -1, 292, 210, 416, -1, -1, 410, -1, -1, 231, -1, -1, 65, -1, -1, -1, -1, -1, -1, -1, -1, -1, -1, -1, -1, -1, -1, 281, -1, -1, -1, -1, -1, -1, 162, -1, -1, 152, -1, -1, -1 ]);


%% Successor variables: succ[i] = next location after i in the tour.
array[Locations] of var Locations: succ;

%% Only use allowed legs (edges present in the transport network).
constraint forall(loc1, loc2 in Locations)(
  travelTime[loc1, loc2] < 0 -> succ[loc1] != loc2
);

%% Successors must form a Hamiltonian circuit.
constraint circuit(succ);

%% Variable for the length of the longest leg.
var 1..maxLegLen: maxleg;

%% Link maxleg to actual travel times used in the tour.
constraint forall(loc1, loc2 in Locations)(
  succ[loc1] = loc2 -> maxleg >= travelTime[loc1, loc2]
);

solve :: int_search(succ, input_order, indomain_min, complete)
      minimize maxleg;

output [
  "succ = ", show(succ), "\n",
  "maxleg = ", show(maxleg), "\n"
];
