%% Circuit-constraint benchmark instance
%% Generated by generate_instances.py
%% Method: Francis & Stuckey (2014) "Explaining circuit propagation"
%%
%% Model: minimise the length of the longest leg (maxleg).
%%        Successor variables must form a Hamiltonian circuit using only
%%        edges present in the transport network (travelTime >= 0).
%%        This matches the MiniZinc model in Figure 1 of the paper.
%%
%% Instance parameters
%%   n              = 20
%%   k              = 3
%%   seed           = 69
%%   knn_edges      = 37   (undirected edges from k-nearest step)
%%   walk_edges     = 5  (undirected edges added by random walk)
%%   total_edges    = 42
%%   walk_fraction  = 0.1190  (walk_edges / total_edges)
%%
%% NOTE: a walk_fraction above 0.20 may indicate a near-degenerate instance
%%       in which the random walk dominates the graph structure.

include "globals.mzn";

int: n = 20;
set of int: Locations = 1..n;

%% Maximum possible travel time; used as the upper bound for maxleg.
int: maxLegLen = 893;

%% Travel times between locations (–1 means no direct connection exists).
array[Locations, Locations] of int: travelTime =
  array2d(Locations, Locations, [ -1, -1, 893, -1, -1, -1, -1, 400, -1, -1, -1, -1, -1, -1, 69, -1, 317, -1, -1, -1, -1, -1, -1, -1, -1, -1, 164, -1, -1, -1, 168, -1, -1, 227, -1, -1, -1, -1, -1, 127, 893, -1, -1, -1, 122, 253, -1, -1, -1, -1, 222, -1, -1, -1, -1, -1, -1, -1, -1, -1, -1, -1, -1, -1, -1, -1, -1, -1, -1, -1, -1, 168, 79, -1, -1, 165, -1, -1, -1, -1, -1, -1, 122, -1, -1, 153, -1, -1, -1, -1, 171, -1, -1, -1, -1, -1, -1, -1, -1, -1, -1, -1, 253, -1, 153, -1, -1, -1, -1, -1, -1, 120, 159, -1, -1, -1, -1, -1, -1, -1, -1, 164, -1, -1, -1, -1, -1, 181, 152, -1, 146, -1, -1, -1, -1, -1, -1, -1, -1, 184, 400, -1, -1, -1, -1, -1, 181, -1, 48, -1, -1, -1, -1, -1, 392, -1, -1, -1, 254, -1, -1, -1, -1, -1, -1, -1, 152, 48, -1, -1, -1, -1, -1, -1, -1, 571, -1, -1, 222, -1, -1, -1, -1, -1, -1, -1, -1, -1, -1, -1, -1, -1, -1, -1, 481, -1, 247, 124, 144, -1, -1, 168, 222, -1, 171, -1, 146, -1, -1, -1, -1, -1, -1, -1, -1, -1, -1, -1, -1, -1, -1, -1, -1, 168, -1, 120, -1, -1, -1, -1, -1, -1, 89, -1, -1, 214, -1, -1, -1, 580, -1, -1, -1, 79, -1, 159, -1, -1, -1, -1, -1, 89, -1, -1, -1, 175, -1, -1, -1, -1, -1, 227, -1, -1, -1, -1, -1, -1, -1, -1, -1, -1, -1, -1, -1, -1, -1, -1, 204, 103, 69, -1, -1, -1, -1, -1, -1, 392, -1, 481, -1, -1, -1, -1, -1, -1, 251, -1, -1, -1, -1, -1, -1, 165, -1, -1, -1, -1, 571, -1, -1, 214, 175, -1, -1, -1, -1, -1, -1, -1, 317, -1, -1, -1, -1, -1, -1, -1, -1, 247, -1, -1, -1, -1, 251, -1, -1, 279, 238, 491, -1, -1, -1, -1, -1, -1, -1, -1, -1, 124, -1, -1, -1, -1, -1, -1, 279, -1, 264, -1, -1, -1, -1, -1, -1, -1, -1, 254, 222, 144, -1, -1, -1, 204, -1, -1, 238, 264, -1, -1, -1, 127, -1, -1, -1, -1, 184, -1, -1, -1, -1, 580, -1, 103, -1, -1, 491, -1, -1, -1 ]);


%% Successor variables: succ[i] = next location after i in the tour.
array[Locations] of var Locations: succ;

%% Only use allowed legs (edges present in the transport network).
constraint forall(loc1, loc2 in Locations)(
  travelTime[loc1, loc2] < 0 -> succ[loc1] != loc2
);

%% Successors must form a Hamiltonian circuit.
constraint circuit(succ);

%% Variable for the length of the longest leg.
var 1..maxLegLen: maxleg;

%% Link maxleg to actual travel times used in the tour.
constraint forall(loc1, loc2 in Locations)(
  succ[loc1] = loc2 -> maxleg >= travelTime[loc1, loc2]
);

solve :: int_search(succ, input_order, indomain_min, complete)
      minimize maxleg;

output [
  "succ = ", show(succ), "\n",
  "maxleg = ", show(maxleg), "\n"
];
