instance = "pumpkin-v3/opt/n150_k20/instance_n150_k20_0017.fzn"
directory = "experiments/20260605-18.05.57.686725-pumpkin-v3/283"
status = "OPTIMAL"
num_solutions = 2
wall_clock_time = 22.0
cpu_time = 13.25
failures = "11742"
propagations = "1696178"
solveTime = "13.089878385"
nodes = "20277"
peakDepth = "1951"
restarts = "19"
nogoods = "11742"
AverageLbd = "33.16521887242378"
AverageLearnedNogoodLength = "88.15346618974621"
AverageConflictSize = "38.506472491909385"
NumUnitNogoodsLearned = "132"

[[solution_objectives]]
nodes = 18679
restarts = 19
peakDepth = 1951
solveTime = 12.735488149
failures = 11478
propagations = 1655410
nogoods = 11478
AverageConflictSize = 38.87070918278446
NumUnitNogoodsLearned = 132
AverageLearnedNogoodLength = 88.15211709357031
AverageLbd = 33.45591566474996
value = 258
time = 19.53

[[solution_objectives]]
nodes = 20277
restarts = 19
peakDepth = 1951
solveTime = 13.089866402
failures = 11742
propagations = 1696178
nogoods = 11742
AverageConflictSize = 38.506472491909385
NumUnitNogoodsLearned = 132
AverageLearnedNogoodLength = 88.15346618974621
AverageLbd = 33.16521887242378
value = 133
time = 19.89
