instance = "pumpkin-v0/opt/n50_k3/instance_n50_k3_0013.fzn"
directory = "experiments/20260609-14.46.48.023744-pumpkin-v0/375"
status = "OPTIMAL"
num_solutions = 4
wall_clock_time = 13.8
cpu_time = 0.30000000000000004
failures = "1189"
propagations = "661654"
solveTime = "0.177528427"
nodes = "2838"
peakDepth = "183"
restarts = "0"
nogoods = "1189"
AverageLbd = "5.344827586206897"
AverageLearnedNogoodLength = "11.332211942809083"
AverageConflictSize = "4.656013456686291"
NumUnitNogoodsLearned = "1"
circuitNumberPropagationsThatFoundConflict = "823"
circuitNumberTotalFixedEdgesAtConflict = "20182"
circuitNumberNumberOfConflicts = "823"
circuitNumberPropagationsThatPruned = "4344"
circuitNumberPropagationsTotal = "13411"

[[solution_objectives]]
nodes = 1093
restarts = 0
peakDepth = 183
solveTime = 0.062451654
failures = 429
propagations = 268289
nogoods = 429
AverageConflictSize = 4.207459207459207
NumUnitNogoodsLearned = 0
AverageLearnedNogoodLength = 10.524475524475525
AverageLbd = 5.470862470862471
value = 784
time = 12.4

[[solution_objectives]]
nodes = 2294
restarts = 0
peakDepth = 183
solveTime = 0.151831327
failures = 1040
propagations = 586892
nogoods = 1040
AverageConflictSize = 4.8471153846153845
NumUnitNogoodsLearned = 0
AverageLearnedNogoodLength = 11.320192307692308
AverageLbd = 5.446153846153846
value = 472
time = 12.49

[[solution_objectives]]
nodes = 2636
restarts = 0
peakDepth = 183
solveTime = 0.172430626
failures = 1164
propagations = 648149
nogoods = 1164
AverageConflictSize = 4.676975945017182
NumUnitNogoodsLearned = 0
AverageLearnedNogoodLength = 11.413230240549828
AverageLbd = 5.393470790378007
value = 429
time = 12.51

[[solution_objectives]]
nodes = 2828
restarts = 0
peakDepth = 183
solveTime = 0.176552559
failures = 1180
propagations = 658523
nogoods = 1180
AverageConflictSize = 4.661016949152542
NumUnitNogoodsLearned = 0
AverageLearnedNogoodLength = 11.371186440677967
AverageLbd = 5.370338983050847
value = 344
time = 12.51
