instance = "pumpkin-v2/opt/n100_k5/instance_n100_k5_0007.fzn"
directory = "experiments/20260603-09.01.52.920058-pumpkin-v2/400"
status = "OPTIMAL"
num_solutions = 3
wall_clock_time = 28.58
cpu_time = 23.48
failures = "51606"
propagations = "1547667"
solveTime = "23.447037608"
nodes = "59918"
peakDepth = "626"
restarts = "37"
nogoods = "51606"
AverageLbd = "9.00608456381041"
AverageLearnedNogoodLength = "21.749796535286595"
AverageConflictSize = "13.998217261558734"
NumUnitNogoodsLearned = "208"

[[solution_objectives]]
nodes = 12454
restarts = 2
peakDepth = 578
solveTime = 5.2756519619999995
failures = 10649
propagations = 379523
nogoods = 10649
AverageConflictSize = 23.10047891820828
NumUnitNogoodsLearned = 207
AverageLearnedNogoodLength = 31.39074091463987
AverageLbd = 13.337308667480515
value = 768
time = 9.39

[[solution_objectives]]
nodes = 15011
restarts = 3
peakDepth = 590
solveTime = 5.815772001
failures = 12276
propagations = 425859
nogoods = 12276
AverageConflictSize = 21.57168458781362
NumUnitNogoodsLearned = 207
AverageLearnedNogoodLength = 29.134897360703814
AverageLbd = 12.593515803193222
value = 516
time = 9.92

[[solution_objectives]]
nodes = 34590
restarts = 6
peakDepth = 626
solveTime = 12.136436581
failures = 29777
propagations = 925264
nogoods = 29777
AverageConflictSize = 15.491453134969943
NumUnitNogoodsLearned = 207
AverageLearnedNogoodLength = 20.957181717432917
AverageLbd = 9.65765523726366
value = 253
time = 16.25
