%% Circuit-constraint benchmark instance
%% Generated by generate_instances.py
%% Method: Francis & Stuckey (2014) "Explaining circuit propagation"
%%
%% Model: minimise the length of the longest leg (maxleg).
%%        Successor variables must form a Hamiltonian circuit using only
%%        edges present in the transport network (travelTime >= 0).
%%        This matches the MiniZinc model in Figure 1 of the paper.
%%
%% Instance parameters
%%   n              = 20
%%   k              = 7
%%   seed           = 54
%%   knn_edges      = 85   (undirected edges from k-nearest step)
%%   walk_edges     = 1  (undirected edges added by random walk)
%%   total_edges    = 86
%%   walk_fraction  = 0.0116  (walk_edges / total_edges)
%%
%% NOTE: a walk_fraction above 0.20 may indicate a near-degenerate instance
%%       in which the random walk dominates the graph structure.

include "globals.mzn";

int: n = 20;
set of int: Locations = 1..n;

%% Maximum possible travel time; used as the upper bound for maxleg.
int: maxLegLen = 899;

%% Travel times between locations (–1 means no direct connection exists).
array[Locations, Locations] of int: travelTime =
  array2d(Locations, Locations, [ -1, 497, 247, -1, -1, -1, -1, -1, 530, 137, -1, -1, -1, 552, -1, -1, 180, -1, 376, -1, 497, -1, 416, 145, -1, 402, -1, 115, 36, 429, -1, 359, -1, 504, 386, -1, 389, -1, 149, -1, 247, 416, -1, -1, -1, 353, -1, -1, 438, 111, -1, -1, -1, -1, -1, -1, 332, -1, 267, -1, -1, 145, -1, -1, 341, -1, 568, 104, 114, -1, 520, 352, 320, -1, 392, 530, -1, 452, 286, 427, -1, -1, -1, 341, -1, -1, 335, 356, -1, -1, 255, -1, 57, 899, -1, 362, -1, 155, -1, 209, -1, 402, 353, -1, -1, -1, -1, 353, 396, 454, -1, -1, -1, -1, -1, -1, -1, -1, 329, 396, -1, -1, -1, 568, 335, -1, -1, -1, -1, -1, 87, -1, 393, -1, -1, 104, -1, 187, -1, 523, -1, 115, -1, 104, 356, 353, -1, -1, 82, -1, -1, 430, 320, -1, 465, -1, -1, -1, 214, 386, 530, 36, 438, 114, -1, 396, -1, 82, -1, 458, -1, 368, 396, 530, 398, -1, 425, -1, 173, -1, 137, 429, 111, -1, -1, 454, -1, -1, 458, -1, -1, -1, -1, -1, -1, -1, 240, -1, 288, -1, -1, -1, -1, 520, 255, -1, 87, -1, -1, -1, -1, -1, 312, -1, -1, 162, -1, 102, -1, 437, -1, 359, -1, 352, -1, -1, -1, 430, 368, -1, -1, -1, -1, 289, 49, -1, -1, -1, 471, -1, -1, -1, -1, 320, 57, -1, 393, 320, 396, -1, 312, -1, -1, -1, -1, 417, -1, 212, -1, 165, 552, 504, -1, -1, 899, -1, -1, -1, 530, -1, -1, 289, -1, -1, 243, -1, 378, -1, 542, -1, -1, 386, -1, 392, -1, -1, -1, 465, 398, -1, -1, 49, -1, 243, -1, -1, 477, -1, -1, -1, -1, -1, -1, 530, 362, -1, 104, -1, -1, -1, 162, -1, 417, -1, -1, -1, -1, 239, -1, 566, 180, 389, 332, -1, -1, -1, -1, -1, 425, 240, -1, -1, -1, 378, 477, -1, -1, -1, 312, -1, -1, -1, -1, 452, 155, -1, 187, -1, -1, -1, 102, -1, 212, -1, -1, 239, -1, -1, -1, 336, 376, 149, 267, 286, -1, 329, -1, 214, 173, 288, -1, 471, -1, 542, -1, -1, 312, -1, -1, -1, -1, -1, -1, 427, 209, 396, 523, 386, -1, -1, 437, -1, 165, -1, -1, 566, -1, 336, -1, -1 ]);


%% Successor variables: succ[i] = next location after i in the tour.
array[Locations] of var Locations: succ;

%% Only use allowed legs (edges present in the transport network).
constraint forall(loc1, loc2 in Locations)(
  travelTime[loc1, loc2] < 0 -> succ[loc1] != loc2
);

%% Successors must form a Hamiltonian circuit.
constraint circuit(succ);

%% Variable for the length of the longest leg.
var 1..maxLegLen: maxleg;

%% Link maxleg to actual travel times used in the tour.
constraint forall(loc1, loc2 in Locations)(
  succ[loc1] = loc2 -> maxleg >= travelTime[loc1, loc2]
);

solve :: int_search(succ, input_order, indomain_min, complete)
      minimize maxleg;

output [
  "succ = ", show(succ), "\n",
  "maxleg = ", show(maxleg), "\n"
];
