%% Circuit-constraint benchmark instance
%% Generated by generate_instances.py
%% Method: Francis & Stuckey (2014) "Explaining circuit propagation"
%%
%% Model: minimise the length of the longest leg (maxleg).
%%        Successor variables must form a Hamiltonian circuit using only
%%        edges present in the transport network (travelTime >= 0).
%%        This matches the MiniZinc model in Figure 1 of the paper.
%%
%% Instance parameters
%%   n              = 20
%%   k              = 7
%%   seed           = 57
%%   knn_edges      = 91   (undirected edges from k-nearest step)
%%   walk_edges     = 3  (undirected edges added by random walk)
%%   total_edges    = 94
%%   walk_fraction  = 0.0319  (walk_edges / total_edges)
%%
%% NOTE: a walk_fraction above 0.20 may indicate a near-degenerate instance
%%       in which the random walk dominates the graph structure.

include "globals.mzn";

int: n = 20;
set of int: Locations = 1..n;

%% Maximum possible travel time; used as the upper bound for maxleg.
int: maxLegLen = 996;

%% Travel times between locations (–1 means no direct connection exists).
array[Locations, Locations] of int: travelTime =
  array2d(Locations, Locations, [ -1, 79, -1, -1, -1, -1, -1, -1, -1, -1, -1, 102, 112, 421, -1, -1, -1, 513, 407, 535, 79, -1, -1, -1, 996, -1, -1, -1, -1, -1, -1, 127, 153, 477, -1, 579, -1, 479, 445, -1, -1, -1, -1, 346, 286, 331, 382, 365, -1, -1, 453, 878, -1, -1, 394, -1, -1, -1, -1, -1, -1, -1, 346, -1, -1, 267, 451, 19, 253, -1, 365, -1, -1, -1, -1, -1, 219, -1, -1, -1, -1, 996, 286, -1, -1, 519, 455, -1, -1, -1, 608, -1, -1, -1, 454, 417, -1, 527, -1, -1, -1, -1, 331, 267, 519, -1, 191, 278, 167, 352, 129, -1, -1, -1, 211, 368, 419, -1, 314, -1, -1, -1, 382, 451, 455, 191, -1, -1, 328, -1, 188, -1, -1, -1, 20, 180, -1, 263, 305, -1, -1, -1, 365, 19, -1, 278, -1, -1, 253, 459, 372, -1, -1, -1, -1, -1, 200, -1, -1, -1, -1, -1, -1, 253, -1, 167, 328, 253, -1, 222, 161, -1, -1, 309, 346, -1, 309, -1, 283, 381, -1, -1, -1, -1, -1, 352, -1, 459, 222, -1, 258, -1, 453, 130, -1, -1, 437, -1, 202, 163, -1, -1, 453, 365, 608, 129, 188, 372, 161, 258, -1, 477, -1, 274, 202, 359, 467, 412, 185, 413, 102, 127, 878, -1, -1, -1, -1, -1, -1, -1, 477, -1, 34, 353, -1, -1, 894, 424, 318, 492, 112, 153, -1, -1, -1, -1, -1, -1, -1, 453, -1, 34, -1, 324, -1, -1, -1, 440, 296, 459, 421, 477, -1, -1, -1, -1, -1, -1, 309, 130, 274, 353, 324, -1, -1, -1, -1, -1, 126, 180, -1, -1, 394, -1, 454, 211, 20, -1, 346, -1, 202, -1, -1, -1, -1, 162, -1, 244, 309, -1, -1, 579, -1, -1, 417, 368, 180, -1, -1, -1, 359, -1, -1, -1, 162, -1, -1, 123, 425, -1, -1, -1, -1, 219, -1, 419, -1, 200, 309, 437, 467, 894, -1, -1, -1, -1, -1, -1, -1, 543, 513, 479, -1, -1, 527, -1, 263, -1, -1, -1, 412, 424, 440, -1, 244, 123, -1, -1, 424, -1, 407, 445, -1, -1, -1, 314, 305, -1, 283, 202, 185, 318, 296, 126, 309, 425, -1, 424, -1, 303, 535, -1, -1, -1, -1, -1, -1, -1, 381, 163, 413, 492, 459, 180, -1, -1, 543, -1, 303, -1 ]);


%% Successor variables: succ[i] = next location after i in the tour.
array[Locations] of var Locations: succ;

%% Only use allowed legs (edges present in the transport network).
constraint forall(loc1, loc2 in Locations)(
  travelTime[loc1, loc2] < 0 -> succ[loc1] != loc2
);

%% Successors must form a Hamiltonian circuit.
constraint circuit(succ);

%% Variable for the length of the longest leg.
var 1..maxLegLen: maxleg;

%% Link maxleg to actual travel times used in the tour.
constraint forall(loc1, loc2 in Locations)(
  succ[loc1] = loc2 -> maxleg >= travelTime[loc1, loc2]
);

solve :: int_search(succ, input_order, indomain_min, complete)
      minimize maxleg;

output [
  "succ = ", show(succ), "\n",
  "maxleg = ", show(maxleg), "\n"
];
