%% Circuit-constraint benchmark instance
%% Generated by generate_instances.py
%% Method: Francis & Stuckey (2014) "Explaining circuit propagation"
%%
%% Model: minimise the length of the longest leg (maxleg).
%%        Successor variables must form a Hamiltonian circuit using only
%%        edges present in the transport network (travelTime >= 0).
%%        This matches the MiniZinc model in Figure 1 of the paper.
%%
%% Instance parameters
%%   n              = 20
%%   k              = 7
%%   seed           = 48
%%   knn_edges      = 85   (undirected edges from k-nearest step)
%%   walk_edges     = 1  (undirected edges added by random walk)
%%   total_edges    = 86
%%   walk_fraction  = 0.0116  (walk_edges / total_edges)
%%
%% NOTE: a walk_fraction above 0.20 may indicate a near-degenerate instance
%%       in which the random walk dominates the graph structure.

include "globals.mzn";

int: n = 20;
set of int: Locations = 1..n;

%% Maximum possible travel time; used as the upper bound for maxleg.
int: maxLegLen = 711;

%% Travel times between locations (–1 means no direct connection exists).
array[Locations, Locations] of int: travelTime =
  array2d(Locations, Locations, [ -1, 236, 395, 216, -1, -1, -1, 303, 336, -1, 385, 219, 293, 325, -1, 153, -1, -1, -1, -1, 236, -1, 252, 146, 625, 697, -1, 202, -1, -1, -1, 17, -1, 134, 637, 142, -1, -1, 491, -1, 395, 252, -1, 178, 681, -1, -1, 96, -1, -1, -1, 260, -1, 125, -1, 378, -1, -1, 603, -1, 216, 146, 178, -1, -1, -1, -1, 89, -1, -1, -1, 141, -1, 133, -1, 224, -1, -1, -1, -1, -1, 625, 681, -1, -1, -1, -1, -1, -1, -1, -1, 641, -1, 614, 324, 711, -1, -1, 176, -1, -1, 697, -1, -1, -1, -1, 177, -1, -1, 157, 523, -1, 388, -1, 612, -1, 31, 257, -1, 330, -1, -1, -1, -1, -1, 177, -1, -1, 438, 155, 387, -1, 212, -1, 604, -1, 162, 118, -1, 157, 303, 202, 96, 89, -1, -1, -1, -1, -1, -1, -1, 205, -1, 117, -1, 307, -1, -1, -1, -1, 336, -1, -1, -1, -1, -1, 438, -1, -1, -1, 77, -1, 291, -1, -1, 411, -1, 331, -1, 299, -1, -1, -1, -1, -1, 157, 155, -1, -1, -1, 383, -1, 319, -1, -1, -1, 171, 148, -1, 252, 385, -1, -1, -1, -1, 523, 387, -1, 77, 383, -1, -1, 273, -1, -1, -1, 525, 273, -1, 264, 219, 17, 260, 141, 641, -1, -1, 205, -1, -1, -1, -1, -1, 145, 646, 127, -1, -1, 505, -1, 293, -1, -1, -1, -1, 388, 212, -1, 291, 319, 273, -1, -1, -1, -1, 238, 374, 176, -1, 68, 325, 134, 125, 133, 614, -1, -1, 117, -1, -1, -1, 145, -1, -1, -1, 271, -1, -1, 511, -1, -1, 637, -1, -1, 324, 612, 604, -1, -1, -1, -1, 646, -1, -1, -1, -1, 583, -1, 227, -1, 153, 142, 378, 224, 711, -1, -1, 307, 411, -1, -1, 127, 238, 271, -1, -1, -1, -1, 556, 306, -1, -1, -1, -1, -1, 31, 162, -1, -1, 171, 525, -1, 374, -1, 583, -1, -1, 254, -1, 318, -1, -1, -1, -1, -1, 257, 118, -1, 331, 148, 273, -1, 176, -1, -1, -1, 254, -1, -1, 108, -1, 491, 603, -1, 176, -1, -1, -1, -1, -1, -1, 505, -1, 511, 227, 556, -1, -1, -1, -1, -1, -1, -1, -1, -1, 330, 157, -1, 299, 252, 264, -1, 68, -1, -1, 306, 318, 108, -1, -1 ]);


%% Successor variables: succ[i] = next location after i in the tour.
array[Locations] of var Locations: succ;

%% Only use allowed legs (edges present in the transport network).
constraint forall(loc1, loc2 in Locations)(
  travelTime[loc1, loc2] < 0 -> succ[loc1] != loc2
);

%% Successors must form a Hamiltonian circuit.
constraint circuit(succ);

%% Variable for the length of the longest leg.
var 1..maxLegLen: maxleg;

%% Link maxleg to actual travel times used in the tour.
constraint forall(loc1, loc2 in Locations)(
  succ[loc1] = loc2 -> maxleg >= travelTime[loc1, loc2]
);

solve :: int_search(succ, input_order, indomain_min, complete)
      minimize maxleg;

output [
  "succ = ", show(succ), "\n",
  "maxleg = ", show(maxleg), "\n"
];
