%% Circuit-constraint benchmark instance
%% Generated by generate_instances.py
%% Method: Francis & Stuckey (2014) "Explaining circuit propagation"
%%
%% Model: minimise the length of the longest leg (maxleg).
%%        Successor variables must form a Hamiltonian circuit using only
%%        edges present in the transport network (travelTime >= 0).
%%        This matches the MiniZinc model in Figure 1 of the paper.
%%
%% Instance parameters
%%   n              = 20
%%   k              = 7
%%   seed           = 60
%%   knn_edges      = 88   (undirected edges from k-nearest step)
%%   walk_edges     = 1  (undirected edges added by random walk)
%%   total_edges    = 89
%%   walk_fraction  = 0.0112  (walk_edges / total_edges)
%%
%% NOTE: a walk_fraction above 0.20 may indicate a near-degenerate instance
%%       in which the random walk dominates the graph structure.

include "globals.mzn";

int: n = 20;
set of int: Locations = 1..n;

%% Maximum possible travel time; used as the upper bound for maxleg.
int: maxLegLen = 627;

%% Travel times between locations (–1 means no direct connection exists).
array[Locations, Locations] of int: travelTime =
  array2d(Locations, Locations, [ -1, 234, 293, 627, -1, 224, 226, 367, 306, 335, 206, 282, 341, 288, 336, 365, 370, -1, -1, -1, 234, -1, -1, -1, -1, -1, 30, 257, -1, 387, 352, 384, 530, 344, -1, 134, 166, -1, -1, -1, 293, -1, -1, -1, 515, 288, -1, -1, 302, 379, 228, 294, 360, -1, 195, -1, -1, 455, 388, 276, 627, -1, -1, -1, 132, -1, -1, -1, -1, 293, 451, 363, -1, -1, -1, -1, -1, 589, 600, -1, -1, -1, 515, 132, -1, -1, -1, -1, -1, 231, 364, 279, -1, -1, -1, -1, -1, 464, 471, -1, 224, -1, 288, -1, -1, -1, -1, 438, 86, -1, 367, -1, 117, 242, 184, -1, 515, -1, -1, -1, 226, 30, -1, -1, -1, -1, -1, 230, -1, -1, 361, -1, -1, 315, -1, 152, 156, -1, -1, -1, 367, 257, -1, -1, -1, 438, 230, -1, -1, -1, -1, -1, -1, 224, -1, 305, 163, -1, -1, -1, 306, -1, 302, -1, -1, 86, -1, -1, -1, -1, 427, -1, 59, 299, 143, -1, -1, -1, -1, 513, 335, 387, 379, 293, 231, -1, -1, -1, -1, -1, 166, 85, -1, -1, -1, 443, -1, 545, 520, -1, 206, 352, 228, 451, 364, 367, 361, -1, 427, 166, -1, 88, 477, -1, 382, -1, -1, 526, 480, 454, 282, 384, 294, 363, 279, -1, -1, -1, -1, 85, 88, -1, -1, -1, -1, -1, -1, 506, 471, 482, 341, 530, 360, -1, -1, 117, -1, -1, 59, -1, 477, -1, -1, 279, 196, -1, -1, -1, -1, -1, 288, 344, -1, -1, -1, 242, 315, 224, 299, -1, -1, -1, 279, -1, -1, 452, 352, -1, -1, -1, 336, -1, 195, -1, -1, 184, -1, -1, 143, -1, 382, -1, 196, -1, -1, -1, -1, -1, -1, 371, 365, 134, -1, -1, -1, -1, 152, 305, -1, 443, -1, -1, -1, 452, -1, -1, 151, -1, -1, -1, 370, 166, -1, -1, -1, 515, 156, 163, -1, -1, -1, -1, -1, 352, -1, 151, -1, -1, -1, -1, -1, -1, 455, 589, 464, -1, -1, -1, -1, 545, 526, 506, -1, -1, -1, -1, -1, -1, 74, 270, -1, -1, 388, 600, 471, -1, -1, -1, -1, 520, 480, 471, -1, -1, -1, -1, -1, 74, -1, 198, -1, -1, 276, -1, -1, -1, -1, -1, 513, -1, 454, 482, -1, -1, 371, -1, -1, 270, 198, -1 ]);


%% Successor variables: succ[i] = next location after i in the tour.
array[Locations] of var Locations: succ;

%% Only use allowed legs (edges present in the transport network).
constraint forall(loc1, loc2 in Locations)(
  travelTime[loc1, loc2] < 0 -> succ[loc1] != loc2
);

%% Successors must form a Hamiltonian circuit.
constraint circuit(succ);

%% Variable for the length of the longest leg.
var 1..maxLegLen: maxleg;

%% Link maxleg to actual travel times used in the tour.
constraint forall(loc1, loc2 in Locations)(
  succ[loc1] = loc2 -> maxleg >= travelTime[loc1, loc2]
);

solve :: int_search(succ, input_order, indomain_min, complete)
      minimize maxleg;

output [
  "succ = ", show(succ), "\n",
  "maxleg = ", show(maxleg), "\n"
];
