%% Circuit-constraint benchmark instance
%% Generated by generate_instances.py
%% Method: Francis & Stuckey (2014) "Explaining circuit propagation"
%%
%% Model: minimise the length of the longest leg (maxleg).
%%        Successor variables must form a Hamiltonian circuit using only
%%        edges present in the transport network (travelTime >= 0).
%%        This matches the MiniZinc model in Figure 1 of the paper.
%%
%% Instance parameters
%%   n              = 20
%%   k              = 7
%%   seed           = 70
%%   knn_edges      = 86   (undirected edges from k-nearest step)
%%   walk_edges     = 1  (undirected edges added by random walk)
%%   total_edges    = 87
%%   walk_fraction  = 0.0115  (walk_edges / total_edges)
%%
%% NOTE: a walk_fraction above 0.20 may indicate a near-degenerate instance
%%       in which the random walk dominates the graph structure.

include "globals.mzn";

int: n = 20;
set of int: Locations = 1..n;

%% Maximum possible travel time; used as the upper bound for maxleg.
int: maxLegLen = 1160;

%% Travel times between locations (–1 means no direct connection exists).
array[Locations, Locations] of int: travelTime =
  array2d(Locations, Locations, [ -1, 477, 163, 385, 227, -1, -1, -1, 504, -1, 279, -1, -1, -1, -1, -1, 255, -1, 110, 332, 477, -1, 536, -1, 375, 275, 428, -1, 42, 476, 537, -1, -1, -1, -1, -1, -1, -1, 383, -1, 163, 536, -1, -1, 380, -1, -1, -1, -1, -1, 130, -1, -1, -1, 1160, -1, 418, -1, 248, 468, 385, -1, -1, -1, 192, 354, -1, 438, -1, -1, -1, 281, -1, 310, -1, 489, 144, 191, 315, 290, 227, 375, 380, 192, -1, 335, -1, -1, 413, -1, 470, -1, -1, 449, -1, -1, 139, 364, 133, 326, -1, 275, -1, 354, 335, -1, 318, 395, 311, 353, -1, 376, 480, -1, 585, 427, -1, -1, -1, -1, -1, 428, -1, -1, -1, 318, -1, 504, 435, 49, -1, -1, 486, -1, 614, 505, -1, -1, -1, -1, -1, -1, -1, 438, -1, 395, 504, -1, -1, 499, -1, 175, 156, -1, 207, 51, -1, 476, -1, -1, 504, 42, -1, -1, 413, 311, 435, -1, -1, 484, 544, -1, -1, -1, -1, -1, -1, -1, 414, -1, -1, 476, -1, -1, -1, 353, 49, 499, 484, -1, -1, -1, 466, -1, 594, 495, -1, -1, -1, -1, 279, 537, 130, -1, 470, -1, -1, -1, 544, -1, -1, -1, -1, -1, -1, -1, 532, -1, 338, -1, -1, -1, -1, 281, -1, 376, -1, 175, -1, -1, -1, -1, 332, 437, 356, 224, -1, 301, -1, -1, -1, -1, -1, -1, -1, 480, 486, 156, -1, 466, -1, 332, -1, -1, 128, 108, -1, -1, -1, -1, -1, -1, -1, 310, 449, -1, -1, -1, -1, -1, -1, 437, -1, -1, -1, -1, 316, 143, 524, 219, -1, -1, 1160, -1, -1, 585, 614, 207, -1, 594, -1, 356, 128, -1, -1, 162, -1, -1, -1, -1, -1, -1, -1, 489, -1, 427, 505, 51, -1, 495, -1, 224, 108, -1, 162, -1, -1, -1, -1, -1, 255, -1, 418, 144, 139, -1, -1, -1, -1, -1, 532, -1, -1, 316, -1, -1, -1, 253, 214, 193, -1, -1, -1, 191, 364, -1, -1, 476, -1, -1, -1, 301, -1, 143, -1, -1, 253, -1, 466, 259, 110, 383, 248, 315, 133, -1, -1, -1, 414, -1, 338, -1, -1, 524, -1, -1, 214, 466, -1, 352, 332, -1, 468, 290, 326, -1, -1, -1, -1, -1, -1, -1, -1, 219, -1, -1, 193, 259, 352, -1 ]);


%% Successor variables: succ[i] = next location after i in the tour.
array[Locations] of var Locations: succ;

%% Only use allowed legs (edges present in the transport network).
constraint forall(loc1, loc2 in Locations)(
  travelTime[loc1, loc2] < 0 -> succ[loc1] != loc2
);

%% Successors must form a Hamiltonian circuit.
constraint circuit(succ);

%% Variable for the length of the longest leg.
var 1..maxLegLen: maxleg;

%% Link maxleg to actual travel times used in the tour.
constraint forall(loc1, loc2 in Locations)(
  succ[loc1] = loc2 -> maxleg >= travelTime[loc1, loc2]
);

solve :: int_search(succ, input_order, indomain_min, complete)
      minimize maxleg;

output [
  "succ = ", show(succ), "\n",
  "maxleg = ", show(maxleg), "\n"
];
