%% Circuit-constraint benchmark instance
%% Generated by generate_instances.py
%% Method: Francis & Stuckey (2014) "Explaining circuit propagation"
%%
%% Model: minimise the length of the longest leg (maxleg).
%%        Successor variables must form a Hamiltonian circuit using only
%%        edges present in the transport network (travelTime >= 0).
%%        This matches the MiniZinc model in Figure 1 of the paper.
%%
%% Instance parameters
%%   n              = 20
%%   k              = 7
%%   seed           = 49
%%   knn_edges      = 83   (undirected edges from k-nearest step)
%%   walk_edges     = 1  (undirected edges added by random walk)
%%   total_edges    = 84
%%   walk_fraction  = 0.0119  (walk_edges / total_edges)
%%
%% NOTE: a walk_fraction above 0.20 may indicate a near-degenerate instance
%%       in which the random walk dominates the graph structure.

include "globals.mzn";

int: n = 20;
set of int: Locations = 1..n;

%% Maximum possible travel time; used as the upper bound for maxleg.
int: maxLegLen = 580;

%% Travel times between locations (–1 means no direct connection exists).
array[Locations, Locations] of int: travelTime =
  array2d(Locations, Locations, [ -1, 342, -1, 323, 332, -1, -1, -1, 330, 358, -1, -1, -1, -1, 383, 158, -1, -1, 190, -1, 342, -1, -1, 68, 48, -1, -1, -1, -1, 489, -1, 347, -1, -1, 97, -1, -1, -1, 347, -1, -1, -1, -1, -1, -1, -1, -1, 356, 277, 338, 341, -1, -1, -1, -1, -1, 282, 174, 464, -1, 323, 68, -1, -1, 110, -1, -1, -1, -1, -1, -1, 411, 580, -1, 165, 481, -1, -1, 365, -1, 332, 48, -1, 110, -1, -1, -1, -1, -1, 447, -1, 324, -1, -1, 64, 487, -1, -1, 313, -1, -1, -1, -1, -1, -1, -1, 246, 119, -1, 244, 275, -1, 157, 410, -1, -1, 189, 316, -1, 190, -1, -1, -1, -1, -1, 246, -1, 348, -1, -1, 344, -1, 243, 350, -1, -1, 385, -1, -1, 260, -1, -1, 356, -1, -1, 119, 348, -1, -1, 152, 239, -1, 265, 523, -1, -1, 85, 197, 320, 295, 330, -1, 277, -1, -1, -1, -1, -1, -1, 295, -1, -1, -1, -1, -1, 217, 391, 253, 299, -1, 358, 489, 338, -1, 447, 244, -1, 152, 295, -1, 365, -1, 347, -1, -1, 378, 182, 167, 179, 369, -1, -1, 341, -1, -1, 275, 344, 239, -1, 365, -1, -1, -1, -1, -1, -1, 184, 289, -1, -1, -1, 347, -1, 411, 324, -1, -1, -1, -1, -1, -1, -1, 361, 292, 261, -1, -1, -1, -1, 331, -1, -1, -1, 580, -1, 157, 243, 265, -1, 347, -1, 361, -1, 258, -1, -1, 344, -1, -1, 33, -1, -1, -1, -1, -1, 410, 350, 523, -1, -1, -1, 292, 258, -1, 502, -1, -1, -1, -1, 230, 383, 97, -1, 165, 64, -1, -1, -1, -1, -1, -1, 261, -1, 502, -1, -1, -1, -1, 337, 413, 158, -1, -1, 481, 487, -1, -1, -1, 217, 378, -1, -1, -1, -1, -1, -1, -1, 423, 263, -1, -1, -1, 282, -1, -1, 189, 385, 85, 391, 182, 184, -1, 344, -1, -1, -1, -1, 145, -1, -1, -1, -1, 174, -1, -1, 316, -1, 197, 253, 167, 289, -1, -1, -1, -1, 423, 145, -1, 317, -1, 190, 347, 464, 365, 313, -1, -1, 320, 299, 179, -1, -1, -1, -1, 337, 263, -1, 317, -1, -1, -1, -1, -1, -1, -1, 190, 260, 295, -1, 369, -1, 331, 33, 230, 413, -1, -1, -1, -1, -1 ]);


%% Successor variables: succ[i] = next location after i in the tour.
array[Locations] of var Locations: succ;

%% Only use allowed legs (edges present in the transport network).
constraint forall(loc1, loc2 in Locations)(
  travelTime[loc1, loc2] < 0 -> succ[loc1] != loc2
);

%% Successors must form a Hamiltonian circuit.
constraint circuit(succ);

%% Variable for the length of the longest leg.
var 1..maxLegLen: maxleg;

%% Link maxleg to actual travel times used in the tour.
constraint forall(loc1, loc2 in Locations)(
  succ[loc1] = loc2 -> maxleg >= travelTime[loc1, loc2]
);

solve :: int_search(succ, input_order, indomain_min, complete)
      minimize maxleg;

output [
  "succ = ", show(succ), "\n",
  "maxleg = ", show(maxleg), "\n"
];
