%% Circuit-constraint benchmark instance
%% Generated by generate_instances.py
%% Method: Francis & Stuckey (2014) "Explaining circuit propagation"
%%
%% Model: minimise the length of the longest leg (maxleg).
%%        Successor variables must form a Hamiltonian circuit using only
%%        edges present in the transport network (travelTime >= 0).
%%        This matches the MiniZinc model in Figure 1 of the paper.
%%
%% Instance parameters
%%   n              = 20
%%   k              = 7
%%   seed           = 67
%%   knn_edges      = 78   (undirected edges from k-nearest step)
%%   walk_edges     = 1  (undirected edges added by random walk)
%%   total_edges    = 79
%%   walk_fraction  = 0.0127  (walk_edges / total_edges)
%%
%% NOTE: a walk_fraction above 0.20 may indicate a near-degenerate instance
%%       in which the random walk dominates the graph structure.

include "globals.mzn";

int: n = 20;
set of int: Locations = 1..n;

%% Maximum possible travel time; used as the upper bound for maxleg.
int: maxLegLen = 711;

%% Travel times between locations (–1 means no direct connection exists).
array[Locations, Locations] of int: travelTime =
  array2d(Locations, Locations, [ -1, -1, -1, 568, -1, -1, -1, 458, 346, 132, -1, -1, -1, -1, -1, -1, 409, 363, 115, -1, -1, -1, 31, 614, -1, -1, 608, -1, -1, -1, 325, -1, -1, 349, 287, 30, -1, -1, -1, -1, -1, 31, -1, 587, -1, -1, 591, -1, -1, -1, 306, -1, -1, 336, 260, 58, -1, -1, -1, -1, 568, 614, 587, -1, -1, -1, -1, -1, 224, -1, 341, -1, -1, 380, 327, 644, -1, 217, 622, -1, -1, -1, -1, -1, -1, 27, 250, 289, -1, -1, -1, 121, 170, -1, -1, -1, 358, -1, -1, 146, -1, -1, -1, -1, 27, -1, 277, 285, -1, -1, -1, 119, 196, -1, -1, -1, 350, -1, -1, 173, -1, 608, 591, -1, 250, 277, -1, 391, -1, -1, -1, 280, 135, -1, -1, 608, 463, -1, -1, 132, 458, -1, -1, -1, 289, 285, 391, -1, -1, 352, -1, 169, 408, -1, -1, -1, 74, -1, 556, 380, 346, -1, -1, 224, -1, -1, -1, -1, -1, 452, 528, -1, -1, -1, 469, -1, -1, 81, 399, -1, 132, -1, -1, -1, -1, -1, -1, 352, 452, -1, -1, 519, -1, -1, -1, -1, 293, 451, 206, -1, -1, 325, 306, 341, -1, -1, -1, -1, 528, -1, -1, -1, -1, 69, 129, 354, -1, 478, -1, -1, -1, -1, -1, -1, 121, 119, 280, 169, -1, 519, -1, -1, 256, -1, -1, -1, 238, 711, -1, 228, -1, -1, -1, -1, 170, 196, 135, 408, -1, -1, -1, 256, -1, -1, -1, -1, 482, -1, -1, 29, -1, 349, 336, 380, -1, -1, -1, -1, -1, -1, 69, -1, -1, -1, 197, 376, -1, 536, -1, -1, -1, 287, 260, 327, -1, -1, -1, -1, 469, -1, 129, -1, -1, 197, -1, 317, -1, 405, -1, -1, -1, 30, 58, 644, -1, -1, 608, -1, -1, -1, 354, -1, -1, 376, 317, -1, -1, -1, -1, -1, 409, -1, -1, -1, 358, 350, 463, 74, -1, 293, -1, 238, 482, -1, -1, -1, -1, -1, 499, 453, 363, -1, -1, 217, -1, -1, -1, -1, 81, 451, 478, 711, -1, 536, 405, -1, -1, -1, 435, -1, 115, -1, -1, 622, -1, -1, -1, 556, 399, 206, -1, -1, -1, -1, -1, -1, 499, 435, -1, -1, -1, -1, -1, -1, 146, 173, 132, 380, -1, -1, -1, 228, 29, -1, -1, -1, 453, -1, -1, -1 ]);


%% Successor variables: succ[i] = next location after i in the tour.
array[Locations] of var Locations: succ;

%% Only use allowed legs (edges present in the transport network).
constraint forall(loc1, loc2 in Locations)(
  travelTime[loc1, loc2] < 0 -> succ[loc1] != loc2
);

%% Successors must form a Hamiltonian circuit.
constraint circuit(succ);

%% Variable for the length of the longest leg.
var 1..maxLegLen: maxleg;

%% Link maxleg to actual travel times used in the tour.
constraint forall(loc1, loc2 in Locations)(
  succ[loc1] = loc2 -> maxleg >= travelTime[loc1, loc2]
);

solve :: int_search(succ, input_order, indomain_min, complete)
      minimize maxleg;

output [
  "succ = ", show(succ), "\n",
  "maxleg = ", show(maxleg), "\n"
];
