%% Circuit-constraint benchmark instance
%% Generated by generate_instances.py
%% Method: Francis & Stuckey (2014) "Explaining circuit propagation"
%%
%% Model: minimise the length of the longest leg (maxleg).
%%        Successor variables must form a Hamiltonian circuit using only
%%        edges present in the transport network (travelTime >= 0).
%%        This matches the MiniZinc model in Figure 1 of the paper.
%%
%% Instance parameters
%%   n              = 20
%%   k              = 7
%%   seed           = 46
%%   knn_edges      = 79   (undirected edges from k-nearest step)
%%   walk_edges     = 2  (undirected edges added by random walk)
%%   total_edges    = 81
%%   walk_fraction  = 0.0247  (walk_edges / total_edges)
%%
%% NOTE: a walk_fraction above 0.20 may indicate a near-degenerate instance
%%       in which the random walk dominates the graph structure.

include "globals.mzn";

int: n = 20;
set of int: Locations = 1..n;

%% Maximum possible travel time; used as the upper bound for maxleg.
int: maxLegLen = 767;

%% Travel times between locations (–1 means no direct connection exists).
array[Locations, Locations] of int: travelTime =
  array2d(Locations, Locations, [ -1, -1, -1, -1, -1, -1, 268, 132, 540, -1, 477, 534, 201, -1, 538, -1, -1, -1, -1, 228, -1, -1, -1, 88, -1, 271, -1, 469, 387, 509, -1, -1, 354, -1, 115, -1, -1, 253, -1, -1, -1, -1, -1, -1, 488, 323, -1, -1, -1, 478, 438, -1, -1, 313, 383, 412, -1, 372, 219, -1, -1, 88, -1, -1, -1, 291, -1, -1, 384, 492, -1, -1, 435, -1, 186, -1, -1, 259, -1, 767, -1, -1, 488, -1, -1, -1, -1, -1, -1, -1, 455, 433, -1, 175, -1, 246, 323, -1, 278, -1, -1, 271, 323, 291, -1, -1, -1, 669, -1, 272, -1, -1, 512, -1, 192, -1, -1, 49, -1, -1, 268, -1, -1, -1, -1, -1, -1, 400, -1, -1, 365, 382, 420, -1, -1, -1, 493, -1, -1, 98, 132, 469, -1, -1, -1, 669, 400, -1, 410, -1, -1, -1, 171, -1, 483, -1, -1, -1, -1, 356, 540, 387, -1, 384, -1, -1, -1, 410, -1, -1, -1, -1, 447, -1, 487, -1, -1, 635, -1, -1, -1, 509, 478, 492, -1, 272, -1, -1, -1, -1, -1, -1, -1, -1, 458, -1, -1, 263, 679, -1, 477, -1, 438, -1, 455, -1, 365, -1, -1, -1, -1, 83, -1, 376, -1, 210, 152, -1, 329, 298, 534, -1, -1, -1, 433, -1, 382, -1, -1, -1, 83, -1, -1, 387, -1, 193, 111, -1, 362, 334, 201, 354, -1, 435, -1, 512, 420, 171, 447, -1, -1, -1, -1, -1, 337, -1, -1, 527, -1, 342, -1, -1, 313, -1, 175, -1, -1, -1, -1, -1, 376, 387, -1, -1, -1, 204, 291, -1, 106, -1, 538, 115, 383, 186, -1, 192, -1, 483, 487, 458, -1, -1, 337, -1, -1, -1, -1, 195, -1, -1, -1, -1, 412, -1, 246, -1, -1, -1, -1, -1, 210, 193, -1, 204, -1, -1, 88, -1, 215, -1, -1, -1, -1, -1, 323, -1, 493, -1, -1, -1, 152, 111, -1, 291, -1, 88, -1, -1, 289, 440, -1, 253, 372, 259, -1, 49, -1, -1, 635, 263, -1, -1, 527, -1, 195, -1, -1, -1, -1, -1, -1, -1, 219, -1, 278, -1, -1, -1, -1, 679, 329, 362, -1, 106, -1, 215, 289, -1, -1, -1, 228, -1, -1, 767, -1, -1, 98, 356, -1, -1, 298, 334, 342, -1, -1, -1, 440, -1, -1, -1 ]);


%% Successor variables: succ[i] = next location after i in the tour.
array[Locations] of var Locations: succ;

%% Only use allowed legs (edges present in the transport network).
constraint forall(loc1, loc2 in Locations)(
  travelTime[loc1, loc2] < 0 -> succ[loc1] != loc2
);

%% Successors must form a Hamiltonian circuit.
constraint circuit(succ);

%% Variable for the length of the longest leg.
var 1..maxLegLen: maxleg;

%% Link maxleg to actual travel times used in the tour.
constraint forall(loc1, loc2 in Locations)(
  succ[loc1] = loc2 -> maxleg >= travelTime[loc1, loc2]
);

solve :: int_search(succ, input_order, indomain_min, complete)
      minimize maxleg;

output [
  "succ = ", show(succ), "\n",
  "maxleg = ", show(maxleg), "\n"
];
