instance = "pumpkin-v0/opt/n100_k10/instance_n100_k10_0012.fzn"
directory = "experiments/20260609-14.46.48.023744-pumpkin-v0/378"
status = "SATISFIABLE"
num_solutions = 4
wall_clock_time = 1800.0
cpu_time = 1800.0
failures = "27754"
propagations = "17523398"
solveTime = "24.591768195"
nodes = "42805"
peakDepth = "1138"
restarts = "0"
nogoods = "27754"
AverageLbd = "69.84438279166967"
AverageLearnedNogoodLength = "75.87028896735606"
AverageConflictSize = "83.78925560279599"
NumUnitNogoodsLearned = "0"
circuitNumberPropagationsThatFoundConflict = "75844"
circuitNumberTotalFixedEdgesAtConflict = "7268068"
circuitNumberNumberOfConflicts = "75844"
circuitNumberPropagationsThatPruned = "32089"
circuitNumberPropagationsTotal = "206121"

[[solution_objectives]]
nodes = 1155
restarts = 0
peakDepth = 1138
solveTime = 0.00723266
failures = 9
propagations = 23838
nogoods = 9
AverageConflictSize = 2.7777777777777777
NumUnitNogoodsLearned = 0
AverageLearnedNogoodLength = 9.333333333333334
AverageLbd = 6.555555555555555
value = 472
time = 17.36

[[solution_objectives]]
nodes = 28745
restarts = 0
peakDepth = 1138
solveTime = 24.000147346
failures = 25714
propagations = 15487343
nogoods = 25714
AverageConflictSize = 90.082484249825
NumUnitNogoodsLearned = 0
AverageLearnedNogoodLength = 80.55078945321614
AverageLbd = 74.80217002411138
value = 284
time = 41.34

[[solution_objectives]]
nodes = 41672
restarts = 0
peakDepth = 1138
solveTime = 24.58512239
failures = 27752
propagations = 17509868
nogoods = 27752
AverageConflictSize = 83.79511386566733
NumUnitNogoodsLearned = 0
AverageLearnedNogoodLength = 75.87514413375612
AverageLbd = 69.84912799077544
value = 279
time = 41.92

[[solution_objectives]]
nodes = 42805
restarts = 0
peakDepth = 1138
solveTime = 24.591768195
failures = 27754
propagations = 17523398
nogoods = 27754
AverageConflictSize = 83.78925560279599
NumUnitNogoodsLearned = 0
AverageLearnedNogoodLength = 75.87028896735606
AverageLbd = 69.84438279166967
value = 263
time = 41.95
