instance = "pumpkin-v1/opt/n50_k3/instance_n50_k3_0017.fzn"
directory = "experiments/20260610-10.42.57.240042-pumpkin-v1/372"
status = "OPTIMAL"
num_solutions = 3
wall_clock_time = 2.09
cpu_time = 1.02
failures = "6758"
propagations = "161040"
solveTime = "0.945435454"
nodes = "11218"
peakDepth = "181"
restarts = "0"
nogoods = "6758"
AverageLbd = "9.743711157147086"
AverageLearnedNogoodLength = "12.387540692512578"
AverageConflictSize = "16.59499852027227"
NumUnitNogoodsLearned = "1"
circuitNumberPropagationsThatFoundConflict = "608"
circuitNumberTotalFixedEdgesAtConflict = "25646"
circuitNumberNumberOfConflicts = "608"
circuitNumberPropagationsThatPruned = "5624"
circuitNumberPropagationsTotal = "41129"
allDifferentNumberTotalHallSetSize = "541289"
allDifferentNumberNumberOfConflicts = "24737"
allDifferentNumberMaxHallSetSize = "188"
allDifferentNumberPropagationsTotal = "86587"
allDifferentNumberPropagationsThatFoundConflict = "24737"

[[solution_objectives]]
nodes = 10549
restarts = 0
peakDepth = 181
solveTime = 0.90380682
failures = 6528
propagations = 150708
nogoods = 6528
AverageConflictSize = 16.604166666666668
NumUnitNogoodsLearned = 0
AverageLearnedNogoodLength = 12.376225490196079
AverageLbd = 9.778033088235293
value = 470
time = 1.86

[[solution_objectives]]
nodes = 10809
restarts = 0
peakDepth = 181
solveTime = 0.917447921
failures = 6592
propagations = 154380
nogoods = 6592
AverageConflictSize = 16.569933252427184
NumUnitNogoodsLearned = 0
AverageLearnedNogoodLength = 12.396996359223301
AverageLbd = 9.783980582524272
value = 445
time = 1.86

[[solution_objectives]]
nodes = 11115
restarts = 0
peakDepth = 181
solveTime = 0.937556572
failures = 6691
propagations = 159518
nogoods = 6691
AverageConflictSize = 16.7013899267673
NumUnitNogoodsLearned = 0
AverageLearnedNogoodLength = 12.457779106262143
AverageLbd = 9.80660588850695
value = 394
time = 1.88
