instance = "pumpkin-v3/opt/n50_k7/instance_n50_k7_0024.fzn"
directory = "experiments/20260605-18.05.57.686725-pumpkin-v3/378"
status = "OPTIMAL"
num_solutions = 3
wall_clock_time = 14.32
cpu_time = 4.1
failures = "12776"
propagations = "547158"
solveTime = "4.0213743"
nodes = "15325"
peakDepth = "369"
restarts = "4"
nogoods = "12776"
AverageLbd = "15.867094552285536"
AverageLearnedNogoodLength = "44.69137445209768"
AverageConflictSize = "30.276221039448966"
NumUnitNogoodsLearned = "228"

[[solution_objectives]]
nodes = 14189
restarts = 3
peakDepth = 369
solveTime = 3.930413082
failures = 12534
propagations = 533595
nogoods = 12534
AverageConflictSize = 30.614249242061593
NumUnitNogoodsLearned = 227
AverageLearnedNogoodLength = 44.60738790489867
AverageLbd = 15.940162757300143
value = 347
time = 11.09

[[solution_objectives]]
nodes = 14942
restarts = 4
peakDepth = 369
solveTime = 4.01271675
failures = 12767
propagations = 545296
nogoods = 12767
AverageConflictSize = 30.291062896530118
NumUnitNogoodsLearned = 227
AverageLearnedNogoodLength = 44.700556121250095
AverageLbd = 15.869272342758675
value = 316
time = 11.17

[[solution_objectives]]
nodes = 15325
restarts = 4
peakDepth = 369
solveTime = 4.02117545
failures = 12775
propagations = 546962
nogoods = 12775
AverageConflictSize = 30.2772602739726
NumUnitNogoodsLearned = 227
AverageLearnedNogoodLength = 44.694794520547944
AverageLbd = 15.86825831702544
value = 239
time = 11.18
