instance = "pumpkin-v3/opt/n150_k15/instance_n150_k15_0004.fzn"
directory = "experiments/20260605-18.05.57.686725-pumpkin-v3/160"
status = "OPTIMAL"
num_solutions = 2
wall_clock_time = 1311.18
cpu_time = 1301.3700000000001
failures = "373782"
propagations = "28106072"
solveTime = "1307.775520379"
nodes = "388965"
peakDepth = "1500"
restarts = "2"
nogoods = "373782"
AverageLbd = "60.98010872647693"
AverageLearnedNogoodLength = "140.90454328993906"
AverageConflictSize = "104.7363409688"
NumUnitNogoodsLearned = "137"

[[solution_objectives]]
nodes = 387824
restarts = 2
peakDepth = 1500
solveTime = 1307.553237834
failures = 373772
propagations = 28099639
nogoods = 373772
AverageConflictSize = 104.73895315861006
NumUnitNogoodsLearned = 137
AverageLearnedNogoodLength = 140.90363376603918
AverageLbd = 60.980533587320615
value = 912
time = 1309.47

[[solution_objectives]]
nodes = 388965
restarts = 2
peakDepth = 1500
solveTime = 1307.775510723
failures = 373782
propagations = 28106072
nogoods = 373782
AverageConflictSize = 104.7363409688
NumUnitNogoodsLearned = 137
AverageLearnedNogoodLength = 140.90454328993906
AverageLbd = 60.98010872647693
value = 138
time = 1309.71
