instance = "pumpkin-v1/opt/n100_k5/instance_n100_k5_0011.fzn"
directory = "experiments/20260602-15.07.06.641281-pumpkin-v1/230"
status = "SATISFIABLE"
num_solutions = 4
wall_clock_time = 1800.0
cpu_time = 1800.0
failures = "244568"
propagations = "8313983"
solveTime = "157.563384851"
nodes = "358452"
peakDepth = "816"
restarts = "419"
nogoods = "244568"
AverageLbd = "19.648829773314578"
AverageLearnedNogoodLength = "42.91152154002159"
AverageConflictSize = "30.708980733374766"
NumUnitNogoodsLearned = "190"

[[solution_objectives]]
nodes = 299741
restarts = 370
peakDepth = 594
solveTime = 133.294830227
failures = 203120
propagations = 7051739
nogoods = 203120
AverageConflictSize = 32.24928121307602
NumUnitNogoodsLearned = 190
AverageLearnedNogoodLength = 45.008659905474595
AverageLbd = 20.60417979519496
value = 935
time = 134.85

[[solution_objectives]]
nodes = 303794
restarts = 375
peakDepth = 684
solveTime = 134.002586546
failures = 203995
propagations = 7084884
nogoods = 203995
AverageConflictSize = 32.23112821392681
NumUnitNogoodsLearned = 190
AverageLearnedNogoodLength = 44.964401088261965
AverageLbd = 20.59464202553984
value = 809
time = 135.55

[[solution_objectives]]
nodes = 356537
restarts = 417
peakDepth = 684
solveTime = 157.296967502
failures = 244087
propagations = 8299611
nogoods = 244087
AverageConflictSize = 30.675287909638776
NumUnitNogoodsLearned = 190
AverageLearnedNogoodLength = 42.89835181717994
AverageLbd = 19.617550299688226
value = 747
time = 158.85

[[solution_objectives]]
nodes = 358452
restarts = 419
peakDepth = 816
solveTime = 157.563384851
failures = 244568
propagations = 8313983
nogoods = 244568
AverageConflictSize = 30.708980733374766
NumUnitNogoodsLearned = 190
AverageLearnedNogoodLength = 42.91152154002159
AverageLbd = 19.648829773314578
value = 690
time = 159.12
