instance = "pumpkin-v1/opt/n150_k7/instance_n150_k7_0006.fzn"
directory = "experiments/20260610-10.42.57.240042-pumpkin-v1/189"
status = "SATISFIABLE"
num_solutions = 8
wall_clock_time = 1801.33
cpu_time = 1793.03
failures = "1351043"
propagations = "43082441"
solveTime = "1799.237090345"
nodes = "1647810"
peakDepth = "1218"
restarts = "0"
nogoods = "1351043"
AverageLbd = "43.24072882950431"
AverageLearnedNogoodLength = "104.422863669032"
AverageConflictSize = "56.49207390142283"
NumUnitNogoodsLearned = "0"
circuitNumberPropagationsThatFoundConflict = "929311"
circuitNumberTotalFixedEdgesAtConflict = "108334304"
circuitNumberNumberOfConflicts = "929311"
circuitNumberPropagationsThatPruned = "5862424"
circuitNumberPropagationsTotal = "12958216"
allDifferentNumberTotalHallSetSize = "141955126"
allDifferentNumberNumberOfConflicts = "3526169"
allDifferentNumberMaxHallSetSize = "1116"
allDifferentNumberPropagationsTotal = "20942355"
allDifferentNumberPropagationsThatFoundConflict = "3526169"

[[solution_objectives]]
nodes = 27641
restarts = 0
peakDepth = 1209
solveTime = 2.990072841
failures = 1058
propagations = 201684
nogoods = 1058
AverageConflictSize = 16.50756143667297
NumUnitNogoodsLearned = 0
AverageLearnedNogoodLength = 19.203213610586012
AverageLbd = 17.900756143667298
value = 976
time = 3.77

[[solution_objectives]]
nodes = 688581
restarts = 0
peakDepth = 1216
solveTime = 572.212179329
failures = 472223
propagations = 19190374
nogoods = 472223
AverageConflictSize = 41.98288520465966
NumUnitNogoodsLearned = 0
AverageLearnedNogoodLength = 84.82733581379983
AverageLbd = 48.31532136300011
value = 736
time = 573.01

[[solution_objectives]]
nodes = 690870
restarts = 0
peakDepth = 1218
solveTime = 572.468121476
failures = 472349
propagations = 19205477
nogoods = 472349
AverageConflictSize = 41.97628660164413
NumUnitNogoodsLearned = 0
AverageLearnedNogoodLength = 84.81103167361421
AverageLbd = 48.30663767680253
value = 661
time = 573.27

[[solution_objectives]]
nodes = 694082
restarts = 0
peakDepth = 1218
solveTime = 572.973146787
failures = 472739
propagations = 19233127
nogoods = 472739
AverageConflictSize = 41.963791859778866
NumUnitNogoodsLearned = 0
AverageLearnedNogoodLength = 84.76551331707348
AverageLbd = 48.285280038245205
value = 576
time = 573.78

[[solution_objectives]]
nodes = 695617
restarts = 0
peakDepth = 1218
solveTime = 573.044094225
failures = 472758
propagations = 19238872
nogoods = 472758
AverageConflictSize = 41.962363407916946
NumUnitNogoodsLearned = 0
AverageLearnedNogoodLength = 84.76237313805372
AverageLbd = 48.283531955038306
value = 566
time = 573.86

[[solution_objectives]]
nodes = 701343
restarts = 0
peakDepth = 1218
solveTime = 575.351487509
failures = 474574
propagations = 19321685
nogoods = 474574
AverageConflictSize = 41.972543797173884
NumUnitNogoodsLearned = 0
AverageLearnedNogoodLength = 84.66304095883888
AverageLbd = 48.253836071929776
value = 424
time = 576.17

[[solution_objectives]]
nodes = 776352
restarts = 0
peakDepth = 1218
solveTime = 658.912023832
failures = 540020
propagations = 21039891
nogoods = 540020
AverageConflictSize = 46.53844302062887
NumUnitNogoodsLearned = 0
AverageLearnedNogoodLength = 84.60223325062034
AverageLbd = 47.03626347172327
value = 422
time = 659.75

[[solution_objectives]]
nodes = 777618
restarts = 0
peakDepth = 1218
solveTime = 658.954255118
failures = 540034
propagations = 21043502
nogoods = 540034
AverageConflictSize = 46.53814204290841
NumUnitNogoodsLearned = 0
AverageLearnedNogoodLength = 84.60146398189744
AverageLbd = 47.035690345422694
value = 394
time = 659.79
