instance = "pumpkin-v1/opt/n50_k3/instance_n50_k3_0019.fzn"
directory = "experiments/20260610-10.42.57.240042-pumpkin-v1/367"
status = "OPTIMAL"
num_solutions = 4
wall_clock_time = 0.79
cpu_time = 0.38
failures = "1995"
propagations = "71701"
solveTime = "0.309049467"
nodes = "5817"
peakDepth = "199"
restarts = "0"
nogoods = "1995"
AverageLbd = "6.68671679197995"
AverageLearnedNogoodLength = "11.234586466165414"
AverageConflictSize = "10.821052631578947"
NumUnitNogoodsLearned = "1"
circuitNumberPropagationsThatFoundConflict = "316"
circuitNumberTotalFixedEdgesAtConflict = "9777"
circuitNumberNumberOfConflicts = "316"
circuitNumberPropagationsThatPruned = "3951"
circuitNumberPropagationsTotal = "23027"
allDifferentNumberTotalHallSetSize = "90354"
allDifferentNumberNumberOfConflicts = "6363"
allDifferentNumberMaxHallSetSize = "250"
allDifferentNumberPropagationsTotal = "40397"
allDifferentNumberPropagationsThatFoundConflict = "6363"

[[solution_objectives]]
nodes = 2968
restarts = 0
peakDepth = 193
solveTime = 0.164147265
failures = 1067
propagations = 35388
nogoods = 1067
AverageConflictSize = 12.12464854732896
NumUnitNogoodsLearned = 0
AverageLearnedNogoodLength = 11.946579194001874
AverageLbd = 8.489222118088097
value = 849
time = 0.5

[[solution_objectives]]
nodes = 3211
restarts = 0
peakDepth = 199
solveTime = 0.167169383
failures = 1074
propagations = 36542
nogoods = 1074
AverageConflictSize = 12.085661080074487
NumUnitNogoodsLearned = 0
AverageLearnedNogoodLength = 11.904096834264433
AverageLbd = 8.455307262569832
value = 741
time = 0.5

[[solution_objectives]]
nodes = 4062
restarts = 0
peakDepth = 199
solveTime = 0.192869339
failures = 1227
propagations = 44471
nogoods = 1227
AverageConflictSize = 11.290138549307253
NumUnitNogoodsLearned = 0
AverageLearnedNogoodLength = 11.163814180929096
AverageLbd = 7.9119804400978
value = 729
time = 0.51

[[solution_objectives]]
nodes = 5046
restarts = 0
peakDepth = 199
solveTime = 0.245146003
failures = 1587
propagations = 57056
nogoods = 1587
AverageConflictSize = 10.67548834278513
NumUnitNogoodsLearned = 0
AverageLearnedNogoodLength = 10.771896660365469
AverageLbd = 7.390044108380592
value = 281
time = 0.56
