instance = "pumpkin-v3/opt/n100_k5/instance_n100_k5_0004.fzn"
directory = "experiments/20260605-18.05.57.686725-pumpkin-v3/386"
status = "OPTIMAL"
num_solutions = 2
wall_clock_time = 37.17
cpu_time = 29.459999999999997
failures = "35215"
propagations = "1009006"
solveTime = "29.447494889"
nodes = "37646"
peakDepth = "553"
restarts = "1"
nogoods = "35215"
AverageLbd = "37.15433764021014"
AverageLearnedNogoodLength = "86.0232287377538"
AverageConflictSize = "77.81451086184865"
NumUnitNogoodsLearned = "187"

[[solution_objectives]]
nodes = 37079
restarts = 1
peakDepth = 546
solveTime = 29.423665377
failures = 35209
propagations = 1007275
nogoods = 35209
AverageConflictSize = 77.82586838592405
NumUnitNogoodsLearned = 187
AverageLearnedNogoodLength = 86.03308813087563
AverageLbd = 37.15774375869806
value = 271
time = 36.22

[[solution_objectives]]
nodes = 37646
restarts = 1
peakDepth = 553
solveTime = 29.447481356
failures = 35215
propagations = 1009006
nogoods = 35215
AverageConflictSize = 77.81451086184865
NumUnitNogoodsLearned = 187
AverageLearnedNogoodLength = 86.0232287377538
AverageLbd = 37.15433764021014
value = 188
time = 36.25
