instance = "pumpkin-v3/opt/n100_k10/instance_n100_k10_0012.fzn"
directory = "experiments/20260605-18.05.57.686725-pumpkin-v3/348"
status = "OPTIMAL"
num_solutions = 2
wall_clock_time = 113.96
cpu_time = 105.52000000000001
failures = "89316"
propagations = "4661383"
solveTime = "105.785188713"
nodes = "93787"
peakDepth = "883"
restarts = "1"
nogoods = "89316"
AverageLbd = "52.111648528819025"
AverageLearnedNogoodLength = "109.89663666084464"
AverageConflictSize = "87.38014465493305"
NumUnitNogoodsLearned = "202"

[[solution_objectives]]
nodes = 92919
restarts = 1
peakDepth = 883
solveTime = 105.718716367
failures = 89290
propagations = 4657626
nogoods = 89290
AverageConflictSize = 87.38014335311905
NumUnitNogoodsLearned = 202
AverageLearnedNogoodLength = 109.8976145145033
AverageLbd = 52.11105386941427
value = 263
time = 112.51

[[solution_objectives]]
nodes = 93787
restarts = 1
peakDepth = 883
solveTime = 105.785176054
failures = 89316
propagations = 4661383
nogoods = 89316
AverageConflictSize = 87.38014465493305
NumUnitNogoodsLearned = 202
AverageLearnedNogoodLength = 109.89663666084464
AverageLbd = 52.111648528819025
value = 203
time = 112.58
