instance = "pumpkin-v2/opt/n50_k15/instance_n50_k15_0021.fzn"
directory = "experiments/20260603-09.01.52.920058-pumpkin-v2/85"
status = "OPTIMAL"
num_solutions = 2
wall_clock_time = 5.65
cpu_time = 3.89
failures = "10158"
propagations = "1186129"
solveTime = "3.8096249540000002"
nodes = "12886"
peakDepth = "633"
restarts = "1"
nogoods = "10158"
AverageLbd = "26.52943492813546"
AverageLearnedNogoodLength = "108.15652687536917"
AverageConflictSize = "41.76127190391809"
NumUnitNogoodsLearned = "249"

[[solution_objectives]]
nodes = 12287
restarts = 1
peakDepth = 633
solveTime = 3.783014364
failures = 10084
propagations = 1177270
nogoods = 10084
AverageConflictSize = 41.951011503371674
NumUnitNogoodsLearned = 249
AverageLearnedNogoodLength = 108.23452994843316
AverageLbd = 26.519238397461326
value = 365
time = 5.39

[[solution_objectives]]
nodes = 12886
restarts = 1
peakDepth = 633
solveTime = 3.809620996
failures = 10158
propagations = 1186129
nogoods = 10158
AverageConflictSize = 41.76127190391809
NumUnitNogoodsLearned = 249
AverageLearnedNogoodLength = 108.15652687536917
AverageLbd = 26.52943492813546
value = 250
time = 5.41
