instance = "pumpkin-v3/opt/n50_k3/instance_n50_k3_0006.fzn"
directory = "experiments/20260605-18.05.57.686725-pumpkin-v3/176"
status = "OPTIMAL"
num_solutions = 2
wall_clock_time = 78.28
cpu_time = 73.4
failures = "188593"
propagations = "5505312"
solveTime = "73.491808004"
nodes = "202081"
peakDepth = "186"
restarts = "119"
nogoods = "188593"
AverageLbd = "9.495341820746264"
AverageLearnedNogoodLength = "41.48153961175653"
AverageConflictSize = "38.702915802813465"
NumUnitNogoodsLearned = "592"

[[solution_objectives]]
nodes = 11506
restarts = 1
peakDepth = 173
solveTime = 2.954725835
failures = 10721
propagations = 334937
nogoods = 10721
AverageConflictSize = 34.01678947859342
NumUnitNogoodsLearned = 591
AverageLearnedNogoodLength = 35.02565059229549
AverageLbd = 12.002425146907937
value = 923
time = 7.03

[[solution_objectives]]
nodes = 12450
restarts = 2
peakDepth = 186
solveTime = 3.142660603
failures = 11282
propagations = 353933
nogoods = 11282
AverageConflictSize = 33.70989186314483
NumUnitNogoodsLearned = 591
AverageLearnedNogoodLength = 34.86101755007977
AverageLbd = 11.942563375288069
value = 833
time = 7.21
