instance = "pumpkin-v1/opt/n150_k7/instance_n150_k7_0014.fzn"
directory = "experiments/20260602-15.07.06.641281-pumpkin-v1/179"
status = "OPTIMAL"
num_solutions = 3
wall_clock_time = 1048.99
cpu_time = 968.8699999999999
failures = "1153596"
propagations = "36545740"
solveTime = "1045.812569445"
nodes = "1700881"
peakDepth = "1235"
restarts = "907"
nogoods = "1153596"
AverageLbd = "23.563008193509685"
AverageLearnedNogoodLength = "44.74230493170919"
AverageConflictSize = "27.85225936983138"
NumUnitNogoodsLearned = "144"

[[solution_objectives]]
nodes = 1697337
restarts = 905
peakDepth = 1063
solveTime = 1045.353663499
failures = 1153453
propagations = 36532190
nogoods = 1153453
AverageConflictSize = 27.847629682353766
NumUnitNogoodsLearned = 144
AverageLearnedNogoodLength = 44.73822427094992
AverageLbd = 23.560140725283127
value = 153
time = 1046.64

[[solution_objectives]]
nodes = 1699597
restarts = 907
peakDepth = 1235
solveTime = 1045.690908992
failures = 1153573
propagations = 36541630
nogoods = 1153573
AverageConflictSize = 27.852312770843284
NumUnitNogoodsLearned = 144
AverageLearnedNogoodLength = 44.74255898846454
AverageLbd = 23.56309743726665
value = 152
time = 1046.97

[[solution_objectives]]
nodes = 1700881
restarts = 907
peakDepth = 1235
solveTime = 1045.812565537
failures = 1153596
propagations = 36545740
nogoods = 1153596
AverageConflictSize = 27.85225936983138
NumUnitNogoodsLearned = 144
AverageLearnedNogoodLength = 44.74230493170919
AverageLbd = 23.563008193509685
value = 145
time = 1047.09
