instance = "pumpkin-v0/random/n150_p010/instance_n150_p0.100_0005.fzn"
directory = "experiments/20260612-11.19.59.708870-pumpkin-v0/110"
status = "SATISFIABLE"
num_solutions = 4
wall_clock_time = 300.92
cpu_time = 294.01000000000005
failures = "402629"
propagations = "613562739"
solveTime = "294.97068664"
nodes = "460168"
peakDepth = "2374"
restarts = "2"
nogoods = "402629"
AverageLbd = "30.099453839638972"
AverageLearnedNogoodLength = "58.44337839549561"
AverageConflictSize = "16.21364581289475"
NumUnitNogoodsLearned = "0"
circuitNumberPropagationsThatFoundConflict = "3143"
circuitNumberTotalFixedEdgesAtConflict = "429895"
circuitNumberNumberOfConflicts = "3143"
circuitNumberPropagationsThatPruned = "99865"
circuitNumberPropagationsTotal = "1075696"

[[solution_objectives]]
nodes = 6465
restarts = 0
peakDepth = 2204
solveTime = 1.8927433219999998
failures = 3606
propagations = 6446361
nogoods = 3606
AverageConflictSize = 10.265391014975041
NumUnitNogoodsLearned = 0
AverageLearnedNogoodLength = 50.75207986688852
AverageLbd = 24.49861342207432
value = 1024
time = 7.01

[[solution_objectives]]
nodes = 69743
restarts = 0
peakDepth = 2204
solveTime = 37.36774136
failures = 58838
propagations = 84574485
nogoods = 58838
AverageConflictSize = 17.140861348108366
NumUnitNogoodsLearned = 0
AverageLearnedNogoodLength = 57.095635473673475
AverageLbd = 27.51238995207179
value = 1011
time = 42.5

[[solution_objectives]]
nodes = 413040
restarts = 0
peakDepth = 2204
solveTime = 261.829207122
failures = 363196
propagations = 549754860
nogoods = 363196
AverageConflictSize = 16.25514873511823
NumUnitNogoodsLearned = 0
AverageLearnedNogoodLength = 58.24181158382802
AverageLbd = 29.898245024724943
value = 1006
time = 266.97

[[solution_objectives]]
nodes = 416000
restarts = 2
peakDepth = 2374
solveTime = 261.948789203
failures = 363408
propagations = 550329019
nogoods = 363408
AverageConflictSize = 16.251075925681327
NumUnitNogoodsLearned = 0
AverageLearnedNogoodLength = 58.234106018579666
AverageLbd = 29.900189318892263
value = 1005
time = 267.1
