instance = "pumpkin-v3/opt/n150_k10/instance_n150_k10_0005.fzn"
directory = "experiments/20260605-18.05.57.686725-pumpkin-v3/14"
status = "OPTIMAL"
num_solutions = 2
wall_clock_time = 14.07
cpu_time = 9.47
failures = "10049"
propagations = "666935"
solveTime = "9.343758126"
nodes = "13979"
peakDepth = "1322"
restarts = "1"
nogoods = "10049"
AverageLbd = "23.900686635486117"
AverageLearnedNogoodLength = "46.75967757985869"
AverageConflictSize = "17.278137128072444"
NumUnitNogoodsLearned = "169"

[[solution_objectives]]
nodes = 12719
restarts = 1
peakDepth = 1322
solveTime = 9.260870909
failures = 10043
propagations = 662801
nogoods = 10043
AverageConflictSize = 17.28278402867669
NumUnitNogoodsLearned = 169
AverageLearnedNogoodLength = 46.77845265358957
AverageLbd = 23.908393906203326
value = 207
time = 13.65

[[solution_objectives]]
nodes = 13979
restarts = 1
peakDepth = 1322
solveTime = 9.343742334
failures = 10049
propagations = 666935
nogoods = 10049
AverageConflictSize = 17.278137128072444
NumUnitNogoodsLearned = 169
AverageLearnedNogoodLength = 46.75967757985869
AverageLbd = 23.900686635486117
value = 170
time = 13.73
