instance = "pumpkin-v3/opt/n150_k20/instance_n150_k20_0002.fzn"
directory = "experiments/20260605-18.05.57.686725-pumpkin-v3/284"
status = "OPTIMAL"
num_solutions = 3
wall_clock_time = 28.02
cpu_time = 21.6
failures = "12435"
propagations = "1505641"
solveTime = "21.451895852"
nodes = "20389"
peakDepth = "2097"
restarts = "2"
nogoods = "12435"
AverageLbd = "59.07872939284278"
AverageLearnedNogoodLength = "139.5642943305187"
AverageConflictSize = "97.2615199034982"
NumUnitNogoodsLearned = "174"

[[solution_objectives]]
nodes = 16192
restarts = 1
peakDepth = 2097
solveTime = 21.103647039
failures = 12354
propagations = 1481046
nogoods = 12354
AverageConflictSize = 97.19750688036264
NumUnitNogoodsLearned = 174
AverageLearnedNogoodLength = 139.62935081754898
AverageLbd = 58.986886838271005
value = 364
time = 26.97

[[solution_objectives]]
nodes = 18744
restarts = 2
peakDepth = 2097
solveTime = 21.384570254
failures = 12435
propagations = 1498550
nogoods = 12435
AverageConflictSize = 97.2615199034982
NumUnitNogoodsLearned = 174
AverageLearnedNogoodLength = 139.5642943305187
AverageLbd = 59.07872939284278
value = 347
time = 27.26

[[solution_objectives]]
nodes = 20389
restarts = 2
peakDepth = 2097
solveTime = 21.451881048
failures = 12435
propagations = 1505641
nogoods = 12435
AverageConflictSize = 97.2615199034982
NumUnitNogoodsLearned = 174
AverageLearnedNogoodLength = 139.5642943305187
AverageLbd = 59.07872939284278
value = 175
time = 27.33
