instance = "pumpkin-v3/opt/n100_k20/instance_n100_k20_0013.fzn"
directory = "experiments/20260605-18.05.57.686725-pumpkin-v3/412"
status = "OPTIMAL"
num_solutions = 2
wall_clock_time = 1605.0
cpu_time = 1591.36
failures = "971445"
propagations = "86453721"
solveTime = "1598.084218551"
nodes = "1003625"
peakDepth = "1265"
restarts = "9"
nogoods = "971445"
AverageLbd = "55.84023696658071"
AverageLearnedNogoodLength = "123.08882540957028"
AverageConflictSize = "89.51921107216569"
NumUnitNogoodsLearned = "195"

[[solution_objectives]]
nodes = 1002701
restarts = 9
peakDepth = 1265
solveTime = 1598.021203133
failures = 971445
propagations = 86448411
nogoods = 971445
AverageConflictSize = 89.51921107216569
NumUnitNogoodsLearned = 195
AverageLearnedNogoodLength = 123.08882540957028
AverageLbd = 55.84023696658071
value = 365
time = 1603.42

[[solution_objectives]]
nodes = 1003625
restarts = 9
peakDepth = 1265
solveTime = 1598.084214038
failures = 971445
propagations = 86453721
nogoods = 971445
AverageConflictSize = 89.51921107216569
NumUnitNogoodsLearned = 195
AverageLearnedNogoodLength = 123.08882540957028
AverageLbd = 55.84023696658071
value = 196
time = 1603.49
