instance = "pumpkin-v2/opt/n50_k5/instance_n50_k5_0014.fzn"
directory = "experiments/20260603-09.01.52.920058-pumpkin-v2/194"
status = "SATISFIABLE"
num_solutions = 2
wall_clock_time = 1801.57
cpu_time = 1790.21
failures = "5112133"
propagations = "156305305"
solveTime = "1797.591402804"
nodes = "5647826"
peakDepth = "316"
restarts = "6925"
nogoods = "5112133"
AverageLbd = "10.86397595680707"
AverageLearnedNogoodLength = "31.39772850197755"
AverageConflictSize = "19.198652499846933"
NumUnitNogoodsLearned = "291"

[[solution_objectives]]
nodes = 11278
restarts = 2
peakDepth = 309
solveTime = 1.8883643559999999
failures = 10322
propagations = 375521
nogoods = 10322
AverageConflictSize = 16.621778725053286
NumUnitNogoodsLearned = 291
AverageLearnedNogoodLength = 24.817961635341987
AverageLbd = 10.719627979073822
value = 635
time = 4.88

[[solution_objectives]]
nodes = 12617
restarts = 3
peakDepth = 316
solveTime = 2.069803364
failures = 11212
propagations = 403993
nogoods = 11212
AverageConflictSize = 16.63860149839458
NumUnitNogoodsLearned = 291
AverageLearnedNogoodLength = 24.862825544059937
AverageLbd = 10.836960399571888
value = 437
time = 5.04
