instance = "pumpkin-v0/opt/n50_k5/instance_n50_k5_0014.fzn"
directory = "experiments/20260602-11.16.13.665988-pumpkin-v0/207"
status = "SATISFIABLE"
num_solutions = 4
wall_clock_time = 1801.35
cpu_time = 1784.52
failures = "5430276"
propagations = "1504083507"
solveTime = "1799.757237526"
nodes = "6559276"
peakDepth = "371"
restarts = "16699"
nogoods = "5430276"
AverageLbd = "14.638898096524008"
AverageLearnedNogoodLength = "33.0440147056982"
AverageConflictSize = "24.853316479678014"
NumUnitNogoodsLearned = "205"

[[solution_objectives]]
nodes = 50642
restarts = 85
peakDepth = 341
solveTime = 6.449913562
failures = 35984
propagations = 9091143
nogoods = 35984
AverageConflictSize = 10.400622498888394
NumUnitNogoodsLearned = 202
AverageLearnedNogoodLength = 24.567502223210315
AverageLbd = 11.821893063583815
value = 809
time = 6.77

[[solution_objectives]]
nodes = 67884
restarts = 106
peakDepth = 371
solveTime = 9.015494422
failures = 47916
propagations = 11875923
nogoods = 47916
AverageConflictSize = 11.008660990065948
NumUnitNogoodsLearned = 205
AverageLearnedNogoodLength = 25.28163870106019
AverageLbd = 11.359399782953503
value = 685
time = 9.31

[[solution_objectives]]
nodes = 69934
restarts = 108
peakDepth = 371
solveTime = 9.333201312
failures = 49095
propagations = 12112229
nogoods = 49095
AverageConflictSize = 11.116814339545778
NumUnitNogoodsLearned = 205
AverageLearnedNogoodLength = 25.501354516753235
AverageLbd = 11.32046033200937
value = 635
time = 9.63

[[solution_objectives]]
nodes = 103838
restarts = 175
peakDepth = 371
solveTime = 14.257187918
failures = 72201
propagations = 18219101
nogoods = 72201
AverageConflictSize = 11.34834697580366
NumUnitNogoodsLearned = 205
AverageLearnedNogoodLength = 25.53262420188086
AverageLbd = 11.297059597512499
value = 437
time = 14.56
