instance = "pumpkin-v1/opt/n50_k7/instance_n50_k7_0024.fzn"
directory = "experiments/20260602-15.07.06.641281-pumpkin-v1/244"
status = "OPTIMAL"
num_solutions = 3
wall_clock_time = 14.65
cpu_time = 13.040000000000001
failures = "46244"
propagations = "2265541"
solveTime = "12.982683262"
nodes = "76789"
peakDepth = "339"
restarts = "106"
nogoods = "46244"
AverageLbd = "18.969466309142806"
AverageLearnedNogoodLength = "45.54811434996972"
AverageConflictSize = "29.545195052331113"
NumUnitNogoodsLearned = "228"

[[solution_objectives]]
nodes = 75289
restarts = 105
peakDepth = 339
solveTime = 12.83598246
failures = 45784
propagations = 2243328
nogoods = 45784
AverageConflictSize = 29.564913506901974
NumUnitNogoodsLearned = 227
AverageLearnedNogoodLength = 45.58339157784379
AverageLbd = 18.968067447143106
value = 269
time = 14.27

[[solution_objectives]]
nodes = 76454
restarts = 106
peakDepth = 339
solveTime = 12.975030746
failures = 46239
propagations = 2263916
nogoods = 46239
AverageConflictSize = 29.54598931637795
NumUnitNogoodsLearned = 227
AverageLearnedNogoodLength = 45.55087696533229
AverageLbd = 18.970306451264083
value = 244
time = 14.4

[[solution_objectives]]
nodes = 76789
restarts = 106
peakDepth = 339
solveTime = 12.982425203
failures = 46243
propagations = 2265345
nogoods = 46243
AverageConflictSize = 29.54509871764375
NumUnitNogoodsLearned = 227
AverageLearnedNogoodLength = 45.54907769824622
AverageLbd = 18.969854896957376
value = 239
time = 14.41
