instance = "pumpkin-v3/opt/n150_k15/instance_n150_k15_0019.fzn"
directory = "experiments/20260605-18.05.57.686725-pumpkin-v3/147"
status = "OPTIMAL"
num_solutions = 3
wall_clock_time = 16.39
cpu_time = 15.59
failures = "10202"
propagations = "1090851"
solveTime = "15.748820911"
nodes = "19625"
peakDepth = "2288"
restarts = "3"
nogoods = "10202"
AverageLbd = "31.67035875318565"
AverageLearnedNogoodLength = "95.03812977847481"
AverageConflictSize = "32.86267398549304"
NumUnitNogoodsLearned = "150"

[[solution_objectives]]
nodes = 15800
restarts = 2
peakDepth = 2288
solveTime = 15.240436276
failures = 10147
propagations = 1072475
nogoods = 10147
AverageConflictSize = 32.698531585690354
NumUnitNogoodsLearned = 150
AverageLearnedNogoodLength = 93.92135606583227
AverageLbd = 31.46851286094412
value = 386
time = 15.71

[[solution_objectives]]
nodes = 18277
restarts = 3
peakDepth = 2288
solveTime = 15.634450365
failures = 10200
propagations = 1084921
nogoods = 10200
AverageConflictSize = 32.86588235294118
NumUnitNogoodsLearned = 150
AverageLearnedNogoodLength = 94.98843137254902
AverageLbd = 31.662843137254903
value = 320
time = 16.1

[[solution_objectives]]
nodes = 19625
restarts = 3
peakDepth = 2288
solveTime = 15.748785201
failures = 10202
propagations = 1090851
nogoods = 10202
AverageConflictSize = 32.86267398549304
NumUnitNogoodsLearned = 150
AverageLearnedNogoodLength = 95.03812977847481
AverageLbd = 31.67035875318565
value = 151
time = 16.22
