instance = "pumpkin-v0/opt/n50_k5/instance_n50_k5_0003.fzn"
directory = "experiments/20260602-11.16.13.665988-pumpkin-v0/216"
status = "SATISFIABLE"
num_solutions = 3
wall_clock_time = 1800.0
cpu_time = 1800.0
failures = "27881"
propagations = "7217973"
solveTime = "4.742773939"
nodes = "42114"
peakDepth = "317"
restarts = "57"
nogoods = "27881"
AverageLbd = "9.653993759190847"
AverageLearnedNogoodLength = "24.30572791506761"
AverageConflictSize = "11.914170940784047"
NumUnitNogoodsLearned = "208"

[[solution_objectives]]
nodes = 16772
restarts = 11
peakDepth = 309
solveTime = 2.006479378
failures = 12055
propagations = 3343349
nogoods = 12055
AverageConflictSize = 14.312401493156367
NumUnitNogoodsLearned = 208
AverageLearnedNogoodLength = 27.677644131065946
AverageLbd = 9.913645790128577
value = 738
time = 5.04

[[solution_objectives]]
nodes = 33311
restarts = 49
peakDepth = 315
solveTime = 3.647768319
failures = 22069
propagations = 5874716
nogoods = 22069
AverageConflictSize = 12.20073406135303
NumUnitNogoodsLearned = 208
AverageLearnedNogoodLength = 24.708369205673115
AverageLbd = 9.858670533327292
value = 658
time = 6.67

[[solution_objectives]]
nodes = 42114
restarts = 57
peakDepth = 317
solveTime = 4.742773939
failures = 27881
propagations = 7217973
nogoods = 27881
AverageConflictSize = 11.914170940784047
NumUnitNogoodsLearned = 208
AverageLearnedNogoodLength = 24.30572791506761
AverageLbd = 9.653993759190847
value = 315
time = 7.77
