instance = "pumpkin-v3/opt/n150_k15/instance_n150_k15_0011.fzn"
directory = "experiments/20260605-18.05.57.686725-pumpkin-v3/157"
status = "OPTIMAL"
num_solutions = 2
wall_clock_time = 396.34
cpu_time = 381.95
failures = "147991"
propagations = "8220186"
solveTime = "388.895125566"
nodes = "160695"
peakDepth = "1620"
restarts = "1"
nogoods = "147991"
AverageLbd = "90.23982539478752"
AverageLearnedNogoodLength = "162.83749687480994"
AverageConflictSize = "127.34004094843606"
NumUnitNogoodsLearned = "175"

[[solution_objectives]]
nodes = 159144
restarts = 1
peakDepth = 1620
solveTime = 388.771893836
failures = 147991
propagations = 8214758
nogoods = 147991
AverageConflictSize = 127.34004094843606
NumUnitNogoodsLearned = 175
AverageLearnedNogoodLength = 162.83749687480994
AverageLbd = 90.23982539478752
value = 314
time = 395.07

[[solution_objectives]]
nodes = 160695
restarts = 1
peakDepth = 1620
solveTime = 388.895109502
failures = 147991
propagations = 8220186
nogoods = 147991
AverageConflictSize = 127.34004094843606
NumUnitNogoodsLearned = 175
AverageLearnedNogoodLength = 162.83749687480994
AverageLbd = 90.23982539478752
value = 176
time = 395.19
