instance = "pumpkin-v3/opt/n50_k15/instance_n50_k15_0006.fzn"
directory = "experiments/20260605-18.05.57.686725-pumpkin-v3/81"
status = "OPTIMAL"
num_solutions = 4
wall_clock_time = 44.52
cpu_time = 39.38
failures = "96680"
propagations = "8461238"
solveTime = "39.356927594"
nodes = "101902"
peakDepth = "696"
restarts = "3"
nogoods = "96680"
AverageLbd = "16.242873396772858"
AverageLearnedNogoodLength = "74.58308853951179"
AverageConflictSize = "43.34022548613984"
NumUnitNogoodsLearned = "202"

[[solution_objectives]]
nodes = 51028
restarts = 1
peakDepth = 696
solveTime = 18.498295466
failures = 49128
propagations = 4278305
nogoods = 49128
AverageConflictSize = 43.67102263475004
NumUnitNogoodsLearned = 202
AverageLearnedNogoodLength = 75.33746539651523
AverageLbd = 17.28140775118059
value = 534
time = 23.55

[[solution_objectives]]
nodes = 100290
restarts = 2
peakDepth = 696
solveTime = 39.061724117
failures = 96161
propagations = 8411585
nogoods = 96161
AverageConflictSize = 43.34474475099053
NumUnitNogoodsLearned = 202
AverageLearnedNogoodLength = 74.62955876082819
AverageLbd = 16.230394858622518
value = 530
time = 44.11

[[solution_objectives]]
nodes = 101448
restarts = 3
peakDepth = 696
solveTime = 39.277879433
failures = 96550
propagations = 8447999
nogoods = 96550
AverageConflictSize = 43.334179181771106
NumUnitNogoodsLearned = 202
AverageLearnedNogoodLength = 74.57959606421544
AverageLbd = 16.240279647850855
value = 515
time = 44.33

[[solution_objectives]]
nodes = 101902
restarts = 3
peakDepth = 696
solveTime = 39.356916815
failures = 96680
propagations = 8461238
nogoods = 96680
AverageConflictSize = 43.34022548613984
NumUnitNogoodsLearned = 202
AverageLearnedNogoodLength = 74.58308853951179
AverageLbd = 16.242873396772858
value = 203
time = 44.41
