%% Circuit-constraint benchmark instance
%% Generated by generate_instances.py
%% Method: Francis & Stuckey (2014) "Explaining circuit propagation"
%%
%% Model: minimise the length of the longest leg (maxleg).
%%        Successor variables must form a Hamiltonian circuit using only
%%        edges present in the transport network (travelTime >= 0).
%%        This matches the MiniZinc model in Figure 1 of the paper.
%%
%% Instance parameters
%%   n              = 20
%%   k              = 10
%%   seed           = 61
%%   knn_edges      = 123   (undirected edges from k-nearest step)
%%   walk_edges     = 1  (undirected edges added by random walk)
%%   total_edges    = 124
%%   walk_fraction  = 0.0081  (walk_edges / total_edges)
%%
%% NOTE: a walk_fraction above 0.20 may indicate a near-degenerate instance
%%       in which the random walk dominates the graph structure.

include "globals.mzn";

int: n = 20;
set of int: Locations = 1..n;

%% Maximum possible travel time; used as the upper bound for maxleg.
int: maxLegLen = 851;

%% Travel times between locations (–1 means no direct connection exists).
array[Locations, Locations] of int: travelTime =
  array2d(Locations, Locations, [ -1, 394, 221, 198, 244, 335, 421, 260, 417, 350, 470, 449, 239, 401, 369, 435, 475, 510, 567, -1, 394, -1, -1, 326, 404, -1, 378, 176, 416, 85, -1, -1, -1, 231, 115, -1, -1, -1, 679, 441, 221, -1, -1, 372, 373, 165, 573, 474, -1, -1, 289, 286, 305, -1, -1, -1, 418, 435, 611, -1, 198, 326, 372, -1, 86, 419, 524, 150, 222, 251, 651, 636, 423, 230, 248, 242, 428, 473, 736, 259, 244, 404, 373, 86, -1, 384, -1, 229, 188, 325, 661, 652, -1, 269, 315, 199, 349, 395, -1, 223, 335, -1, 165, 419, 384, -1, -1, 552, -1, -1, 370, 388, 469, -1, -1, -1, 286, 290, -1, -1, 421, 378, 573, 524, -1, -1, -1, 436, -1, 426, -1, 625, 285, 575, 467, -1, -1, -1, 313, -1, 260, 176, 474, 150, 229, 552, 436, -1, 279, 103, -1, -1, 424, 159, 111, 307, 577, 623, 695, 312, 417, 416, -1, 222, 188, -1, -1, 279, -1, 332, -1, -1, -1, 198, 302, 29, 437, 484, -1, 38, 350, 85, -1, 251, 325, -1, 426, 103, 332, -1, -1, -1, 478, 155, 41, 361, -1, -1, 712, 359, 470, -1, 289, 651, 661, 370, -1, -1, -1, -1, -1, 49, 393, -1, -1, -1, 656, 657, 559, -1, 449, -1, 286, 636, 652, 388, 625, -1, -1, -1, 49, -1, 353, -1, -1, 851, 673, -1, 510, -1, 239, -1, 305, 423, -1, 469, 285, 424, -1, 478, 393, 353, -1, -1, -1, -1, -1, -1, 332, -1, 401, 231, -1, 230, 269, -1, 575, 159, 198, 155, -1, -1, -1, -1, 117, 225, -1, -1, -1, 217, 369, 115, -1, 248, 315, -1, 467, 111, 302, 41, -1, -1, -1, 117, -1, 331, -1, -1, -1, 327, 435, -1, -1, 242, 199, -1, -1, 307, 29, 361, -1, 851, -1, 225, 331, -1, 422, 469, -1, 27, 475, -1, 418, 428, 349, 286, -1, 577, 437, -1, 656, 673, -1, -1, -1, 422, -1, 48, -1, 448, 510, -1, 435, 473, 395, 290, -1, 623, 484, -1, 657, -1, -1, -1, -1, 469, 48, -1, -1, 494, 567, 679, 611, 736, -1, -1, 313, 695, -1, 712, 559, 510, 332, -1, -1, -1, -1, -1, -1, -1, -1, 441, -1, 259, 223, -1, -1, 312, 38, 359, -1, -1, -1, 217, 327, 27, 448, 494, -1, -1 ]);


%% Successor variables: succ[i] = next location after i in the tour.
array[Locations] of var Locations: succ;

%% Only use allowed legs (edges present in the transport network).
constraint forall(loc1, loc2 in Locations)(
  travelTime[loc1, loc2] < 0 -> succ[loc1] != loc2
);

%% Successors must form a Hamiltonian circuit.
constraint circuit(succ);

%% Variable for the length of the longest leg.
var 1..maxLegLen: maxleg;

%% Link maxleg to actual travel times used in the tour.
constraint forall(loc1, loc2 in Locations)(
  succ[loc1] = loc2 -> maxleg >= travelTime[loc1, loc2]
);

solve :: int_search(succ, input_order, indomain_min, complete)
      minimize maxleg;

output [
  "succ = ", show(succ), "\n",
  "maxleg = ", show(maxleg), "\n"
];
