%% Circuit-constraint benchmark instance
%% Generated by generate_instances.py
%% Method: Francis & Stuckey (2014) "Explaining circuit propagation"
%%
%% Model: minimise the length of the longest leg (maxleg).
%%        Successor variables must form a Hamiltonian circuit using only
%%        edges present in the transport network (travelTime >= 0).
%%        This matches the MiniZinc model in Figure 1 of the paper.
%%
%% Instance parameters
%%   n              = 20
%%   k              = 10
%%   seed           = 62
%%   knn_edges      = 126   (undirected edges from k-nearest step)
%%   walk_edges     = 1  (undirected edges added by random walk)
%%   total_edges    = 127
%%   walk_fraction  = 0.0079  (walk_edges / total_edges)
%%
%% NOTE: a walk_fraction above 0.20 may indicate a near-degenerate instance
%%       in which the random walk dominates the graph structure.

include "globals.mzn";

int: n = 20;
set of int: Locations = 1..n;

%% Maximum possible travel time; used as the upper bound for maxleg.
int: maxLegLen = 769;

%% Travel times between locations (–1 means no direct connection exists).
array[Locations, Locations] of int: travelTime =
  array2d(Locations, Locations, [ -1, 78, -1, 663, -1, 57, -1, -1, -1, 769, -1, 575, 134, 653, 136, 686, 261, -1, 538, -1, 78, -1, -1, 672, -1, 68, -1, 702, -1, -1, -1, 557, 77, 667, 74, -1, 284, -1, 522, -1, -1, -1, -1, 405, 310, -1, -1, 134, 331, -1, 522, 297, -1, 452, -1, 502, -1, 336, 337, -1, 663, 672, 405, -1, 493, 714, 236, 313, 83, 354, 280, 234, 614, 47, 623, 104, 405, 289, 231, 429, -1, -1, 310, 493, -1, -1, 490, 403, 413, -1, 424, 529, -1, 530, -1, 550, -1, 230, -1, -1, 57, 68, -1, 714, -1, -1, -1, -1, -1, -1, -1, 614, 144, 706, 141, 740, 315, -1, 578, -1, -1, -1, -1, 236, 490, -1, -1, -1, 249, 263, 85, 463, -1, 220, -1, 174, -1, 264, 465, 249, -1, 702, 134, 313, 403, -1, -1, -1, 255, -1, 496, 164, 627, 358, 634, 417, -1, 349, 204, -1, -1, -1, 331, 83, 413, -1, 249, 255, -1, 419, 268, 222, -1, 127, -1, 172, -1, 221, 233, 474, 769, -1, -1, 354, -1, -1, 263, -1, 419, -1, 343, -1, -1, 310, -1, 251, 534, 519, 554, 151, -1, -1, 522, 280, 424, -1, 85, 496, 268, 343, -1, 489, -1, 277, -1, 243, -1, 208, -1, 304, 575, 557, 297, 234, 529, 614, 463, 164, 222, -1, 489, -1, 485, 269, 493, 332, 360, 406, 40, 661, 134, 77, -1, 614, -1, 144, -1, 627, -1, -1, -1, 485, -1, 613, 10, -1, 247, -1, 452, -1, 653, 667, 452, 47, 530, 706, 220, 358, 127, 310, 277, 269, 613, -1, 623, 64, 393, 318, 260, 392, 136, 74, -1, 623, -1, 141, -1, 634, -1, -1, -1, 493, 10, 623, -1, -1, 258, -1, 460, -1, 686, -1, 502, 104, 550, 740, 174, 417, 172, 251, 243, 332, -1, 64, -1, -1, 426, 327, 323, 329, 261, 284, -1, 405, -1, 315, -1, -1, -1, 534, -1, 360, 247, 393, 258, 426, -1, -1, 321, -1, -1, -1, 336, 289, 230, -1, 264, 349, 221, 519, 208, 406, -1, 318, -1, 327, -1, -1, 430, 508, 538, 522, 337, 231, -1, 578, 465, 204, 233, 554, -1, 40, 452, 260, 460, 323, 321, 430, -1, 651, -1, -1, -1, 429, -1, -1, 249, -1, 474, 151, 304, 661, -1, 392, -1, 329, -1, 508, 651, -1 ]);


%% Successor variables: succ[i] = next location after i in the tour.
array[Locations] of var Locations: succ;

%% Only use allowed legs (edges present in the transport network).
constraint forall(loc1, loc2 in Locations)(
  travelTime[loc1, loc2] < 0 -> succ[loc1] != loc2
);

%% Successors must form a Hamiltonian circuit.
constraint circuit(succ);

%% Variable for the length of the longest leg.
var 1..maxLegLen: maxleg;

%% Link maxleg to actual travel times used in the tour.
constraint forall(loc1, loc2 in Locations)(
  succ[loc1] = loc2 -> maxleg >= travelTime[loc1, loc2]
);

solve :: int_search(succ, input_order, indomain_min, complete)
      minimize maxleg;

output [
  "succ = ", show(succ), "\n",
  "maxleg = ", show(maxleg), "\n"
];
