%% Circuit-constraint benchmark instance
%% Generated by generate_instances.py
%% Method: Francis & Stuckey (2014) "Explaining circuit propagation"
%%
%% Model: minimise the length of the longest leg (maxleg).
%%        Successor variables must form a Hamiltonian circuit using only
%%        edges present in the transport network (travelTime >= 0).
%%        This matches the MiniZinc model in Figure 1 of the paper.
%%
%% Instance parameters
%%   n              = 20
%%   k              = 10
%%   seed           = 55
%%   knn_edges      = 123   (undirected edges from k-nearest step)
%%   walk_edges     = 1  (undirected edges added by random walk)
%%   total_edges    = 124
%%   walk_fraction  = 0.0081  (walk_edges / total_edges)
%%
%% NOTE: a walk_fraction above 0.20 may indicate a near-degenerate instance
%%       in which the random walk dominates the graph structure.

include "globals.mzn";

int: n = 20;
set of int: Locations = 1..n;

%% Maximum possible travel time; used as the upper bound for maxleg.
int: maxLegLen = 691;

%% Travel times between locations (–1 means no direct connection exists).
array[Locations, Locations] of int: travelTime =
  array2d(Locations, Locations, [ -1, 220, -1, 635, 632, -1, 621, -1, 547, -1, 282, 493, -1, 459, 213, -1, -1, -1, -1, 393, 220, -1, 691, 416, 615, -1, 410, -1, 399, -1, 87, 432, 517, 352, 52, 506, -1, -1, -1, 334, -1, 691, -1, -1, 249, 273, 568, 341, 328, -1, 612, 286, -1, 339, -1, -1, 640, 446, -1, 385, 635, 416, -1, -1, -1, 407, 102, 424, 363, 454, 361, -1, 277, -1, 427, 118, 581, -1, 160, -1, 632, 615, 249, -1, -1, 429, -1, 537, 384, -1, 556, 198, -1, 310, 564, -1, -1, -1, -1, 282, -1, -1, 273, 407, 429, -1, 306, 125, 157, 500, -1, 311, 684, 262, -1, 345, 464, 356, 452, 359, 621, 410, 568, 102, -1, 306, -1, 332, 269, 439, 339, -1, 378, 360, 407, 103, 533, 554, 204, -1, -1, -1, 341, 424, 537, 125, 332, -1, 274, 397, -1, 435, -1, 385, -1, 332, 340, 245, 422, -1, 547, 399, 328, 363, 384, 157, 269, 274, -1, 598, 313, 210, 626, 120, 365, 348, 601, 512, 461, 221, -1, -1, -1, 454, -1, 500, 439, 397, 598, -1, -1, -1, 611, -1, -1, 345, 208, 404, 315, -1, 282, 87, 612, 361, 556, -1, 339, -1, 313, -1, -1, 365, 506, 274, 69, 439, -1, -1, 520, 274, 493, 432, 286, -1, 198, 311, -1, 435, 210, -1, 365, -1, -1, 114, 382, -1, -1, -1, -1, 102, -1, 517, -1, 277, -1, 684, 378, -1, 626, 611, 506, -1, -1, -1, 552, 365, -1, -1, 311, -1, 459, 352, 339, -1, 310, 262, 360, 385, 120, -1, 274, 114, -1, -1, 307, 451, -1, 614, -1, 101, 213, 52, -1, 427, 564, -1, 407, -1, 365, -1, 69, 382, 552, 307, -1, 507, -1, -1, -1, 284, -1, 506, -1, 118, -1, 345, 103, 332, 348, 345, 439, -1, 365, 451, 507, -1, 464, 523, 113, -1, -1, -1, 640, 581, -1, 464, 533, 340, 601, 208, -1, -1, -1, -1, -1, 464, -1, 229, 477, -1, -1, -1, 446, -1, -1, 356, 554, 245, 512, 404, -1, -1, -1, 614, -1, 523, 229, -1, 582, -1, -1, -1, -1, 160, -1, 452, 204, 422, 461, 315, 520, -1, 311, -1, -1, 113, 477, 582, -1, -1, 393, 334, 385, -1, 282, 359, -1, -1, 221, -1, 274, 102, -1, 101, 284, -1, -1, -1, -1, -1 ]);


%% Successor variables: succ[i] = next location after i in the tour.
array[Locations] of var Locations: succ;

%% Only use allowed legs (edges present in the transport network).
constraint forall(loc1, loc2 in Locations)(
  travelTime[loc1, loc2] < 0 -> succ[loc1] != loc2
);

%% Successors must form a Hamiltonian circuit.
constraint circuit(succ);

%% Variable for the length of the longest leg.
var 1..maxLegLen: maxleg;

%% Link maxleg to actual travel times used in the tour.
constraint forall(loc1, loc2 in Locations)(
  succ[loc1] = loc2 -> maxleg >= travelTime[loc1, loc2]
);

solve :: int_search(succ, input_order, indomain_min, complete)
      minimize maxleg;

output [
  "succ = ", show(succ), "\n",
  "maxleg = ", show(maxleg), "\n"
];
