%% Circuit-constraint benchmark instance
%% Generated by generate_instances.py
%% Method: Francis & Stuckey (2014) "Explaining circuit propagation"
%%
%% Model: minimise the length of the longest leg (maxleg).
%%        Successor variables must form a Hamiltonian circuit using only
%%        edges present in the transport network (travelTime >= 0).
%%        This matches the MiniZinc model in Figure 1 of the paper.
%%
%% Instance parameters
%%   n              = 20
%%   k              = 10
%%   seed           = 52
%%   knn_edges      = 120   (undirected edges from k-nearest step)
%%   walk_edges     = 1  (undirected edges added by random walk)
%%   total_edges    = 121
%%   walk_fraction  = 0.0083  (walk_edges / total_edges)
%%
%% NOTE: a walk_fraction above 0.20 may indicate a near-degenerate instance
%%       in which the random walk dominates the graph structure.

include "globals.mzn";

int: n = 20;
set of int: Locations = 1..n;

%% Maximum possible travel time; used as the upper bound for maxleg.
int: maxLegLen = 946;

%% Travel times between locations (–1 means no direct connection exists).
array[Locations, Locations] of int: travelTime =
  array2d(Locations, Locations, [ -1, 498, 354, 120, 359, -1, 348, 593, -1, -1, 413, -1, -1, -1, 499, -1, 465, -1, -1, 492, 498, -1, 229, 378, 278, 560, 460, -1, 727, 538, 86, 435, 494, 240, 167, 585, 362, 700, 330, 90, 354, 229, -1, 249, 53, -1, 485, -1, -1, -1, 164, 499, 543, 451, 150, -1, 470, -1, 473, 286, 120, 378, 249, -1, 265, -1, 314, 552, -1, -1, 293, 742, 789, -1, 386, -1, 390, -1, -1, 375, 359, 278, 53, 265, -1, -1, 525, -1, -1, -1, 217, 505, 544, 492, 173, -1, -1, -1, 498, 338, -1, 560, -1, -1, -1, -1, 546, 392, 209, 86, -1, -1, -1, 510, -1, 179, 385, 185, -1, 480, 348, 460, 485, 314, 525, 546, -1, 245, 578, 467, 409, -1, -1, -1, -1, -1, 177, 559, -1, 393, 593, -1, -1, 552, -1, 392, 245, -1, 355, 306, 563, -1, -1, -1, -1, 565, 221, 342, -1, 495, -1, 727, -1, -1, -1, 209, 578, 355, -1, 192, -1, -1, -1, 712, -1, 358, 461, 27, -1, 641, -1, 538, -1, -1, -1, 86, 467, 306, 192, -1, -1, -1, 946, 526, -1, 261, 314, 165, -1, 452, 413, 86, 164, 293, 217, -1, 409, 563, -1, -1, -1, 489, 544, 326, 164, -1, 343, -1, 405, 122, -1, 435, 499, 742, 505, -1, -1, -1, -1, -1, 489, -1, 62, 362, 356, -1, -1, -1, 182, 513, -1, 494, 543, 789, 544, -1, -1, -1, -1, 946, 544, 62, -1, 422, 404, -1, -1, -1, 240, 573, -1, 240, 451, -1, 492, 510, -1, -1, 712, 526, 326, 362, 422, -1, 331, 459, -1, 686, 186, 257, 499, 167, 150, 386, 173, -1, -1, -1, -1, -1, 164, 356, 404, 331, -1, -1, -1, -1, 326, 254, -1, 585, -1, -1, -1, 179, -1, 565, 358, 261, -1, -1, -1, 459, -1, -1, 516, 340, 627, 523, 465, 362, 470, 390, -1, 385, 177, 221, 461, 314, 343, -1, -1, -1, -1, 516, -1, 437, -1, 278, -1, 700, -1, -1, -1, 185, 559, 342, 27, 165, -1, -1, -1, 686, -1, 340, 437, -1, -1, 614, -1, 330, 473, -1, 498, -1, -1, -1, -1, -1, 405, 182, 240, 186, 326, 627, -1, -1, -1, 388, 492, 90, 286, 375, 338, 480, 393, 495, 641, 452, 122, 513, 573, 257, 254, 523, 278, 614, 388, -1 ]);


%% Successor variables: succ[i] = next location after i in the tour.
array[Locations] of var Locations: succ;

%% Only use allowed legs (edges present in the transport network).
constraint forall(loc1, loc2 in Locations)(
  travelTime[loc1, loc2] < 0 -> succ[loc1] != loc2
);

%% Successors must form a Hamiltonian circuit.
constraint circuit(succ);

%% Variable for the length of the longest leg.
var 1..maxLegLen: maxleg;

%% Link maxleg to actual travel times used in the tour.
constraint forall(loc1, loc2 in Locations)(
  succ[loc1] = loc2 -> maxleg >= travelTime[loc1, loc2]
);

solve :: int_search(succ, input_order, indomain_min, complete)
      minimize maxleg;

output [
  "succ = ", show(succ), "\n",
  "maxleg = ", show(maxleg), "\n"
];
