%% Circuit-constraint benchmark instance
%% Generated by generate_instances.py
%% Method: Francis & Stuckey (2014) "Explaining circuit propagation"
%%
%% Model: minimise the length of the longest leg (maxleg).
%%        Successor variables must form a Hamiltonian circuit using only
%%        edges present in the transport network (travelTime >= 0).
%%        This matches the MiniZinc model in Figure 1 of the paper.
%%
%% Instance parameters
%%   n              = 20
%%   k              = 10
%%   seed           = 51
%%   knn_edges      = 119   (undirected edges from k-nearest step)
%%   walk_edges     = 1  (undirected edges added by random walk)
%%   total_edges    = 120
%%   walk_fraction  = 0.0083  (walk_edges / total_edges)
%%
%% NOTE: a walk_fraction above 0.20 may indicate a near-degenerate instance
%%       in which the random walk dominates the graph structure.

include "globals.mzn";

int: n = 20;
set of int: Locations = 1..n;

%% Maximum possible travel time; used as the upper bound for maxleg.
int: maxLegLen = 818;

%% Travel times between locations (–1 means no direct connection exists).
array[Locations, Locations] of int: travelTime =
  array2d(Locations, Locations, [ -1, 329, 52, -1, -1, 330, 371, -1, -1, 325, 390, 131, 309, -1, 263, 387, 464, -1, -1, 478, 329, -1, 278, -1, -1, 431, -1, -1, -1, 579, 316, 206, 208, -1, 69, 277, 320, -1, -1, -1, 52, 278, -1, -1, -1, 326, 403, -1, -1, 357, 360, 83, 270, -1, 211, 352, 427, -1, -1, 522, -1, -1, -1, -1, 337, 443, 342, 71, 459, -1, 613, -1, -1, 365, 818, -1, -1, 431, 433, 402, -1, -1, -1, 337, -1, 432, 533, 329, 122, -1, 497, -1, -1, 52, -1, -1, 528, 95, 167, -1, 330, 431, 326, 443, 432, -1, 271, 502, 490, 638, 199, 371, 239, 401, 378, 236, 288, 480, 337, 456, 371, -1, 403, 342, 533, 271, -1, 413, -1, 567, 467, 482, 478, -1, -1, 499, -1, -1, -1, 185, -1, -1, -1, 71, 329, 502, 413, -1, 449, -1, 662, -1, -1, 365, -1, -1, -1, 420, 449, 465, -1, -1, -1, 459, 122, 490, -1, 449, -1, -1, 508, -1, -1, 107, -1, 546, 517, 28, 161, -1, 325, 579, 357, -1, -1, 638, 567, -1, -1, -1, -1, 388, 627, -1, 528, 709, -1, -1, -1, 570, 390, 316, 360, 613, 497, 199, 467, 662, 508, -1, -1, 360, 114, 452, 290, 46, 92, 508, 348, 650, 131, 206, 83, -1, -1, 371, 482, -1, -1, 388, 360, -1, 255, -1, 145, 342, 412, -1, -1, 605, 309, 208, 270, -1, -1, 239, 478, -1, -1, 627, 114, 255, -1, -1, 176, 88, 159, -1, 460, 651, -1, -1, -1, 365, 52, 401, -1, 365, 107, -1, 452, -1, -1, -1, -1, 494, 479, 86, 115, -1, 263, 69, 211, 818, -1, 378, -1, -1, -1, 528, 290, 145, 176, -1, -1, 257, 313, -1, -1, -1, 387, 277, 352, -1, -1, 236, 499, -1, 546, 709, 46, 342, 88, 494, 257, -1, 76, 548, 388, -1, 464, 320, 427, -1, 528, 288, -1, -1, 517, -1, 92, 412, 159, 479, 313, 76, -1, 523, 367, -1, -1, -1, -1, 431, 95, 480, -1, 420, 28, -1, 508, -1, -1, 86, -1, 548, 523, -1, 160, -1, -1, -1, -1, 433, 167, 337, -1, 449, 161, -1, 348, -1, 460, 115, -1, 388, 367, 160, -1, -1, 478, -1, 522, 402, -1, 456, 185, 465, -1, 570, 650, 605, 651, -1, -1, -1, -1, -1, -1, -1 ]);


%% Successor variables: succ[i] = next location after i in the tour.
array[Locations] of var Locations: succ;

%% Only use allowed legs (edges present in the transport network).
constraint forall(loc1, loc2 in Locations)(
  travelTime[loc1, loc2] < 0 -> succ[loc1] != loc2
);

%% Successors must form a Hamiltonian circuit.
constraint circuit(succ);

%% Variable for the length of the longest leg.
var 1..maxLegLen: maxleg;

%% Link maxleg to actual travel times used in the tour.
constraint forall(loc1, loc2 in Locations)(
  succ[loc1] = loc2 -> maxleg >= travelTime[loc1, loc2]
);

solve :: int_search(succ, input_order, indomain_min, complete)
      minimize maxleg;

output [
  "succ = ", show(succ), "\n",
  "maxleg = ", show(maxleg), "\n"
];
