%% Circuit-constraint benchmark instance
%% Generated by generate_instances.py
%% Method: Francis & Stuckey (2014) "Explaining circuit propagation"
%%
%% Model: minimise the length of the longest leg (maxleg).
%%        Successor variables must form a Hamiltonian circuit using only
%%        edges present in the transport network (travelTime >= 0).
%%        This matches the MiniZinc model in Figure 1 of the paper.
%%
%% Instance parameters
%%   n              = 20
%%   k              = 10
%%   seed           = 44
%%   knn_edges      = 120   (undirected edges from k-nearest step)
%%   walk_edges     = 1  (undirected edges added by random walk)
%%   total_edges    = 121
%%   walk_fraction  = 0.0083  (walk_edges / total_edges)
%%
%% NOTE: a walk_fraction above 0.20 may indicate a near-degenerate instance
%%       in which the random walk dominates the graph structure.

include "globals.mzn";

int: n = 20;
set of int: Locations = 1..n;

%% Maximum possible travel time; used as the upper bound for maxleg.
int: maxLegLen = 827;

%% Travel times between locations (–1 means no direct connection exists).
array[Locations, Locations] of int: travelTime =
  array2d(Locations, Locations, [ -1, 582, 545, 608, 253, 600, 140, 356, 449, 478, 561, 701, 479, 405, 381, 359, 518, 382, 505, 362, 582, -1, 654, -1, -1, 532, 535, 227, -1, 253, -1, 119, 827, -1, -1, -1, 627, 667, 448, 580, 545, 654, -1, 110, 489, -1, 406, -1, -1, 401, 168, 738, -1, 404, -1, 232, 30, -1, 211, -1, 608, -1, 110, -1, 506, -1, 475, -1, -1, 511, 98, -1, -1, 386, -1, 260, 137, -1, 321, -1, 253, -1, 489, 506, -1, -1, 247, -1, 338, -1, 428, -1, 654, 176, 515, 257, 473, 599, -1, 600, 600, 532, -1, -1, -1, -1, 676, 473, -1, 690, -1, 587, 457, -1, 559, -1, -1, 339, -1, 279, 140, 535, 406, 475, 247, 676, -1, 323, 532, 378, 438, 652, 616, 344, 521, 240, 379, 507, 372, 472, 356, 227, -1, -1, -1, 473, 323, -1, -1, 227, -1, 345, 647, -1, 628, 507, -1, 491, 385, 412, 449, -1, -1, -1, 338, -1, 532, -1, -1, -1, 747, -1, 566, 457, 411, 594, -1, 601, -1, 648, 478, 253, 401, 511, -1, 690, 378, 227, -1, -1, 547, 342, -1, -1, -1, 453, 375, -1, 195, 632, 561, -1, 168, 98, 428, -1, 438, -1, 747, 547, -1, -1, -1, 293, -1, 202, 184, -1, 371, -1, 701, 119, 738, -1, -1, 587, 652, 345, -1, 342, -1, -1, -1, -1, -1, 785, 713, -1, 527, 675, 479, 827, -1, -1, 654, 457, 616, 647, 566, -1, -1, -1, -1, -1, 157, -1, -1, 160, -1, 249, 405, -1, 404, 386, 176, -1, 344, -1, 457, -1, 293, -1, -1, -1, 691, 200, 398, -1, 531, -1, 381, -1, -1, -1, 515, 559, 521, 628, 411, -1, -1, -1, 157, 691, -1, -1, -1, 221, -1, 297, 359, -1, 232, 260, 257, -1, 240, 507, 594, 453, 202, 785, -1, 200, -1, -1, 217, -1, 332, -1, 518, 627, 30, 137, 473, -1, 379, -1, -1, 375, 184, 713, -1, 398, -1, 217, -1, -1, 189, -1, 382, 667, -1, -1, 599, 339, 507, 491, 601, -1, -1, -1, 160, -1, 221, -1, -1, -1, -1, 89, 505, 448, 211, 321, -1, -1, 372, 385, -1, 195, 371, 527, -1, 531, -1, 332, 189, -1, -1, -1, 362, 580, -1, -1, 600, 279, 472, 412, 648, 632, -1, 675, 249, -1, 297, -1, -1, 89, -1, -1 ]);


%% Successor variables: succ[i] = next location after i in the tour.
array[Locations] of var Locations: succ;

%% Only use allowed legs (edges present in the transport network).
constraint forall(loc1, loc2 in Locations)(
  travelTime[loc1, loc2] < 0 -> succ[loc1] != loc2
);

%% Successors must form a Hamiltonian circuit.
constraint circuit(succ);

%% Variable for the length of the longest leg.
var 1..maxLegLen: maxleg;

%% Link maxleg to actual travel times used in the tour.
constraint forall(loc1, loc2 in Locations)(
  succ[loc1] = loc2 -> maxleg >= travelTime[loc1, loc2]
);

solve :: int_search(succ, input_order, indomain_min, complete)
      minimize maxleg;

output [
  "succ = ", show(succ), "\n",
  "maxleg = ", show(maxleg), "\n"
];
