%% Circuit-constraint benchmark instance
%% Generated by generate_instances.py
%% Method: Francis & Stuckey (2014) "Explaining circuit propagation"
%%
%% Model: minimise the length of the longest leg (maxleg).
%%        Successor variables must form a Hamiltonian circuit using only
%%        edges present in the transport network (travelTime >= 0).
%%        This matches the MiniZinc model in Figure 1 of the paper.
%%
%% Instance parameters
%%   n              = 20
%%   k              = 10
%%   seed           = 56
%%   knn_edges      = 120   (undirected edges from k-nearest step)
%%   walk_edges     = 3  (undirected edges added by random walk)
%%   total_edges    = 123
%%   walk_fraction  = 0.0244  (walk_edges / total_edges)
%%
%% NOTE: a walk_fraction above 0.20 may indicate a near-degenerate instance
%%       in which the random walk dominates the graph structure.

include "globals.mzn";

int: n = 20;
set of int: Locations = 1..n;

%% Maximum possible travel time; used as the upper bound for maxleg.
int: maxLegLen = 1019;

%% Travel times between locations (–1 means no direct connection exists).
array[Locations, Locations] of int: travelTime =
  array2d(Locations, Locations, [ -1, 494, 472, 637, -1, 540, -1, -1, 445, 1019, 379, 351, 544, -1, -1, 470, -1, -1, 292, -1, 494, -1, 550, 297, 466, 499, 356, 484, 162, 576, 545, 146, 193, 378, 514, 389, 340, 544, 210, 475, 472, 550, -1, -1, -1, 125, 606, 560, 640, -1, -1, 456, 425, 716, -1, -1, -1, -1, 416, -1, 637, 297, -1, -1, 170, -1, -1, -1, 206, 397, 483, 381, -1, -1, 358, 258, 390, 315, 434, 538, -1, 466, -1, 170, -1, -1, -1, 877, 366, 355, 540, 547, -1, -1, 344, 324, 492, 273, -1, -1, 540, 499, 125, -1, -1, -1, 495, 437, 614, -1, -1, 435, 343, 609, -1, -1, -1, -1, 410, -1, -1, 356, 606, -1, -1, 495, -1, 171, 512, 629, -1, 454, 241, 120, 563, -1, 272, -1, 499, 281, -1, 484, 560, -1, 877, 437, 171, -1, -1, -1, -1, 549, 318, 273, -1, -1, 439, -1, 579, 418, 445, 162, 640, 206, 366, 614, 512, -1, -1, 574, 398, 183, 348, 518, 522, 228, 437, 388, 231, 586, 1019, 576, -1, 397, 355, -1, 629, -1, 574, -1, 872, -1, -1, 524, 68, -1, 357, 628, -1, 413, 379, 545, -1, 483, 540, -1, -1, -1, 398, 872, -1, 470, 698, -1, -1, 227, -1, 319, 457, -1, 351, 146, 456, 381, 547, 435, 454, 549, 183, -1, 470, -1, 231, 502, -1, 373, -1, 554, 65, -1, 544, 193, 425, -1, -1, 343, 241, 318, 348, -1, 698, 231, -1, 321, -1, 572, 377, -1, 265, 467, -1, 378, 716, -1, -1, 609, 120, 273, 518, 524, -1, 502, 321, -1, 460, -1, 174, -1, -1, 162, -1, 514, -1, 358, 344, -1, 563, -1, 522, 68, -1, -1, -1, 460, -1, 612, 291, 613, -1, 359, 470, 389, -1, 258, 324, -1, -1, -1, 228, -1, 227, 373, 572, -1, 612, -1, -1, 188, 393, -1, -1, 340, -1, 390, 492, -1, 272, 439, 437, 357, -1, -1, 377, 174, 291, -1, -1, -1, -1, 152, -1, 544, -1, 315, 273, -1, -1, -1, 388, 628, 319, 554, -1, -1, 613, 188, -1, -1, 579, -1, 292, 210, 416, 434, -1, 410, 499, 579, 231, -1, 457, 65, 265, -1, -1, 393, -1, 579, -1, -1, -1, 475, -1, 538, -1, -1, 281, 418, 586, 413, -1, -1, 467, 162, 359, -1, 152, -1, -1, -1 ]);


%% Successor variables: succ[i] = next location after i in the tour.
array[Locations] of var Locations: succ;

%% Only use allowed legs (edges present in the transport network).
constraint forall(loc1, loc2 in Locations)(
  travelTime[loc1, loc2] < 0 -> succ[loc1] != loc2
);

%% Successors must form a Hamiltonian circuit.
constraint circuit(succ);

%% Variable for the length of the longest leg.
var 1..maxLegLen: maxleg;

%% Link maxleg to actual travel times used in the tour.
constraint forall(loc1, loc2 in Locations)(
  succ[loc1] = loc2 -> maxleg >= travelTime[loc1, loc2]
);

solve :: int_search(succ, input_order, indomain_min, complete)
      minimize maxleg;

output [
  "succ = ", show(succ), "\n",
  "maxleg = ", show(maxleg), "\n"
];
