%% Circuit-constraint benchmark instance
%% Generated by generate_instances.py
%% Method: Francis & Stuckey (2014) "Explaining circuit propagation"
%%
%% Model: minimise the length of the longest leg (maxleg).
%%        Successor variables must form a Hamiltonian circuit using only
%%        edges present in the transport network (travelTime >= 0).
%%        This matches the MiniZinc model in Figure 1 of the paper.
%%
%% Instance parameters
%%   n              = 20
%%   k              = 10
%%   seed           = 66
%%   knn_edges      = 122   (undirected edges from k-nearest step)
%%   walk_edges     = 1  (undirected edges added by random walk)
%%   total_edges    = 123
%%   walk_fraction  = 0.0081  (walk_edges / total_edges)
%%
%% NOTE: a walk_fraction above 0.20 may indicate a near-degenerate instance
%%       in which the random walk dominates the graph structure.

include "globals.mzn";

int: n = 20;
set of int: Locations = 1..n;

%% Maximum possible travel time; used as the upper bound for maxleg.
int: maxLegLen = 714;

%% Travel times between locations (–1 means no direct connection exists).
array[Locations, Locations] of int: travelTime =
  array2d(Locations, Locations, [ -1, 176, 465, -1, -1, 502, -1, 396, -1, 444, -1, 537, -1, -1, 252, 276, 503, -1, -1, 242, 176, -1, 416, 433, -1, 388, -1, 302, -1, 272, -1, 452, -1, -1, 81, 166, 478, -1, 549, 77, 465, 416, -1, 326, -1, -1, -1, -1, -1, 416, 599, 116, 483, -1, 384, 573, 82, 714, -1, 461, -1, 433, 326, -1, 443, -1, -1, -1, 332, 223, 368, 234, 157, -1, 356, 520, 402, 431, 411, 423, -1, -1, -1, 443, -1, 587, 449, -1, 202, 423, 492, -1, 296, 294, -1, -1, -1, 384, 160, -1, 502, 388, -1, -1, 587, -1, 321, 112, 420, 402, -1, -1, -1, 515, 385, 230, -1, -1, 428, 318, -1, -1, -1, -1, 449, 321, -1, 432, 392, 537, -1, -1, -1, 236, 623, 527, -1, -1, 337, 580, 396, 302, -1, -1, -1, 112, 432, -1, 466, 388, -1, -1, -1, 615, 319, 136, -1, -1, 492, 242, -1, -1, -1, 332, 202, 420, 392, 466, -1, 234, 534, -1, 240, 355, 411, 454, -1, 484, 83, 421, 444, 272, 416, 223, 423, 402, 537, 388, 234, -1, 564, 377, 266, 572, 192, 309, 498, 581, 314, 231, -1, -1, 599, 368, 492, -1, -1, -1, 534, 564, -1, 483, 312, -1, -1, -1, 646, 164, 576, -1, 537, 452, 116, 234, -1, -1, -1, -1, -1, 377, 483, -1, 386, -1, 401, -1, 176, 600, -1, 481, -1, -1, 483, 157, 296, -1, -1, -1, 240, 266, 312, 386, -1, 560, 446, -1, 558, 316, 303, -1, -1, -1, -1, -1, 294, 515, 236, 615, 355, 572, -1, -1, 560, -1, -1, 676, -1, 671, 272, -1, 252, 81, 384, 356, -1, 385, 623, 319, 411, 192, -1, 401, 446, -1, -1, 192, 454, -1, 481, 80, 276, 166, 573, 520, -1, 230, 527, 136, 454, 309, -1, -1, -1, 676, 192, -1, 639, -1, 501, 113, 503, 478, 82, 402, -1, -1, -1, -1, -1, 498, 646, 176, 558, -1, 454, 639, -1, -1, -1, 530, -1, -1, 714, 431, 384, -1, -1, -1, 484, 581, 164, 600, 316, 671, -1, -1, -1, -1, 502, -1, -1, 549, -1, 411, 160, 428, 337, 492, 83, 314, 576, -1, 303, 272, 481, 501, -1, 502, -1, 483, 242, 77, 461, 423, -1, 318, 580, 242, 421, 231, -1, 481, -1, -1, 80, 113, 530, -1, 483, -1 ]);


%% Successor variables: succ[i] = next location after i in the tour.
array[Locations] of var Locations: succ;

%% Only use allowed legs (edges present in the transport network).
constraint forall(loc1, loc2 in Locations)(
  travelTime[loc1, loc2] < 0 -> succ[loc1] != loc2
);

%% Successors must form a Hamiltonian circuit.
constraint circuit(succ);

%% Variable for the length of the longest leg.
var 1..maxLegLen: maxleg;

%% Link maxleg to actual travel times used in the tour.
constraint forall(loc1, loc2 in Locations)(
  succ[loc1] = loc2 -> maxleg >= travelTime[loc1, loc2]
);

solve :: int_search(succ, input_order, indomain_min, complete)
      minimize maxleg;

output [
  "succ = ", show(succ), "\n",
  "maxleg = ", show(maxleg), "\n"
];
