%% Circuit-constraint benchmark instance
%% Generated by generate_instances.py
%% Method: Francis & Stuckey (2014) "Explaining circuit propagation"
%%
%% Model: minimise the length of the longest leg (maxleg).
%%        Successor variables must form a Hamiltonian circuit using only
%%        edges present in the transport network (travelTime >= 0).
%%        This matches the MiniZinc model in Figure 1 of the paper.
%%
%% Instance parameters
%%   n              = 20
%%   k              = 10
%%   seed           = 69
%%   knn_edges      = 122   (undirected edges from k-nearest step)
%%   walk_edges     = 2  (undirected edges added by random walk)
%%   total_edges    = 124
%%   walk_fraction  = 0.0161  (walk_edges / total_edges)
%%
%% NOTE: a walk_fraction above 0.20 may indicate a near-degenerate instance
%%       in which the random walk dominates the graph structure.

include "globals.mzn";

int: n = 20;
set of int: Locations = 1..n;

%% Maximum possible travel time; used as the upper bound for maxleg.
int: maxLegLen = 915;

%% Travel times between locations (–1 means no direct connection exists).
array[Locations, Locations] of int: travelTime =
  array2d(Locations, Locations, [ -1, -1, -1, -1, -1, -1, 580, 400, 432, 539, -1, -1, -1, 650, 69, 655, 317, 594, 460, -1, -1, -1, 349, -1, 334, 459, 164, 335, 295, 463, 168, -1, -1, 227, -1, -1, -1, 579, 370, 127, -1, 349, -1, 463, 122, 253, 366, -1, 504, -1, 222, 369, 409, -1, -1, 578, -1, 915, -1, 470, -1, -1, 463, -1, 375, 224, 564, 571, 600, -1, 508, 168, 79, -1, 816, 165, -1, -1, -1, -1, -1, 334, 122, 375, -1, 153, 296, 417, 415, -1, 171, 257, 311, -1, -1, 470, -1, -1, -1, 438, -1, 459, 253, 224, 153, -1, 374, 437, 452, -1, 291, 120, 159, -1, -1, 324, -1, -1, -1, -1, 580, 164, 366, 564, 296, 374, -1, 181, 152, 442, 146, 398, 485, 271, 569, 579, 510, 565, 312, 184, 400, 335, -1, 571, 417, 437, 181, -1, 48, 398, 310, 408, 495, 338, 392, 533, 378, 516, 254, 297, 432, 295, 504, 600, 415, 452, 152, 48, -1, 366, 291, 434, 522, 290, 418, 571, 374, 486, 222, 250, 539, 463, -1, -1, -1, -1, 442, 398, 366, -1, -1, -1, -1, 249, 481, -1, 247, 124, 144, 337, -1, 168, 222, 508, 171, 291, 146, 310, 291, -1, -1, 356, 433, 370, -1, 564, -1, -1, -1, 268, -1, -1, 369, 168, 257, 120, 398, 408, 434, -1, 356, -1, 89, -1, -1, 214, -1, -1, -1, -1, -1, -1, 409, 79, 311, 159, 485, 495, 522, -1, 433, 89, -1, -1, -1, 175, -1, -1, -1, -1, 650, 227, -1, -1, -1, -1, 271, 338, 290, 249, 370, -1, -1, -1, 610, -1, 439, 357, 204, 103, 69, -1, -1, 816, -1, -1, 569, 392, 418, 481, -1, -1, -1, 610, -1, -1, 251, 529, 413, 627, 655, -1, 578, 165, 470, 324, 579, 533, 571, -1, 564, 214, 175, -1, -1, -1, -1, -1, -1, -1, 317, -1, -1, -1, -1, -1, 510, 378, 374, 247, -1, -1, -1, 439, 251, -1, -1, 279, 238, 491, 594, 579, 915, -1, -1, -1, 565, 516, 486, 124, -1, -1, -1, 357, 529, -1, 279, -1, 264, 452, 460, 370, -1, -1, -1, -1, 312, 254, 222, 144, -1, -1, -1, 204, 413, -1, 238, 264, -1, 255, -1, 127, 470, -1, 438, -1, 184, 297, 250, 337, 268, -1, -1, 103, 627, -1, 491, 452, 255, -1 ]);


%% Successor variables: succ[i] = next location after i in the tour.
array[Locations] of var Locations: succ;

%% Only use allowed legs (edges present in the transport network).
constraint forall(loc1, loc2 in Locations)(
  travelTime[loc1, loc2] < 0 -> succ[loc1] != loc2
);

%% Successors must form a Hamiltonian circuit.
constraint circuit(succ);

%% Variable for the length of the longest leg.
var 1..maxLegLen: maxleg;

%% Link maxleg to actual travel times used in the tour.
constraint forall(loc1, loc2 in Locations)(
  succ[loc1] = loc2 -> maxleg >= travelTime[loc1, loc2]
);

solve :: int_search(succ, input_order, indomain_min, complete)
      minimize maxleg;

output [
  "succ = ", show(succ), "\n",
  "maxleg = ", show(maxleg), "\n"
];
