%% Circuit-constraint benchmark instance
%% Generated by generate_instances.py
%% Method: Francis & Stuckey (2014) "Explaining circuit propagation"
%%
%% Model: minimise the length of the longest leg (maxleg).
%%        Successor variables must form a Hamiltonian circuit using only
%%        edges present in the transport network (travelTime >= 0).
%%        This matches the MiniZinc model in Figure 1 of the paper.
%%
%% Instance parameters
%%   n              = 20
%%   k              = 10
%%   seed           = 65
%%   knn_edges      = 125   (undirected edges from k-nearest step)
%%   walk_edges     = 2  (undirected edges added by random walk)
%%   total_edges    = 127
%%   walk_fraction  = 0.0157  (walk_edges / total_edges)
%%
%% NOTE: a walk_fraction above 0.20 may indicate a near-degenerate instance
%%       in which the random walk dominates the graph structure.

include "globals.mzn";

int: n = 20;
set of int: Locations = 1..n;

%% Maximum possible travel time; used as the upper bound for maxleg.
int: maxLegLen = 757;

%% Travel times between locations (–1 means no direct connection exists).
array[Locations, Locations] of int: travelTime =
  array2d(Locations, Locations, [ -1, -1, 287, 360, 531, 148, 413, 408, -1, -1, 285, 180, -1, 247, -1, -1, -1, 349, 281, 610, -1, -1, 334, -1, 376, 336, 261, -1, -1, 383, -1, 279, -1, 214, 449, 346, -1, 191, -1, -1, 287, 334, -1, 209, 606, 289, 146, 652, 307, 383, 440, 191, 476, 187, 157, 324, 459, 366, 377, 422, 360, -1, 209, -1, -1, -1, 317, 603, 290, 494, 352, 362, 303, 382, 150, 443, 328, -1, 268, 251, 531, 376, 606, -1, -1, 390, 603, -1, -1, -1, -1, 437, -1, 420, 757, 721, -1, 241, -1, -1, 148, 336, 289, -1, 390, -1, 372, 537, -1, -1, 433, 104, -1, 153, -1, -1, -1, 202, 423, -1, 413, 261, 146, 317, 603, 372, -1, -1, 268, 246, -1, 269, 519, 226, 195, 187, 471, 369, -1, 470, 408, -1, 652, 603, -1, 537, -1, -1, -1, -1, 255, 589, -1, 655, 728, -1, -1, 734, 341, -1, -1, -1, 307, 290, -1, -1, 268, -1, -1, 272, -1, -1, 304, 473, 167, 244, 222, 633, -1, 268, -1, 383, 383, 494, -1, -1, 246, -1, 272, -1, -1, 508, 575, 456, 345, 59, 485, -1, -1, 540, 285, -1, 440, 352, -1, 433, -1, 255, -1, -1, -1, 440, -1, 500, 487, -1, -1, -1, 87, 541, 180, 279, 191, 362, 437, 104, 269, 589, -1, 508, 440, -1, -1, 66, 348, 452, -1, 209, 410, -1, -1, -1, 476, 303, -1, -1, 519, -1, 304, 575, -1, -1, -1, -1, 331, 548, 113, -1, 495, 54, 247, 214, 187, 382, 420, 153, 226, 655, 473, 456, 500, 66, -1, -1, 341, 401, -1, 180, 464, -1, -1, 449, 157, 150, 757, -1, 195, 728, 167, 345, 487, 348, 331, 341, -1, 294, 303, 516, 406, 279, -1, 346, 324, 443, 721, -1, 187, -1, 244, 59, -1, 452, 548, 401, 294, -1, 465, 509, -1, 508, -1, -1, 459, 328, -1, -1, 471, -1, 222, 485, -1, -1, 113, -1, 303, 465, -1, -1, 562, 116, 349, 191, 366, -1, 241, 202, 369, 734, 633, -1, -1, 209, -1, 180, 516, 509, -1, -1, -1, -1, 281, -1, 377, 268, -1, 423, -1, 341, -1, -1, 87, 410, 495, 464, 406, -1, 562, -1, -1, 456, 610, -1, 422, 251, -1, -1, 470, -1, 268, 540, 541, -1, 54, -1, 279, 508, 116, -1, 456, -1 ]);


%% Successor variables: succ[i] = next location after i in the tour.
array[Locations] of var Locations: succ;

%% Only use allowed legs (edges present in the transport network).
constraint forall(loc1, loc2 in Locations)(
  travelTime[loc1, loc2] < 0 -> succ[loc1] != loc2
);

%% Successors must form a Hamiltonian circuit.
constraint circuit(succ);

%% Variable for the length of the longest leg.
var 1..maxLegLen: maxleg;

%% Link maxleg to actual travel times used in the tour.
constraint forall(loc1, loc2 in Locations)(
  succ[loc1] = loc2 -> maxleg >= travelTime[loc1, loc2]
);

solve :: int_search(succ, input_order, indomain_min, complete)
      minimize maxleg;

output [
  "succ = ", show(succ), "\n",
  "maxleg = ", show(maxleg), "\n"
];
