%% Circuit-constraint benchmark instance
%% Generated by generate_instances.py
%% Method: Francis & Stuckey (2014) "Explaining circuit propagation"
%%
%% Model: minimise the length of the longest leg (maxleg).
%%        Successor variables must form a Hamiltonian circuit using only
%%        edges present in the transport network (travelTime >= 0).
%%        This matches the MiniZinc model in Figure 1 of the paper.
%%
%% Instance parameters
%%   n              = 20
%%   k              = 10
%%   seed           = 59
%%   knn_edges      = 123   (undirected edges from k-nearest step)
%%   walk_edges     = 1  (undirected edges added by random walk)
%%   total_edges    = 124
%%   walk_fraction  = 0.0081  (walk_edges / total_edges)
%%
%% NOTE: a walk_fraction above 0.20 may indicate a near-degenerate instance
%%       in which the random walk dominates the graph structure.

include "globals.mzn";

int: n = 20;
set of int: Locations = 1..n;

%% Maximum possible travel time; used as the upper bound for maxleg.
int: maxLegLen = 836;

%% Travel times between locations (–1 means no direct connection exists).
array[Locations, Locations] of int: travelTime =
  array2d(Locations, Locations, [ -1, -1, 660, -1, -1, 705, 575, 287, -1, -1, 425, -1, 641, -1, 379, 683, 605, 537, -1, -1, -1, -1, -1, 266, 374, 532, -1, -1, -1, 87, -1, 641, 576, 231, -1, 634, -1, -1, 461, 457, 660, -1, -1, -1, 337, 183, 87, 510, 216, -1, 245, -1, 180, 476, -1, 66, -1, -1, 271, -1, -1, 266, -1, -1, 397, 541, -1, -1, -1, 245, -1, 376, 557, 375, -1, 659, 661, 678, 453, 259, -1, 374, 337, 397, -1, 159, 357, -1, 533, 288, 504, 620, 202, 186, -1, 271, 723, -1, 89, 329, 705, 532, 183, 541, 159, -1, 198, 486, 392, 446, 352, -1, 64, 325, -1, 119, -1, -1, 88, 411, 575, -1, 87, -1, 357, 198, -1, 426, 265, -1, 169, -1, 166, 518, 689, 116, -1, -1, 277, -1, 287, -1, 510, -1, -1, 486, 426, -1, 668, -1, 350, 626, 423, -1, 266, 506, 404, 339, 490, 485, -1, -1, 216, -1, 533, 392, 265, 668, -1, -1, 332, -1, 396, 640, -1, 274, -1, -1, 480, -1, -1, 87, -1, 245, 288, 446, -1, -1, -1, -1, -1, 605, 489, 163, -1, 551, 836, -1, 374, 392, 425, -1, 245, -1, 504, 352, 169, 350, 332, -1, -1, -1, 303, -1, 613, 285, -1, 677, 417, -1, -1, 641, -1, 376, 620, -1, -1, 626, -1, 605, -1, -1, -1, -1, 576, -1, 355, 401, 624, 294, 641, 576, 180, 557, 202, 64, 166, 423, 396, 489, 303, -1, -1, 379, 660, 129, 680, 641, 115, 398, -1, 231, 476, 375, 186, 325, 518, -1, 640, 163, -1, -1, 379, -1, -1, 413, -1, -1, 273, 430, 379, -1, -1, -1, -1, -1, 689, 266, -1, -1, 613, 576, 660, -1, -1, -1, 240, 178, 701, 569, 683, 634, 66, 659, 271, 119, 116, 506, 274, 551, 285, -1, 129, 413, -1, -1, -1, -1, 207, -1, 605, -1, -1, 661, 723, -1, -1, 404, -1, 836, -1, 355, 680, -1, 240, -1, -1, 69, 682, 445, 537, -1, -1, 678, -1, -1, -1, 339, -1, -1, 677, 401, 641, -1, 178, -1, 69, -1, 652, 446, -1, 461, 271, 453, 89, 88, 277, 490, 480, 374, 417, 624, 115, 273, 701, 207, 682, 652, -1, 331, -1, 457, -1, 259, 329, 411, -1, 485, -1, 392, -1, 294, 398, 430, 569, -1, 445, 446, 331, -1 ]);


%% Successor variables: succ[i] = next location after i in the tour.
array[Locations] of var Locations: succ;

%% Only use allowed legs (edges present in the transport network).
constraint forall(loc1, loc2 in Locations)(
  travelTime[loc1, loc2] < 0 -> succ[loc1] != loc2
);

%% Successors must form a Hamiltonian circuit.
constraint circuit(succ);

%% Variable for the length of the longest leg.
var 1..maxLegLen: maxleg;

%% Link maxleg to actual travel times used in the tour.
constraint forall(loc1, loc2 in Locations)(
  succ[loc1] = loc2 -> maxleg >= travelTime[loc1, loc2]
);

solve :: int_search(succ, input_order, indomain_min, complete)
      minimize maxleg;

output [
  "succ = ", show(succ), "\n",
  "maxleg = ", show(maxleg), "\n"
];
