%% Circuit-constraint benchmark instance
%% Generated by generate_instances.py
%% Method: Francis & Stuckey (2014) "Explaining circuit propagation"
%%
%% Model: minimise the length of the longest leg (maxleg).
%%        Successor variables must form a Hamiltonian circuit using only
%%        edges present in the transport network (travelTime >= 0).
%%        This matches the MiniZinc model in Figure 1 of the paper.
%%
%% Instance parameters
%%   n              = 20
%%   k              = 10
%%   seed           = 43
%%   knn_edges      = 120   (undirected edges from k-nearest step)
%%   walk_edges     = 2  (undirected edges added by random walk)
%%   total_edges    = 122
%%   walk_fraction  = 0.0164  (walk_edges / total_edges)
%%
%% NOTE: a walk_fraction above 0.20 may indicate a near-degenerate instance
%%       in which the random walk dominates the graph structure.

include "globals.mzn";

int: n = 20;
set of int: Locations = 1..n;

%% Maximum possible travel time; used as the upper bound for maxleg.
int: maxLegLen = 1049;

%% Travel times between locations (–1 means no direct connection exists).
array[Locations, Locations] of int: travelTime =
  array2d(Locations, Locations, [ -1, 256, -1, 459, 265, 369, 512, -1, -1, -1, 514, -1, 484, -1, 247, -1, -1, 172, 595, -1, 256, -1, -1, 311, 128, 452, -1, 408, -1, 434, 370, -1, 380, 475, 486, -1, -1, 395, -1, 650, -1, -1, -1, 367, -1, 305, 130, -1, 181, -1, 337, 220, 273, -1, 628, 524, 347, -1, 165, -1, 459, 311, 367, -1, 439, 363, 274, 323, 512, 410, 59, 334, 94, 456, 592, 436, 436, 500, 454, 463, 265, 128, -1, 439, -1, -1, -1, 488, -1, 490, 497, -1, 508, 524, 511, -1, -1, 432, -1, -1, 369, 452, 305, 363, -1, -1, 200, -1, 480, -1, 383, 474, 308, -1, 324, -1, -1, 269, 227, -1, 512, -1, 130, 274, -1, 200, -1, -1, 311, -1, 262, 275, 185, -1, 520, -1, 414, 455, 181, -1, -1, 408, -1, 323, 488, -1, -1, -1, -1, 99, 329, 540, 406, 140, -1, 422, -1, -1, -1, 259, -1, -1, 181, 512, -1, 480, 311, -1, -1, -1, 469, 236, 423, -1, -1, 524, 300, -1, 289, -1, -1, 434, -1, 410, 490, -1, -1, 99, -1, -1, 423, 639, 497, 47, 903, 505, -1, -1, -1, 303, 514, 370, 337, 59, 497, 383, 262, 329, 469, 423, -1, 279, 79, 467, -1, 383, 377, 545, 443, 435, -1, -1, 220, 334, -1, 474, 275, 540, 236, 639, 279, -1, 267, 676, -1, 308, 138, -1, 385, 512, 484, 380, 273, 94, 508, 308, 185, 406, 423, 497, 79, 267, -1, 542, 577, 434, 386, 492, 366, 511, -1, 475, -1, 456, 524, -1, -1, 140, -1, 47, 467, 676, 542, -1, -1, 524, -1, -1, -1, 306, 247, 486, 628, 592, 511, 324, 520, -1, -1, 903, -1, -1, 577, -1, -1, -1, -1, 96, 523, 1049, -1, -1, 524, 436, -1, -1, -1, 422, 524, 505, 383, 308, 434, 524, -1, -1, 231, -1, -1, 258, -1, -1, 347, 436, -1, -1, 414, -1, 300, -1, 377, 138, 386, -1, -1, 231, -1, -1, 511, 477, 172, 395, -1, 500, 432, 269, 455, -1, -1, -1, 545, -1, 492, -1, 96, -1, -1, -1, 487, -1, 595, -1, 165, 454, -1, 227, 181, -1, 289, -1, 443, 385, 366, -1, 523, -1, 511, 487, -1, -1, -1, 650, -1, 463, -1, -1, -1, 259, -1, 303, 435, 512, 511, 306, 1049, 258, 477, -1, -1, -1 ]);


%% Successor variables: succ[i] = next location after i in the tour.
array[Locations] of var Locations: succ;

%% Only use allowed legs (edges present in the transport network).
constraint forall(loc1, loc2 in Locations)(
  travelTime[loc1, loc2] < 0 -> succ[loc1] != loc2
);

%% Successors must form a Hamiltonian circuit.
constraint circuit(succ);

%% Variable for the length of the longest leg.
var 1..maxLegLen: maxleg;

%% Link maxleg to actual travel times used in the tour.
constraint forall(loc1, loc2 in Locations)(
  succ[loc1] = loc2 -> maxleg >= travelTime[loc1, loc2]
);

solve :: int_search(succ, input_order, indomain_min, complete)
      minimize maxleg;

output [
  "succ = ", show(succ), "\n",
  "maxleg = ", show(maxleg), "\n"
];
