instance = "pumpkin-v2/opt/n150_k7/instance_n150_k7_0005.fzn"
directory = "experiments/20260603-09.01.52.920058-pumpkin-v2/256"
status = "OPTIMAL"
num_solutions = 2
wall_clock_time = 18.55
cpu_time = 8.610000000000001
failures = "10550"
propagations = "492186"
solveTime = "8.519707621"
nodes = "14851"
peakDepth = "1159"
restarts = "3"
nogoods = "10550"
AverageLbd = "22.64218009478673"
AverageLearnedNogoodLength = "45.54113744075829"
AverageConflictSize = "32.33535545023697"
NumUnitNogoodsLearned = "169"

[[solution_objectives]]
nodes = 13560
restarts = 3
peakDepth = 1133
solveTime = 8.427061427
failures = 10521
propagations = 487667
nogoods = 10521
AverageConflictSize = 32.3821880049425
NumUnitNogoodsLearned = 169
AverageLearnedNogoodLength = 45.543674555650604
AverageLbd = 22.639577986883378
value = 210
time = 17.8

[[solution_objectives]]
nodes = 14851
restarts = 3
peakDepth = 1159
solveTime = 8.519703341
failures = 10550
propagations = 492186
nogoods = 10550
AverageConflictSize = 32.33535545023697
NumUnitNogoodsLearned = 169
AverageLearnedNogoodLength = 45.54113744075829
AverageLbd = 22.64218009478673
value = 170
time = 17.88
