instance = "pumpkin-v0/opt/n100_k5/instance_n100_k5_0011.fzn"
directory = "experiments/20260609-14.46.48.023744-pumpkin-v0/238"
status = "SATISFIABLE"
num_solutions = 3
wall_clock_time = 1800.0
cpu_time = 1800.0
failures = "2179"
propagations = "2446392"
solveTime = "0.942005825"
nodes = "5541"
peakDepth = "590"
restarts = "0"
nogoods = "2179"
AverageLbd = "25.425883432767325"
AverageLearnedNogoodLength = "45.78338687471317"
AverageConflictSize = "11.810463515374025"
NumUnitNogoodsLearned = "0"
circuitNumberPropagationsThatFoundConflict = "688"
circuitNumberTotalFixedEdgesAtConflict = "52879"
circuitNumberNumberOfConflicts = "688"
circuitNumberPropagationsThatPruned = "3854"
circuitNumberPropagationsTotal = "14220"

[[solution_objectives]]
nodes = 3605
restarts = 0
peakDepth = 559
solveTime = 0.81679949
failures = 1854
propagations = 2047163
nogoods = 1854
AverageConflictSize = 11.838187702265373
NumUnitNogoodsLearned = 0
AverageLearnedNogoodLength = 47.107335490830636
AverageLbd = 26.313376483279395
value = 935
time = 18.3

[[solution_objectives]]
nodes = 4389
restarts = 0
peakDepth = 590
solveTime = 0.855902861
failures = 1952
propagations = 2154114
nogoods = 1952
AverageConflictSize = 12.295081967213115
NumUnitNogoodsLearned = 0
AverageLearnedNogoodLength = 46.740266393442624
AverageLbd = 26.141905737704917
value = 809
time = 18.35

[[solution_objectives]]
nodes = 5541
restarts = 0
peakDepth = 590
solveTime = 0.942005825
failures = 2179
propagations = 2446392
nogoods = 2179
AverageConflictSize = 11.810463515374025
NumUnitNogoodsLearned = 0
AverageLearnedNogoodLength = 45.78338687471317
AverageLbd = 25.425883432767325
value = 690
time = 18.43
