instance = "pumpkin-v0/opt/n150_k7/instance_n150_k7_0014.fzn"
directory = "experiments/20260602-11.16.13.665988-pumpkin-v0/195"
status = "SATISFIABLE"
num_solutions = 2
wall_clock_time = 1801.7
cpu_time = 1789.1100000000001
failures = "2659376"
propagations = "1821588386"
solveTime = "1796.393533864"
nodes = "5693437"
peakDepth = "1139"
restarts = "10404"
nogoods = "2659376"
AverageLbd = "13.934872691939763"
AverageLearnedNogoodLength = "31.690575157480552"
AverageConflictSize = "12.532023301706866"
NumUnitNogoodsLearned = "134"

[[solution_objectives]]
nodes = 2625575
restarts = 2940
peakDepth = 1058
solveTime = 806.318105974
failures = 1533857
propagations = 995500616
nogoods = 1533857
AverageConflictSize = 10.909987045728514
NumUnitNogoodsLearned = 134
AverageLearnedNogoodLength = 28.245455084796042
AverageLbd = 13.102404591823097
value = 147
time = 809.89

[[solution_objectives]]
nodes = 2627266
restarts = 2941
peakDepth = 1139
solveTime = 806.52492396
failures = 1533957
propagations = 995616921
nogoods = 1533957
AverageConflictSize = 10.910695019482294
NumUnitNogoodsLearned = 134
AverageLearnedNogoodLength = 28.246031016514806
AverageLbd = 13.10280014368069
value = 145
time = 810.1
