instance = "pumpkin-v3/opt/n100_k20/instance_n100_k20_0001.fzn"
directory = "experiments/20260605-18.05.57.686725-pumpkin-v3/423"
status = "OPTIMAL"
num_solutions = 3
wall_clock_time = 13.63
cpu_time = 7.859999999999999
failures = "10417"
propagations = "1310674"
solveTime = "7.721070553"
nodes = "16412"
peakDepth = "1337"
restarts = "2"
nogoods = "10417"
AverageLbd = "21.715753095900933"
AverageLearnedNogoodLength = "97.91629067869829"
AverageConflictSize = "37.73936834021311"
NumUnitNogoodsLearned = "163"

[[solution_objectives]]
nodes = 13500
restarts = 1
peakDepth = 1194
solveTime = 7.400160291
failures = 10012
propagations = 1242585
nogoods = 10012
AverageConflictSize = 38.03615661206552
NumUnitNogoodsLearned = 163
AverageLearnedNogoodLength = 99.03795445465441
AverageLbd = 21.765581302437077
value = 363
time = 12.27

[[solution_objectives]]
nodes = 14949
restarts = 2
peakDepth = 1337
solveTime = 7.4818662400000004
failures = 10053
propagations = 1256044
nogoods = 10053
AverageConflictSize = 38.04744852282901
NumUnitNogoodsLearned = 163
AverageLearnedNogoodLength = 99.09529493683478
AverageLbd = 21.7980702277927
value = 362
time = 12.35

[[solution_objectives]]
nodes = 16412
restarts = 2
peakDepth = 1337
solveTime = 7.72105988
failures = 10417
propagations = 1310674
nogoods = 10417
AverageConflictSize = 37.73936834021311
NumUnitNogoodsLearned = 163
AverageLearnedNogoodLength = 97.91629067869829
AverageLbd = 21.715753095900933
value = 164
time = 12.6
