instance = "pumpkin-v1/opt/n50_k10/instance_n50_k10_0003.fzn"
directory = "experiments/20260602-15.07.06.641281-pumpkin-v1/346"
status = "SATISFIABLE"
num_solutions = 4
wall_clock_time = 1801.66
cpu_time = 1788.7700000000002
failures = "4740736"
propagations = "194392363"
solveTime = "1798.559237779"
nodes = "5393945"
peakDepth = "596"
restarts = "4967"
nogoods = "4740736"
AverageLbd = "13.736368994181495"
AverageLearnedNogoodLength = "45.51510145260145"
AverageConflictSize = "25.218046522734024"
NumUnitNogoodsLearned = "235"

[[solution_objectives]]
nodes = 159364
restarts = 143
peakDepth = 566
solveTime = 33.70161812
failures = 110863
propagations = 5748501
nogoods = 110863
AverageConflictSize = 21.62712537095334
NumUnitNogoodsLearned = 235
AverageLearnedNogoodLength = 43.12565959788207
AverageLbd = 14.318401991647349
value = 779
time = 35.46

[[solution_objectives]]
nodes = 171456
restarts = 149
peakDepth = 596
solveTime = 36.299461076
failures = 119389
propagations = 6223026
nogoods = 119389
AverageConflictSize = 21.3808474817613
NumUnitNogoodsLearned = 235
AverageLearnedNogoodLength = 42.41126066890585
AverageLbd = 14.25785457621724
value = 375
time = 38.04

[[solution_objectives]]
nodes = 172790
restarts = 150
peakDepth = 596
solveTime = 36.355402762
failures = 119482
propagations = 6229896
nogoods = 119482
AverageConflictSize = 21.3848613180228
NumUnitNogoodsLearned = 235
AverageLearnedNogoodLength = 42.40280544349776
AverageLbd = 14.259629065465928
value = 311
time = 38.1

[[solution_objectives]]
nodes = 186840
restarts = 153
peakDepth = 596
solveTime = 39.592805085
failures = 129519
propagations = 6730946
nogoods = 129519
AverageConflictSize = 21.327017657640965
NumUnitNogoodsLearned = 235
AverageLearnedNogoodLength = 42.475968776781784
AverageLbd = 14.15167658799095
value = 266
time = 41.34
