instance = "pumpkin-v3/opt/n150_k7/instance_n150_k7_0010.fzn"
directory = "experiments/20260605-18.05.57.686725-pumpkin-v3/252"
status = "OPTIMAL"
num_solutions = 2
wall_clock_time = 31.19
cpu_time = 18.7
failures = "12965"
propagations = "511899"
solveTime = "19.092211135"
nodes = "18812"
peakDepth = "1064"
restarts = "4"
nogoods = "12965"
AverageLbd = "37.14114924797532"
AverageLearnedNogoodLength = "79.04149633629001"
AverageConflictSize = "41.326494408021595"
NumUnitNogoodsLearned = "142"

[[solution_objectives]]
nodes = 16834
restarts = 4
peakDepth = 1038
solveTime = 18.617365935
failures = 12691
propagations = 498768
nogoods = 12691
AverageConflictSize = 41.512804349539046
NumUnitNogoodsLearned = 142
AverageLearnedNogoodLength = 79.48089197068789
AverageLbd = 37.35466078323221
value = 162
time = 25.83

[[solution_objectives]]
nodes = 18812
restarts = 4
peakDepth = 1064
solveTime = 19.092195815
failures = 12965
propagations = 511899
nogoods = 12965
AverageConflictSize = 41.326494408021595
NumUnitNogoodsLearned = 142
AverageLearnedNogoodLength = 79.04149633629001
AverageLbd = 37.14114924797532
value = 143
time = 26.3
