instance = "pumpkin-v1/opt/n50_k3/instance_n50_k3_0012.fzn"
directory = "experiments/20260610-10.42.57.240042-pumpkin-v1/369"
status = "OPTIMAL"
num_solutions = 4
wall_clock_time = 1.76
cpu_time = 0.92
failures = "6111"
propagations = "196206"
solveTime = "0.856553176"
nodes = "10098"
peakDepth = "180"
restarts = "0"
nogoods = "6111"
AverageLbd = "7.524300441826215"
AverageLearnedNogoodLength = "13.28440517100311"
AverageConflictSize = "7.995090819833088"
NumUnitNogoodsLearned = "1"
circuitNumberPropagationsThatFoundConflict = "4000"
circuitNumberTotalFixedEdgesAtConflict = "102299"
circuitNumberNumberOfConflicts = "4000"
circuitNumberPropagationsThatPruned = "13003"
circuitNumberPropagationsTotal = "48892"
allDifferentNumberTotalHallSetSize = "147549"
allDifferentNumberNumberOfConflicts = "13450"
allDifferentNumberMaxHallSetSize = "201"
allDifferentNumberPropagationsTotal = "82468"
allDifferentNumberPropagationsThatFoundConflict = "13450"

[[solution_objectives]]
nodes = 987
restarts = 0
peakDepth = 174
solveTime = 0.024665106
failures = 139
propagations = 8210
nogoods = 139
AverageConflictSize = 5.258992805755396
NumUnitNogoodsLearned = 0
AverageLearnedNogoodLength = 6.856115107913669
AverageLbd = 5.654676258992806
value = 977
time = 0.84

[[solution_objectives]]
nodes = 5054
restarts = 0
peakDepth = 180
solveTime = 0.388252197
failures = 2999
propagations = 78104
nogoods = 2999
AverageConflictSize = 8.062354118039346
NumUnitNogoodsLearned = 0
AverageLearnedNogoodLength = 12.937645881960654
AverageLbd = 8.433477825941981
value = 734
time = 1.19

[[solution_objectives]]
nodes = 8118
restarts = 0
peakDepth = 180
solveTime = 0.65050652
failures = 4844
propagations = 143279
nogoods = 4844
AverageConflictSize = 7.821841453344343
NumUnitNogoodsLearned = 0
AverageLearnedNogoodLength = 12.957886044591246
AverageLbd = 7.820396366639141
value = 475
time = 1.46

[[solution_objectives]]
nodes = 9743
restarts = 0
peakDepth = 180
solveTime = 0.821493996
failures = 5893
propagations = 186716
nogoods = 5893
AverageConflictSize = 8.022908535550654
NumUnitNogoodsLearned = 0
AverageLearnedNogoodLength = 13.306804683522824
AverageLbd = 7.592397760054301
value = 471
time = 1.63
