instance = "pumpkin-v3/opt/n100_k20/instance_n100_k20_0003.fzn"
directory = "experiments/20260605-18.05.57.686725-pumpkin-v3/420"
status = "OPTIMAL"
num_solutions = 3
wall_clock_time = 19.64
cpu_time = 13.93
failures = "11045"
propagations = "1037947"
solveTime = "13.816806798"
nodes = "19369"
peakDepth = "2412"
restarts = "4"
nogoods = "11045"
AverageLbd = "18.8701674966048"
AverageLearnedNogoodLength = "305.50321412403804"
AverageConflictSize = "52.327569035762785"
NumUnitNogoodsLearned = "165"

[[solution_objectives]]
nodes = 15370
restarts = 3
peakDepth = 1295
solveTime = 13.370910496
failures = 10798
propagations = 991752
nogoods = 10798
AverageConflictSize = 53.013243193183925
NumUnitNogoodsLearned = 164
AverageLearnedNogoodLength = 307.9449898129283
AverageLbd = 19.011205778847934
value = 794
time = 18.25

[[solution_objectives]]
nodes = 18012
restarts = 4
peakDepth = 2412
solveTime = 13.547449812
failures = 10864
propagations = 1005385
nogoods = 10864
AverageConflictSize = 52.83652430044182
NumUnitNogoodsLearned = 164
AverageLearnedNogoodLength = 307.7892120765832
AverageLbd = 19.026601620029457
value = 383
time = 18.42

[[solution_objectives]]
nodes = 19369
restarts = 4
peakDepth = 2412
solveTime = 13.813739706
failures = 11044
propagations = 1035813
nogoods = 11044
AverageConflictSize = 52.329228540383916
NumUnitNogoodsLearned = 164
AverageLearnedNogoodLength = 305.5307859471206
AverageLbd = 18.871785584932994
value = 166
time = 18.69
