instance = "pumpkin-v1/opt/n100_k7/instance_n100_k7_0007.fzn"
directory = "experiments/20260602-15.07.06.641281-pumpkin-v1/13"
status = "SATISFIABLE"
num_solutions = 2
wall_clock_time = 1801.46
cpu_time = 1790.57
failures = "3633086"
propagations = "91284786"
solveTime = "1798.857636671"
nodes = "4279797"
peakDepth = "784"
restarts = "1696"
nogoods = "3633086"
AverageLbd = "11.22909064084913"
AverageLearnedNogoodLength = "24.699422199199248"
AverageConflictSize = "15.935993532770762"
NumUnitNogoodsLearned = "207"

[[solution_objectives]]
nodes = 539753
restarts = 747
peakDepth = 746
solveTime = 124.901120076
failures = 287382
propagations = 9190752
nogoods = 287382
AverageConflictSize = 19.888326339158333
NumUnitNogoodsLearned = 207
AverageLearnedNogoodLength = 26.733299232380595
AverageLbd = 17.46240543944993
value = 635
time = 126.24

[[solution_objectives]]
nodes = 581031
restarts = 755
peakDepth = 784
solveTime = 136.904341671
failures = 322660
propagations = 10147705
nogoods = 322660
AverageConflictSize = 18.87943036013141
NumUnitNogoodsLearned = 207
AverageLearnedNogoodLength = 25.62916072646129
AverageLbd = 16.57590652699436
value = 469
time = 138.25
