instance = "pumpkin-v2/opt/n50_k10/instance_n50_k10_0014.fzn"
directory = "experiments/20260603-09.01.52.920058-pumpkin-v2/294"
status = "OPTIMAL"
num_solutions = 4
wall_clock_time = 10.2
cpu_time = 1.93
failures = "12019"
propagations = "719739"
solveTime = "1.84948336"
nodes = "15581"
peakDepth = "563"
restarts = "9"
nogoods = "12019"
AverageLbd = "14.32107496463932"
AverageLearnedNogoodLength = "30.046093684998752"
AverageConflictSize = "18.530742990265413"
NumUnitNogoodsLearned = "291"

[[solution_objectives]]
nodes = 11740
restarts = 5
peakDepth = 532
solveTime = 1.5674485790000001
failures = 10258
propagations = 637924
nogoods = 10258
AverageConflictSize = 18.420647299668552
NumUnitNogoodsLearned = 291
AverageLearnedNogoodLength = 30.031195164749462
AverageLbd = 14.127022811464222
value = 924
time = 8.81

[[solution_objectives]]
nodes = 14416
restarts = 8
peakDepth = 542
solveTime = 1.822963473
failures = 11974
propagations = 712907
nogoods = 11974
AverageConflictSize = 18.582345081008853
NumUnitNogoodsLearned = 291
AverageLearnedNogoodLength = 29.819692667446134
AverageLbd = 14.315600467679973
value = 364
time = 9.05

[[solution_objectives]]
nodes = 15096
restarts = 9
peakDepth = 563
solveTime = 1.844603931
failures = 12018
propagations = 717973
nogoods = 12018
AverageConflictSize = 18.532118488933268
NumUnitNogoodsLearned = 291
AverageLearnedNogoodLength = 30.047678482276584
AverageLbd = 14.321767348976536
value = 356
time = 9.08

[[solution_objectives]]
nodes = 15581
restarts = 9
peakDepth = 563
solveTime = 1.849480075
failures = 12019
propagations = 719739
nogoods = 12019
AverageConflictSize = 18.530742990265413
NumUnitNogoodsLearned = 291
AverageLearnedNogoodLength = 30.046093684998752
AverageLbd = 14.32107496463932
value = 292
time = 9.08
