instance = "pumpkin-v3/opt/n150_k20/instance_n150_k20_0018.fzn"
directory = "experiments/20260605-18.05.57.686725-pumpkin-v3/269"
status = "OPTIMAL"
num_solutions = 2
wall_clock_time = 165.6
cpu_time = 164.38
failures = "54776"
propagations = "4138088"
solveTime = "164.996397294"
nodes = "72602"
peakDepth = "2168"
restarts = "4"
nogoods = "54776"
AverageLbd = "88.49415802541259"
AverageLearnedNogoodLength = "493.0638965970498"
AverageConflictSize = "88.89889732729662"
NumUnitNogoodsLearned = "164"

[[solution_objectives]]
nodes = 70953
restarts = 4
peakDepth = 2168
solveTime = 164.870460762
failures = 54775
propagations = 4130169
nogoods = 54775
AverageConflictSize = 88.90020994979461
NumUnitNogoodsLearned = 164
AverageLearnedNogoodLength = 493.071967138293
AverageLbd = 88.49546325878595
value = 204
time = 165.36

[[solution_objectives]]
nodes = 72602
restarts = 4
peakDepth = 2168
solveTime = 164.996392314
failures = 54776
propagations = 4138088
nogoods = 54776
AverageConflictSize = 88.89889732729662
NumUnitNogoodsLearned = 164
AverageLearnedNogoodLength = 493.0638965970498
AverageLbd = 88.49415802541259
value = 165
time = 165.49
