instance = "pumpkin-v0/opt/n20_k5/instance_n20_k5_0029.fzn"
directory = "experiments/20260602-11.16.13.665988-pumpkin-v0/314"
status = "OPTIMAL"
num_solutions = 3
wall_clock_time = 2.26
cpu_time = 1.97
failures = "12822"
propagations = "1027210"
solveTime = "1.905812971"
nodes = "17327"
peakDepth = "146"
restarts = "5"
nogoods = "12822"
AverageLbd = "12.496178443300577"
AverageLearnedNogoodLength = "28.27343628139136"
AverageConflictSize = "12.74793323974419"
NumUnitNogoodsLearned = "495"

[[solution_objectives]]
nodes = 14328
restarts = 2
peakDepth = 138
solveTime = 1.480526574
failures = 10865
propagations = 878577
nogoods = 10865
AverageConflictSize = 12.188311090658077
NumUnitNogoodsLearned = 494
AverageLearnedNogoodLength = 27.615186378278878
AverageLbd = 12.713667740450989
value = 658
time = 1.83

[[solution_objectives]]
nodes = 16204
restarts = 5
peakDepth = 141
solveTime = 1.721857974
failures = 12050
propagations = 970448
nogoods = 12050
AverageConflictSize = 12.381576763485477
NumUnitNogoodsLearned = 494
AverageLearnedNogoodLength = 27.81053941908714
AverageLbd = 12.674688796680497
value = 539
time = 2.05

[[solution_objectives]]
nodes = 17327
restarts = 5
peakDepth = 146
solveTime = 1.905696903
failures = 12821
propagations = 1027164
nogoods = 12821
AverageConflictSize = 12.747289602995087
NumUnitNogoodsLearned = 494
AverageLearnedNogoodLength = 28.275563528585913
AverageLbd = 12.497075111145776
value = 513
time = 2.23
