instance = "pumpkin-v2/opt/n100_k7/instance_n100_k7_0004.fzn"
directory = "experiments/20260603-09.01.52.920058-pumpkin-v2/139"
status = "OPTIMAL"
num_solutions = 3
wall_clock_time = 10.18
cpu_time = 8.3
failures = "12382"
propagations = "501002"
solveTime = "8.236688303"
nodes = "16828"
peakDepth = "798"
restarts = "4"
nogoods = "12382"
AverageLbd = "27.617347762881604"
AverageLearnedNogoodLength = "63.771038604425776"
AverageConflictSize = "37.35454692295267"
NumUnitNogoodsLearned = "187"

[[solution_objectives]]
nodes = 14053
restarts = 3
peakDepth = 767
solveTime = 7.60970136
failures = 11431
propagations = 464943
nogoods = 11431
AverageConflictSize = 36.75260257195346
NumUnitNogoodsLearned = 187
AverageLearnedNogoodLength = 63.42857142857143
AverageLbd = 27.59723558743767
value = 691
time = 9.24

[[solution_objectives]]
nodes = 16135
restarts = 4
peakDepth = 798
solveTime = 8.215901648
failures = 12381
propagations = 498891
nogoods = 12381
AverageConflictSize = 37.35336402552298
NumUnitNogoodsLearned = 187
AverageLearnedNogoodLength = 63.77182780066231
AverageLbd = 27.617639932154106
value = 230
time = 9.84

[[solution_objectives]]
nodes = 16828
restarts = 4
peakDepth = 798
solveTime = 8.236683694
failures = 12382
propagations = 501002
nogoods = 12382
AverageConflictSize = 37.35454692295267
NumUnitNogoodsLearned = 187
AverageLearnedNogoodLength = 63.771038604425776
AverageLbd = 27.617347762881604
value = 188
time = 9.86
