instance = "pumpkin-v2/opt/n100_k10/instance_n100_k10_0014.fzn"
directory = "experiments/20260603-09.01.52.920058-pumpkin-v2/342"
status = "OPTIMAL"
num_solutions = 2
wall_clock_time = 17.48
cpu_time = 8.940000000000001
failures = "10906"
propagations = "684800"
solveTime = "8.807059737"
nodes = "15073"
peakDepth = "989"
restarts = "4"
nogoods = "10906"
AverageLbd = "28.94397579314139"
AverageLearnedNogoodLength = "78.7590317256556"
AverageConflictSize = "41.00421786172749"
NumUnitNogoodsLearned = "201"

[[solution_objectives]]
nodes = 14021
restarts = 4
peakDepth = 989
solveTime = 8.732952508
failures = 10886
propagations = 680434
nogoods = 10886
AverageConflictSize = 40.998254638985856
NumUnitNogoodsLearned = 201
AverageLearnedNogoodLength = 78.6820687121073
AverageLbd = 28.890685283850818
value = 255
time = 15.63

[[solution_objectives]]
nodes = 15073
restarts = 4
peakDepth = 989
solveTime = 8.807042827
failures = 10906
propagations = 684800
nogoods = 10906
AverageConflictSize = 41.00421786172749
NumUnitNogoodsLearned = 201
AverageLearnedNogoodLength = 78.7590317256556
AverageLbd = 28.94397579314139
value = 202
time = 15.7
