instance = "pumpkin-v0/opt/n150_k7/instance_n150_k7_0004.fzn"
directory = "experiments/20260602-11.16.13.665988-pumpkin-v0/184"
status = "SATISFIABLE"
num_solutions = 2
wall_clock_time = 1800.0
cpu_time = 1800.0
failures = "859028"
propagations = "573091981"
solveTime = "458.103623892"
nodes = "1520713"
peakDepth = "1198"
restarts = "2099"
nogoods = "859028"
AverageLbd = "12.269852670692922"
AverageLearnedNogoodLength = "28.524889759123102"
AverageConflictSize = "10.74219350242367"
NumUnitNogoodsLearned = "127"

[[solution_objectives]]
nodes = 1518917
restarts = 2098
peakDepth = 1038
solveTime = 457.806554776
failures = 858688
propagations = 572669672
nogoods = 858688
AverageConflictSize = 10.740541384064992
NumUnitNogoodsLearned = 127
AverageLearnedNogoodLength = 28.5216399903108
AverageLbd = 12.268871813743758
value = 139
time = 469.04

[[solution_objectives]]
nodes = 1520713
restarts = 2099
peakDepth = 1198
solveTime = 458.103623892
failures = 859028
propagations = 573091981
nogoods = 859028
AverageConflictSize = 10.74219350242367
NumUnitNogoodsLearned = 127
AverageLearnedNogoodLength = 28.524889759123102
AverageLbd = 12.269852670692922
value = 138
time = 469.23
