instance = "pumpkin-v3/opt/n150_k15/instance_n150_k15_0002.fzn"
directory = "experiments/20260605-18.05.57.686725-pumpkin-v3/155"
status = "OPTIMAL"
num_solutions = 2
wall_clock_time = 29.44
cpu_time = 22.32
failures = "12418"
propagations = "974263"
solveTime = "22.17148754"
nodes = "17897"
peakDepth = "1855"
restarts = "3"
nogoods = "12418"
AverageLbd = "50.905379288130135"
AverageLearnedNogoodLength = "110.7739571589628"
AverageConflictSize = "62.03019809953294"
NumUnitNogoodsLearned = "174"

[[solution_objectives]]
nodes = 16043
restarts = 3
peakDepth = 1661
solveTime = 22.048426006
failures = 12418
propagations = 968580
nogoods = 12418
AverageConflictSize = 62.03019809953294
NumUnitNogoodsLearned = 174
AverageLearnedNogoodLength = 110.7739571589628
AverageLbd = 50.905379288130135
value = 193
time = 28.33

[[solution_objectives]]
nodes = 17897
restarts = 3
peakDepth = 1855
solveTime = 22.17147587
failures = 12418
propagations = 974263
nogoods = 12418
AverageConflictSize = 62.03019809953294
NumUnitNogoodsLearned = 174
AverageLearnedNogoodLength = 110.7739571589628
AverageLbd = 50.905379288130135
value = 175
time = 28.47
