instance = "pumpkin-v2/opt/n100_k15/instance_n100_k15_0007.fzn"
directory = "experiments/20260603-09.01.52.920058-pumpkin-v2/115"
status = "OPTIMAL"
num_solutions = 4
wall_clock_time = 14.11
cpu_time = 6.04
failures = "15108"
propagations = "1369439"
solveTime = "5.905560529"
nodes = "22612"
peakDepth = "1452"
restarts = "3"
nogoods = "15108"
AverageLbd = "14.107426528991263"
AverageLearnedNogoodLength = "42.113317447709825"
AverageConflictSize = "13.774821286735504"
NumUnitNogoodsLearned = "207"

[[solution_objectives]]
nodes = 17579
restarts = 1
peakDepth = 1331
solveTime = 5.48430534
failures = 14603
propagations = 1321151
nogoods = 14603
AverageConflictSize = 13.771211394918852
NumUnitNogoodsLearned = 207
AverageLearnedNogoodLength = 42.621447647743615
AverageLbd = 14.153187701157297
value = 1041
time = 9.13

[[solution_objectives]]
nodes = 19320
restarts = 2
peakDepth = 1452
solveTime = 5.575898394
failures = 14656
propagations = 1332253
nogoods = 14656
AverageConflictSize = 13.783774563318778
NumUnitNogoodsLearned = 207
AverageLearnedNogoodLength = 42.67392194323144
AverageLbd = 14.183474344978166
value = 837
time = 9.2

[[solution_objectives]]
nodes = 21515
restarts = 3
peakDepth = 1452
solveTime = 5.866931322
failures = 15102
propagations = 1365054
nogoods = 15102
AverageConflictSize = 13.773606144881473
NumUnitNogoodsLearned = 207
AverageLearnedNogoodLength = 42.11356111773275
AverageLbd = 14.10528406833532
value = 423
time = 9.5

[[solution_objectives]]
nodes = 22612
restarts = 3
peakDepth = 1452
solveTime = 5.905556152
failures = 15108
propagations = 1369439
nogoods = 15108
AverageConflictSize = 13.774821286735504
NumUnitNogoodsLearned = 207
AverageLearnedNogoodLength = 42.113317447709825
AverageLbd = 14.107426528991263
value = 208
time = 9.54
