instance = "pumpkin-v0/random/n150_p015/instance_n150_p0.150_0014.fzn"
directory = "experiments/20260612-11.19.59.708870-pumpkin-v0/67"
status = "SATISFIABLE"
num_solutions = 4
wall_clock_time = 300.0
cpu_time = 300.0
failures = "332462"
propagations = "415901186"
solveTime = "296.441455306"
nodes = "352743"
peakDepth = "3260"
restarts = "0"
nogoods = "332462"
AverageLbd = "37.742349501597175"
AverageLearnedNogoodLength = "59.423296497043275"
AverageConflictSize = "13.348993268403607"
NumUnitNogoodsLearned = "0"
circuitNumberPropagationsThatFoundConflict = "1156"
circuitNumberTotalFixedEdgesAtConflict = "162891"
circuitNumberNumberOfConflicts = "1156"
circuitNumberPropagationsThatPruned = "30955"
circuitNumberPropagationsTotal = "324246"

[[solution_objectives]]
nodes = 3264
restarts = 0
peakDepth = 3260
solveTime = 0.013620079
failures = 4
propagations = 50356
nogoods = 4
AverageConflictSize = 2
NumUnitNogoodsLearned = 0
AverageLearnedNogoodLength = 15.75
AverageLbd = 10.25
value = 1078
time = 3.74

[[solution_objectives]]
nodes = 6473
restarts = 0
peakDepth = 3260
solveTime = 0.02783175
failures = 6
propagations = 81172
nogoods = 6
AverageConflictSize = 38.833333333333336
NumUnitNogoodsLearned = 0
AverageLearnedNogoodLength = 56.666666666666664
AverageLbd = 51.333333333333336
value = 1053
time = 3.74

[[solution_objectives]]
nodes = 9701
restarts = 0
peakDepth = 3260
solveTime = 0.037701981
failures = 7
propagations = 110514
nogoods = 7
AverageConflictSize = 33.57142857142857
NumUnitNogoodsLearned = 0
AverageLearnedNogoodLength = 50
AverageLbd = 44.857142857142854
value = 1012
time = 3.76

[[solution_objectives]]
nodes = 12895
restarts = 0
peakDepth = 3260
solveTime = 0.048731651
failures = 8
propagations = 140445
nogoods = 8
AverageConflictSize = 40.75
NumUnitNogoodsLearned = 0
AverageLearnedNogoodLength = 56.125
AverageLbd = 50.375
value = 1009
time = 3.79
