instance = "pumpkin-v1/opt/n50_k7/instance_n50_k7_0007.fzn"
directory = "experiments/20260602-15.07.06.641281-pumpkin-v1/247"
status = "OPTIMAL"
num_solutions = 3
wall_clock_time = 7.01
cpu_time = 5.26
failures = "24087"
propagations = "956400"
solveTime = "5.157959814"
nodes = "56756"
peakDepth = "398"
restarts = "62"
nogoods = "24087"
AverageLbd = "13.647942873749326"
AverageLearnedNogoodLength = "29.93257773902935"
AverageConflictSize = "17.57433470336696"
NumUnitNogoodsLearned = "244"

[[solution_objectives]]
nodes = 45495
restarts = 50
peakDepth = 398
solveTime = 4.149704206
failures = 18484
propagations = 797476
nogoods = 18484
AverageConflictSize = 19.58320709803073
NumUnitNogoodsLearned = 243
AverageLearnedNogoodLength = 32.229766284354035
AverageLbd = 14.906730144990261
value = 916
time = 5.71

[[solution_objectives]]
nodes = 49539
restarts = 60
peakDepth = 398
solveTime = 4.377273082
failures = 19102
propagations = 837349
nogoods = 19102
AverageConflictSize = 19.715893623704325
NumUnitNogoodsLearned = 243
AverageLearnedNogoodLength = 32.4424667574076
AverageLbd = 15.157313370327714
value = 311
time = 5.93

[[solution_objectives]]
nodes = 50168
restarts = 62
peakDepth = 398
solveTime = 4.403252546
failures = 19171
propagations = 842175
nogoods = 19171
AverageConflictSize = 19.75009128370977
NumUnitNogoodsLearned = 243
AverageLearnedNogoodLength = 32.48724636169214
AverageLbd = 15.197642272181941
value = 309
time = 5.96
