instance = "pumpkin-v2/opt/n150_k7/instance_n150_k7_0009.fzn"
directory = "experiments/20260603-09.01.52.920058-pumpkin-v2/249"
status = "OPTIMAL"
num_solutions = 4
wall_clock_time = 19.17
cpu_time = 10.8
failures = "12859"
propagations = "534753"
solveTime = "10.715413579"
nodes = "23156"
peakDepth = "1267"
restarts = "8"
nogoods = "12859"
AverageLbd = "25.79018586204215"
AverageLearnedNogoodLength = "51.29823469943231"
AverageConflictSize = "37.18765067268061"
NumUnitNogoodsLearned = "178"

[[solution_objectives]]
nodes = 14124
restarts = 2
peakDepth = 1187
solveTime = 8.952370405
failures = 10727
propagations = 456103
nogoods = 10727
AverageConflictSize = 39.8452503029738
NumUnitNogoodsLearned = 178
AverageLearnedNogoodLength = 52.17600447469003
AverageLbd = 26.77868928871073
value = 1055
time = 16.87

[[solution_objectives]]
nodes = 17345
restarts = 6
peakDepth = 1187
solveTime = 9.329917887
failures = 10912
propagations = 471918
nogoods = 10912
AverageConflictSize = 40.207569648093845
NumUnitNogoodsLearned = 178
AverageLearnedNogoodLength = 52.82303885630498
AverageLbd = 27.206469941348974
value = 646
time = 17.23

[[solution_objectives]]
nodes = 20815
restarts = 8
peakDepth = 1187
solveTime = 10.389461134
failures = 12506
propagations = 519648
nogoods = 12506
AverageConflictSize = 37.14065248680633
NumUnitNogoodsLearned = 178
AverageLearnedNogoodLength = 51.362146169838475
AverageLbd = 25.815688469534624
value = 401
time = 18.3

[[solution_objectives]]
nodes = 23156
restarts = 8
peakDepth = 1267
solveTime = 10.715407551
failures = 12859
propagations = 534753
nogoods = 12859
AverageConflictSize = 37.18765067268061
NumUnitNogoodsLearned = 178
AverageLearnedNogoodLength = 51.29823469943231
AverageLbd = 25.79018586204215
value = 179
time = 18.63
