instance = "pumpkin-v0/opt/n50_k5/instance_n50_k5_0011.fzn"
directory = "experiments/20260602-11.16.13.665988-pumpkin-v0/209"
status = "SATISFIABLE"
num_solutions = 2
wall_clock_time = 1801.68
cpu_time = 1790.3
failures = "4370593"
propagations = "857022040"
solveTime = "1798.340476891"
nodes = "5721168"
peakDepth = "307"
restarts = "5742"
nogoods = "4370593"
AverageLbd = "12.156125724815832"
AverageLearnedNogoodLength = "36.0943039079594"
AverageConflictSize = "18.794776361010967"
NumUnitNogoodsLearned = "187"

[[solution_objectives]]
nodes = 22251
restarts = 26
peakDepth = 301
solveTime = 3.750190034
failures = 15771
propagations = 4478962
nogoods = 15771
AverageConflictSize = 11.947879018451589
NumUnitNogoodsLearned = 187
AverageLearnedNogoodLength = 37.479424259717206
AverageLbd = 10.31843256610234
value = 649
time = 5.79

[[solution_objectives]]
nodes = 26201
restarts = 31
peakDepth = 307
solveTime = 4.41189497
failures = 18049
propagations = 5109837
nogoods = 18049
AverageConflictSize = 11.781760762369107
NumUnitNogoodsLearned = 187
AverageLearnedNogoodLength = 36.42329214914954
AverageLbd = 10.061776275693944
value = 365
time = 6.44
