instance = "pumpkin-v2/opt/n150_k20/instance_n150_k20_0017.fzn"
directory = "experiments/20260603-09.01.52.920058-pumpkin-v2/282"
status = "OPTIMAL"
num_solutions = 2
wall_clock_time = 95.77
cpu_time = 92.80000000000001
failures = "76300"
propagations = "8243895"
solveTime = "92.959457122"
nodes = "90062"
peakDepth = "2720"
restarts = "1"
nogoods = "76300"
AverageLbd = "32.69310615989515"
AverageLearnedNogoodLength = "201.7973132372215"
AverageConflictSize = "49.87643512450852"
NumUnitNogoodsLearned = "130"

[[solution_objectives]]
nodes = 41412
restarts = 1
peakDepth = 2720
solveTime = 55.928172348
failures = 30143
propagations = 3089318
nogoods = 30143
AverageConflictSize = 62.66957502571078
NumUnitNogoodsLearned = 129
AverageLearnedNogoodLength = 396.00544073250836
AverageLbd = 48.75115283813821
value = 284
time = 58.44

[[solution_objectives]]
nodes = 90062
restarts = 1
peakDepth = 2720
solveTime = 92.954930271
failures = 76299
propagations = 8241131
nogoods = 76299
AverageConflictSize = 49.87600099608121
NumUnitNogoodsLearned = 129
AverageLearnedNogoodLength = 201.799944953407
AverageLbd = 32.6935215402561
value = 133
time = 95.47
