instance = "pumpkin-v0/opt/n150_k15/instance_n150_k15_0016.fzn"
directory = "experiments/20260609-14.46.48.023744-pumpkin-v0/38"
status = "SATISFIABLE"
num_solutions = 3
wall_clock_time = 1801.66
cpu_time = 1789.58
failures = "2206187"
propagations = "2572117787"
solveTime = "1795.760058114"
nodes = "3357813"
peakDepth = "2482"
restarts = "0"
nogoods = "2206187"
AverageLbd = "33.86918289338121"
AverageLearnedNogoodLength = "85.96140445030272"
AverageConflictSize = "33.8330554028285"
NumUnitNogoodsLearned = "0"
circuitNumberPropagationsThatFoundConflict = "85643"
circuitNumberTotalFixedEdgesAtConflict = "10427870"
circuitNumberNumberOfConflicts = "85643"
circuitNumberPropagationsThatPruned = "478561"
circuitNumberPropagationsTotal = "3640527"

[[solution_objectives]]
nodes = 3077
restarts = 0
peakDepth = 2451
solveTime = 0.412372623
failures = 269
propagations = 522153
nogoods = 269
AverageConflictSize = 26.944237918215613
NumUnitNogoodsLearned = 0
AverageLearnedNogoodLength = 71.85501858736059
AverageLbd = 69.6914498141264
value = 403
time = 4.7

[[solution_objectives]]
nodes = 8023
restarts = 0
peakDepth = 2482
solveTime = 0.775795443
failures = 860
propagations = 1708109
nogoods = 860
AverageConflictSize = 22.69418604651163
NumUnitNogoodsLearned = 0
AverageLearnedNogoodLength = 42.35813953488372
AverageLbd = 35.82209302325582
value = 346
time = 5.05

[[solution_objectives]]
nodes = 10505
restarts = 0
peakDepth = 2482
solveTime = 0.851992685
failures = 903
propagations = 1798694
nogoods = 903
AverageConflictSize = 26.707641196013288
NumUnitNogoodsLearned = 0
AverageLearnedNogoodLength = 45.311184939091916
AverageLbd = 38.395348837209305
value = 284
time = 5.13
