instance = "pumpkin-v0/opt/n50_k10/instance_n50_k10_0022.fzn"
directory = "experiments/20260602-11.16.13.665988-pumpkin-v0/338"
status = "OPTIMAL"
num_solutions = 3
wall_clock_time = 200.61
cpu_time = 197.37
failures = "286825"
propagations = "56000529"
solveTime = "198.944104081"
nodes = "396600"
peakDepth = "314"
restarts = "1230"
nogoods = "286825"
AverageLbd = "14.483165693367036"
AverageLearnedNogoodLength = "190.09094046892704"
AverageConflictSize = "97.02240390482001"
NumUnitNogoodsLearned = "210"

[[solution_objectives]]
nodes = 29708
restarts = 6
peakDepth = 314
solveTime = 7.046885777
failures = 22488
propagations = 5529268
nogoods = 22488
AverageConflictSize = 26.83689078619708
NumUnitNogoodsLearned = 209
AverageLearnedNogoodLength = 76.54282283884739
AverageLbd = 17.577774813233724
value = 242
time = 8.32

[[solution_objectives]]
nodes = 51893
restarts = 9
peakDepth = 314
solveTime = 12.896952815
failures = 39401
propagations = 10069819
nogoods = 39401
AverageConflictSize = 26.32445877008198
NumUnitNogoodsLearned = 209
AverageLearnedNogoodLength = 77.85271947412502
AverageLbd = 15.17867566813025
value = 239
time = 14.16

[[solution_objectives]]
nodes = 52777
restarts = 10
peakDepth = 314
solveTime = 13.046412436
failures = 39788
propagations = 10157354
nogoods = 39788
AverageConflictSize = 26.35704232431889
NumUnitNogoodsLearned = 209
AverageLearnedNogoodLength = 77.77631446667337
AverageLbd = 15.173042123253243
value = 223
time = 14.31
