instance = "pumpkin-v0/opt/n50_k7/instance_n50_k7_0012.fzn"
directory = "experiments/20260602-11.16.13.665988-pumpkin-v0/258"
status = "OPTIMAL"
num_solutions = 4
wall_clock_time = 66.04
cpu_time = 62.290000000000006
failures = "145606"
propagations = "25682791"
solveTime = "62.583356016"
nodes = "193976"
peakDepth = "326"
restarts = "191"
nogoods = "145606"
AverageLbd = "11.006799170363859"
AverageLearnedNogoodLength = "86.68159279150585"
AverageConflictSize = "37.77636223781987"
NumUnitNogoodsLearned = "211"

[[solution_objectives]]
nodes = 49190
restarts = 39
peakDepth = 309
solveTime = 8.576866582
failures = 33402
propagations = 8533289
nogoods = 33402
AverageConflictSize = 15.617867193581223
NumUnitNogoodsLearned = 210
AverageLearnedNogoodLength = 41.5169450931082
AverageLbd = 12.447548051014909
value = 240
time = 11.23

[[solution_objectives]]
nodes = 62239
restarts = 41
peakDepth = 321
solveTime = 12.035654869
failures = 43016
propagations = 10211908
nogoods = 43016
AverageConflictSize = 16.64720104147294
NumUnitNogoodsLearned = 210
AverageLearnedNogoodLength = 45.66993676771434
AverageLbd = 11.825623023991072
value = 239
time = 14.68

[[solution_objectives]]
nodes = 62774
restarts = 42
peakDepth = 326
solveTime = 12.089157239
failures = 43104
propagations = 10233649
nogoods = 43104
AverageConflictSize = 16.65330363771344
NumUnitNogoodsLearned = 210
AverageLearnedNogoodLength = 45.703345397178914
AverageLbd = 11.830131774313289
value = 238
time = 14.73

[[solution_objectives]]
nodes = 65194
restarts = 43
peakDepth = 326
solveTime = 12.631585636
failures = 44671
propagations = 10621502
nogoods = 44671
AverageConflictSize = 16.72154193996105
NumUnitNogoodsLearned = 210
AverageLearnedNogoodLength = 45.7344809831882
AverageLbd = 11.820218933984016
value = 228
time = 15.28
