instance = "pumpkin-v1/opt/n50_k5/instance_n50_k5_0001.fzn"
directory = "experiments/20260610-10.42.57.240042-pumpkin-v1/206"
status = "OPTIMAL"
num_solutions = 5
wall_clock_time = 88.35
cpu_time = 87.78999999999999
failures = "416051"
propagations = "15653402"
solveTime = "87.744769831"
nodes = "908557"
peakDepth = "307"
restarts = "0"
nogoods = "416051"
AverageLbd = "17.318167724629912"
AverageLearnedNogoodLength = "19.353538388322587"
AverageConflictSize = "29.27235362972328"
NumUnitNogoodsLearned = "1"
circuitNumberPropagationsThatFoundConflict = "1523360"
circuitNumberTotalFixedEdgesAtConflict = "70721883"
circuitNumberNumberOfConflicts = "1523360"
circuitNumberPropagationsThatPruned = "471241"
circuitNumberPropagationsTotal = "5218413"
allDifferentNumberTotalHallSetSize = "175196"
allDifferentNumberNumberOfConflicts = "50219"
allDifferentNumberMaxHallSetSize = "300"
allDifferentNumberPropagationsTotal = "6661772"
allDifferentNumberPropagationsThatFoundConflict = "50219"

[[solution_objectives]]
nodes = 4344
restarts = 0
peakDepth = 307
solveTime = 0.146996213
failures = 904
propagations = 41144
nogoods = 904
AverageConflictSize = 6.95353982300885
NumUnitNogoodsLearned = 0
AverageLearnedNogoodLength = 8.995575221238939
AverageLbd = 7.101769911504425
value = 854
time = 0.38

[[solution_objectives]]
nodes = 6162
restarts = 0
peakDepth = 307
solveTime = 0.198245836
failures = 1196
propagations = 58089
nogoods = 1196
AverageConflictSize = 6.95066889632107
NumUnitNogoodsLearned = 0
AverageLearnedNogoodLength = 8.765886287625419
AverageLbd = 6.934782608695652
value = 844
time = 0.43

[[solution_objectives]]
nodes = 890473
restarts = 0
peakDepth = 307
solveTime = 86.710248353
failures = 410409
propagations = 15378699
nogoods = 410409
AverageConflictSize = 29.490230477401813
NumUnitNogoodsLearned = 0
AverageLearnedNogoodLength = 19.42588734652505
AverageLbd = 17.427661186767345
value = 576
time = 86.95

[[solution_objectives]]
nodes = 892521
restarts = 0
peakDepth = 307
solveTime = 86.81198611
failures = 410947
propagations = 15404208
nogoods = 410947
AverageConflictSize = 29.467782950112788
NumUnitNogoodsLearned = 0
AverageLearnedNogoodLength = 19.417632930767226
AverageLbd = 17.416637668604466
value = 341
time = 87.05

[[solution_objectives]]
nodes = 908557
restarts = 0
peakDepth = 307
solveTime = 87.744569156
failures = 416050
propagations = 15653350
nogoods = 416050
AverageConflictSize = 29.272404759043383
NumUnitNogoodsLearned = 0
AverageLearnedNogoodLength = 19.353582502103112
AverageLbd = 17.318206946280494
value = 304
time = 87.98
