instance = "pumpkin-v1/opt/n100_k15/instance_n100_k15_0017.fzn"
directory = "experiments/20260610-10.42.57.240042-pumpkin-v1/158"
status = "SATISFIABLE"
num_solutions = 4
wall_clock_time = 1800.0
cpu_time = 1800.0
failures = "1862269"
propagations = "46614343"
solveTime = "1073.548726388"
nodes = "2838656"
peakDepth = "1649"
restarts = "1"
nogoods = "1862269"
AverageLbd = "34.94888869438304"
AverageLearnedNogoodLength = "67.95246551384359"
AverageConflictSize = "36.18187598032293"
NumUnitNogoodsLearned = "0"
circuitNumberPropagationsThatFoundConflict = "32694"
circuitNumberTotalFixedEdgesAtConflict = "2847083"
circuitNumberNumberOfConflicts = "32694"
circuitNumberPropagationsThatPruned = "208826"
circuitNumberPropagationsTotal = "4031786"
allDifferentNumberTotalHallSetSize = "39681732"
allDifferentNumberNumberOfConflicts = "1439108"
allDifferentNumberMaxHallSetSize = "400"
allDifferentNumberPropagationsTotal = "9032770"
allDifferentNumberPropagationsThatFoundConflict = "1439108"

[[solution_objectives]]
nodes = 30685
restarts = 0
peakDepth = 1619
solveTime = 3.719081124
failures = 3475
propagations = 257779
nogoods = 3475
AverageConflictSize = 44.98877697841726
NumUnitNogoodsLearned = 0
AverageLearnedNogoodLength = 56.39194244604317
AverageLbd = 54.086618705035974
value = 356
time = 3.98

[[solution_objectives]]
nodes = 34666
restarts = 0
peakDepth = 1619
solveTime = 5.658840925
failures = 5758
propagations = 332557
nogoods = 5758
AverageConflictSize = 52.82042375824939
NumUnitNogoodsLearned = 0
AverageLearnedNogoodLength = 66.69433831191385
AverageLbd = 62.82407085793678
value = 345
time = 5.92

[[solution_objectives]]
nodes = 1876682
restarts = 0
peakDepth = 1649
solveTime = 698.280690394
failures = 1225596
propagations = 30058492
nogoods = 1225596
AverageConflictSize = 30.052566261639235
NumUnitNogoodsLearned = 0
AverageLearnedNogoodLength = 58.54640762535126
AverageLbd = 33.938877901037536
value = 343
time = 698.55

[[solution_objectives]]
nodes = 2838656
restarts = 1
peakDepth = 1649
solveTime = 1073.548726388
failures = 1862269
propagations = 46614343
nogoods = 1862269
AverageConflictSize = 36.18187598032293
NumUnitNogoodsLearned = 0
AverageLearnedNogoodLength = 67.95246551384359
AverageLbd = 34.94888869438304
value = 334
time = 1073.83
