instance = "pumpkin-v3/opt/n150_k7/instance_n150_k7_0005.fzn"
directory = "experiments/20260605-18.05.57.686725-pumpkin-v3/256"
status = "OPTIMAL"
num_solutions = 2
wall_clock_time = 15.28
cpu_time = 9.85
failures = "10888"
propagations = "436141"
solveTime = "9.723891987"
nodes = "15261"
peakDepth = "1187"
restarts = "3"
nogoods = "10888"
AverageLbd = "16.041421748714182"
AverageLearnedNogoodLength = "32.49384643644379"
AverageConflictSize = "15.982274063188832"
NumUnitNogoodsLearned = "169"

[[solution_objectives]]
nodes = 13974
restarts = 3
peakDepth = 1118
solveTime = 9.648021057
failures = 10878
propagations = 432907
nogoods = 10878
AverageConflictSize = 15.978672550101122
NumUnitNogoodsLearned = 169
AverageLearnedNogoodLength = 32.497425997426
AverageLbd = 16.038701967273397
value = 1226
time = 14.3

[[solution_objectives]]
nodes = 15261
restarts = 3
peakDepth = 1187
solveTime = 9.723874238
failures = 10888
propagations = 436141
nogoods = 10888
AverageConflictSize = 15.982274063188832
NumUnitNogoodsLearned = 169
AverageLearnedNogoodLength = 32.49384643644379
AverageLbd = 16.041421748714182
value = 170
time = 14.38
