instance = "pumpkin-v0/opt/n20_k7/instance_n20_k7_0002.fzn"
directory = "experiments/20260602-11.16.13.665988-pumpkin-v0/125"
status = "OPTIMAL"
num_solutions = 2
wall_clock_time = 1.82
cpu_time = 1.55
failures = "11180"
propagations = "1172346"
solveTime = "1.489400366"
nodes = "14117"
peakDepth = "146"
restarts = "7"
nogoods = "11180"
AverageLbd = "9.952951699463327"
AverageLearnedNogoodLength = "38.42468694096601"
AverageConflictSize = "11.878890876565295"
NumUnitNogoodsLearned = "404"

[[solution_objectives]]
nodes = 12921
restarts = 4
peakDepth = 146
solveTime = 1.364247909
failures = 10461
propagations = 1108534
nogoods = 10461
AverageConflictSize = 11.250645253799828
NumUnitNogoodsLearned = 403
AverageLearnedNogoodLength = 38.13220533409808
AverageLbd = 10.04339929261065
value = 449
time = 1.66

[[solution_objectives]]
nodes = 13313
restarts = 7
peakDepth = 146
solveTime = 1.39255794
failures = 10592
propagations = 1126774
nogoods = 10592
AverageConflictSize = 11.321941087613293
NumUnitNogoodsLearned = 403
AverageLearnedNogoodLength = 38.10215256797583
AverageLbd = 10.098753776435045
value = 411
time = 1.69
