instance = "pumpkin-v3/opt/n150_k15/instance_n150_k15_0005.fzn"
directory = "experiments/20260605-18.05.57.686725-pumpkin-v3/165"
status = "OPTIMAL"
num_solutions = 2
wall_clock_time = 27.18
cpu_time = 26.740000000000002
failures = "11000"
propagations = "1364517"
solveTime = "26.682598214"
nodes = "15979"
peakDepth = "1529"
restarts = "4"
nogoods = "11000"
AverageLbd = "77.42354545454546"
AverageLearnedNogoodLength = "166.91209090909092"
AverageConflictSize = "115.01127272727273"
NumUnitNogoodsLearned = "169"

[[solution_objectives]]
nodes = 14433
restarts = 4
peakDepth = 1529
solveTime = 26.570133748
failures = 10996
propagations = 1358246
nogoods = 10996
AverageConflictSize = 115.03283012004366
NumUnitNogoodsLearned = 169
AverageLearnedNogoodLength = 166.9144234267006
AverageLbd = 77.42842851946162
value = 758
time = 27.02

[[solution_objectives]]
nodes = 15979
restarts = 4
peakDepth = 1529
solveTime = 26.682593589
failures = 11000
propagations = 1364517
nogoods = 11000
AverageConflictSize = 115.01127272727273
NumUnitNogoodsLearned = 169
AverageLearnedNogoodLength = 166.91209090909092
AverageLbd = 77.42354545454546
value = 170
time = 27.14
