instance = "pumpkin-v1/opt/n100_k15/instance_n100_k15_0005.fzn"
directory = "experiments/20260602-15.07.06.641281-pumpkin-v1/161"
status = "SATISFIABLE"
num_solutions = 3
wall_clock_time = 1801.38
cpu_time = 1793.13
failures = "3433858"
propagations = "209684573"
solveTime = "1799.708948004"
nodes = "4103315"
peakDepth = "1048"
restarts = "700"
nogoods = "3433858"
AverageLbd = "15.616521708236043"
AverageLearnedNogoodLength = "46.1485128389118"
AverageConflictSize = "21.71262061506329"
NumUnitNogoodsLearned = "171"

[[solution_objectives]]
nodes = 805693
restarts = 617
peakDepth = 1048
solveTime = 251.318245058
failures = 363645
propagations = 37529794
nogoods = 363645
AverageConflictSize = 59.29601671960291
NumUnitNogoodsLearned = 171
AverageLearnedNogoodLength = 86.00349516698978
AverageLbd = 37.10485775962821
value = 281
time = 251.82

[[solution_objectives]]
nodes = 807655
restarts = 619
peakDepth = 1048
solveTime = 251.531504164
failures = 363754
propagations = 37550775
nogoods = 363754
AverageConflictSize = 59.2976682043359
NumUnitNogoodsLearned = 171
AverageLearnedNogoodLength = 86.00721366637893
AverageLbd = 37.107437993809
value = 234
time = 252.02

[[solution_objectives]]
nodes = 812320
restarts = 630
peakDepth = 1048
solveTime = 252.442406953
failures = 364544
propagations = 37763128
nogoods = 364544
AverageConflictSize = 59.30950447682584
NumUnitNogoodsLearned = 171
AverageLearnedNogoodLength = 86.02935173806179
AverageLbd = 37.1331910551264
value = 183
time = 252.94
