instance = "pumpkin-v2/opt/n150_k7/instance_n150_k7_0014.fzn"
directory = "experiments/20260603-09.01.52.920058-pumpkin-v2/265"
status = "OPTIMAL"
num_solutions = 3
wall_clock_time = 12.69
cpu_time = 7.84
failures = "11071"
propagations = "549667"
solveTime = "7.742055454"
nodes = "17985"
peakDepth = "1153"
restarts = "6"
nogoods = "11071"
AverageLbd = "19.300876162948242"
AverageLearnedNogoodLength = "37.42245506277662"
AverageConflictSize = "21.451088429229518"
NumUnitNogoodsLearned = "144"

[[solution_objectives]]
nodes = 14581
restarts = 4
peakDepth = 1132
solveTime = 7.32921061
failures = 10926
propagations = 534168
nogoods = 10926
AverageConflictSize = 21.19851729818781
NumUnitNogoodsLearned = 144
AverageLearnedNogoodLength = 36.8268350723046
AverageLbd = 19.059948746110194
value = 824
time = 11.72

[[solution_objectives]]
nodes = 16588
restarts = 6
peakDepth = 1151
solveTime = 7.625547135
failures = 11031
propagations = 544241
nogoods = 11031
AverageConflictSize = 21.5032182032454
NumUnitNogoodsLearned = 144
AverageLearnedNogoodLength = 37.399873084942435
AverageLbd = 19.29906626779077
value = 615
time = 12.0

[[solution_objectives]]
nodes = 17985
restarts = 6
peakDepth = 1153
solveTime = 7.742049649
failures = 11071
propagations = 549667
nogoods = 11071
AverageConflictSize = 21.451088429229518
NumUnitNogoodsLearned = 144
AverageLearnedNogoodLength = 37.42245506277662
AverageLbd = 19.300876162948242
value = 145
time = 12.12
