instance = "pumpkin-v3/opt/n100_k5/instance_n100_k5_0018.fzn"
directory = "experiments/20260610-15.09.41.739715-pumpkin-v3/395"
status = "SATISFIABLE"
num_solutions = 7
wall_clock_time = 1800.9
cpu_time = 1789.18
failures = "690611"
propagations = "19433372"
solveTime = "1799.662402502"
nodes = "695278"
peakDepth = "567"
restarts = "0"
nogoods = "690611"
AverageLbd = "40.66582345198672"
AverageLearnedNogoodLength = "87.22518465532696"
AverageConflictSize = "17.423202063100646"
NumUnitNogoodsLearned = "0"
circuitNumberPropagationsTotal = "4212205"
circuitNumberCircuitConflicts = "699777"
circuitNumberAlldiffConflicts = "249"
circuitNumberTotalFixedEdgesAtConflict = "64675834"
circuitNumberNumberOfConflicts = "700026"
circuitNumberGacPrunings = "5167336"
circuitNumberPropagationsThatGacPruned = "2286728"
circuitNumberTotalPruningHallSetSize = "24393871"
circuitNumberNumberOfPruningExplanations = "5167336"
circuitNumberMaxPruningHallSetSize = "664"
circuitNumberTotalSccSizeAtPruning = "12359285"
circuitNumberNumberOfSccPruningCalls = "2286728"
circuitNumberTotalVarsInvolvedInPruning = "4492249"
circuitNumberMaxValuesPrunedFromSingleVar = "46"
circuitNumberHallCircuitChecks = "11260317"
circuitNumberHallCircuitPrunings = "879812"
circuitNumberCircuitPreventPrunings = "1986730"

[[solution_objectives]]
nodes = 609
restarts = 0
peakDepth = 567
solveTime = 0.046093817
failures = 16
propagations = 3676
nogoods = 16
AverageConflictSize = 23.875
NumUnitNogoodsLearned = 0
AverageLearnedNogoodLength = 45.75
AverageLbd = 26.6875
value = 1056
time = 0.41

[[solution_objectives]]
nodes = 5670
restarts = 0
peakDepth = 567
solveTime = 10.098389138
failures = 4383
propagations = 194715
nogoods = 4383
AverageConflictSize = 28.805156285649097
NumUnitNogoodsLearned = 0
AverageLearnedNogoodLength = 76.26671229751312
AverageLbd = 34.96121378051563
value = 293
time = 10.45

[[solution_objectives]]
nodes = 6441
restarts = 0
peakDepth = 567
solveTime = 10.431774645
failures = 4557
propagations = 201797
nogoods = 4557
AverageConflictSize = 31.02128593372833
NumUnitNogoodsLearned = 0
AverageLearnedNogoodLength = 76.34606100504718
AverageLbd = 35.254772876892694
value = 222
time = 10.78

[[solution_objectives]]
nodes = 7284
restarts = 0
peakDepth = 567
solveTime = 10.912938632
failures = 4823
propagations = 210643
nogoods = 4823
AverageConflictSize = 34.54841385030064
NumUnitNogoodsLearned = 0
AverageLearnedNogoodLength = 76.9477503628447
AverageLbd = 35.80738129794734
value = 209
time = 11.27

[[solution_objectives]]
nodes = 8229
restarts = 0
peakDepth = 567
solveTime = 11.538590244
failures = 5186
propagations = 221271
nogoods = 5186
AverageConflictSize = 38.79907443116082
NumUnitNogoodsLearned = 0
AverageLearnedNogoodLength = 77.61743154647127
AverageLbd = 36.550134978789046
value = 201
time = 11.91

[[solution_objectives]]
nodes = 8898
restarts = 0
peakDepth = 567
solveTime = 11.729454454
failures = 5287
propagations = 225597
nogoods = 5287
AverageConflictSize = 39.696803480234536
NumUnitNogoodsLearned = 0
AverageLearnedNogoodLength = 77.67126915074712
AverageLbd = 36.61452619633062
value = 200
time = 12.09

[[solution_objectives]]
nodes = 9526
restarts = 0
peakDepth = 567
solveTime = 11.901619248
failures = 5377
propagations = 229455
nogoods = 5377
AverageConflictSize = 40.60740189696857
NumUnitNogoodsLearned = 0
AverageLearnedNogoodLength = 77.84880044634555
AverageLbd = 36.710805281755626
value = 181
time = 12.26
