instance = "pumpkin-v0/opt/n100_k10/instance_n100_k10_0008.fzn"
directory = "experiments/20260609-14.46.48.023744-pumpkin-v0/387"
status = "SATISFIABLE"
num_solutions = 3
wall_clock_time = 1800.0
cpu_time = 1800.0
failures = "16642"
propagations = "11097205"
solveTime = "10.331088093"
nodes = "24629"
peakDepth = "1141"
restarts = "0"
nogoods = "16642"
AverageLbd = "39.098365581059966"
AverageLearnedNogoodLength = "57.43101790650162"
AverageConflictSize = "21.345511356808075"
NumUnitNogoodsLearned = "0"
circuitNumberPropagationsThatFoundConflict = "2954"
circuitNumberTotalFixedEdgesAtConflict = "255480"
circuitNumberNumberOfConflicts = "2954"
circuitNumberPropagationsThatPruned = "7973"
circuitNumberPropagationsTotal = "35369"

[[solution_objectives]]
nodes = 2509
restarts = 0
peakDepth = 1140
solveTime = 0.580921742
failures = 910
propagations = 901340
nogoods = 910
AverageConflictSize = 29.856043956043955
NumUnitNogoodsLearned = 0
AverageLearnedNogoodLength = 51.78131868131868
AverageLbd = 42.58461538461538
value = 853
time = 12.5

[[solution_objectives]]
nodes = 11346
restarts = 0
peakDepth = 1140
solveTime = 2.9454944149999998
failures = 6229
propagations = 4553688
nogoods = 6229
AverageConflictSize = 18.10611655161342
NumUnitNogoodsLearned = 0
AverageLearnedNogoodLength = 46.135816342912186
AverageLbd = 31.809760796275487
value = 437
time = 14.85

[[solution_objectives]]
nodes = 24629
restarts = 0
peakDepth = 1141
solveTime = 10.331088093
failures = 16642
propagations = 11097205
nogoods = 16642
AverageConflictSize = 21.345511356808075
NumUnitNogoodsLearned = 0
AverageLearnedNogoodLength = 57.43101790650162
AverageLbd = 39.098365581059966
value = 436
time = 22.24
