instance = "pumpkin-v2/opt/n100_k15/instance_n100_k15_0013.fzn"
directory = "experiments/20260603-09.01.52.920058-pumpkin-v2/116"
status = "OPTIMAL"
num_solutions = 3
wall_clock_time = 1369.02
cpu_time = 1361.15
failures = "1233703"
propagations = "75263532"
solveTime = "1365.721822758"
nodes = "1271182"
peakDepth = "1631"
restarts = "2"
nogoods = "1233703"
AverageLbd = "42.22772174502291"
AverageLearnedNogoodLength = "87.88153064392321"
AverageConflictSize = "64.44876360031547"
NumUnitNogoodsLearned = "185"

[[solution_objectives]]
nodes = 18843
restarts = 1
peakDepth = 1631
solveTime = 11.317712683
failures = 13657
propagations = 944486
nogoods = 13657
AverageConflictSize = 29.312733396792854
NumUnitNogoodsLearned = 184
AverageLearnedNogoodLength = 205.83978911913306
AverageLbd = 45.03939371750751
value = 406
time = 13.62

[[solution_objectives]]
nodes = 1270099
restarts = 2
peakDepth = 1631
solveTime = 1365.672872158
failures = 1233702
propagations = 75258383
nogoods = 1233702
AverageConflictSize = 64.44880449249494
NumUnitNogoodsLearned = 184
AverageLearnedNogoodLength = 87.88160106735663
AverageLbd = 42.22775516291617
value = 404
time = 1367.97

[[solution_objectives]]
nodes = 1271182
restarts = 2
peakDepth = 1631
solveTime = 1365.720116797
failures = 1233702
propagations = 75262484
nogoods = 1233702
AverageConflictSize = 64.44880449249494
NumUnitNogoodsLearned = 184
AverageLearnedNogoodLength = 87.88160106735663
AverageLbd = 42.22775516291617
value = 196
time = 1368.02
