instance = "pumpkin-v1/opt/n50_k5/instance_n50_k5_0015.fzn"
directory = "experiments/20260610-10.42.57.240042-pumpkin-v1/198"
status = "OPTIMAL"
num_solutions = 4
wall_clock_time = 3.74
cpu_time = 0.43
failures = "1594"
propagations = "69311"
solveTime = "0.322100381"
nodes = "5473"
peakDepth = "297"
restarts = "0"
nogoods = "1594"
AverageLbd = "17.319322459222082"
AverageLearnedNogoodLength = "20.666875784190715"
AverageConflictSize = "12.99435382685069"
NumUnitNogoodsLearned = "1"
circuitNumberPropagationsThatFoundConflict = "1302"
circuitNumberTotalFixedEdgesAtConflict = "53278"
circuitNumberNumberOfConflicts = "1302"
circuitNumberPropagationsThatPruned = "5597"
circuitNumberPropagationsTotal = "25614"
allDifferentNumberTotalHallSetSize = "43764"
allDifferentNumberNumberOfConflicts = "5718"
allDifferentNumberMaxHallSetSize = "177"
allDifferentNumberPropagationsTotal = "41881"
allDifferentNumberPropagationsThatFoundConflict = "5718"

[[solution_objectives]]
nodes = 3733
restarts = 0
peakDepth = 294
solveTime = 0.254402605
failures = 1329
propagations = 55136
nogoods = 1329
AverageConflictSize = 11.872084273890144
NumUnitNogoodsLearned = 0
AverageLearnedNogoodLength = 20.000752445447706
AverageLbd = 17.85477802859293
value = 368
time = 3.16

[[solution_objectives]]
nodes = 4180
restarts = 0
peakDepth = 297
solveTime = 0.27313196
failures = 1406
propagations = 58641
nogoods = 1406
AverageConflictSize = 12.291607396870555
NumUnitNogoodsLearned = 0
AverageLearnedNogoodLength = 20.384779516358464
AverageLbd = 17.836415362731152
value = 356
time = 3.19

[[solution_objectives]]
nodes = 4770
restarts = 0
peakDepth = 297
solveTime = 0.306079224
failures = 1545
propagations = 64511
nogoods = 1545
AverageConflictSize = 13.240776699029126
NumUnitNogoodsLearned = 0
AverageLearnedNogoodLength = 21.13915857605178
AverageLbd = 17.73915857605178
value = 331
time = 3.22

[[solution_objectives]]
nodes = 5342
restarts = 0
peakDepth = 297
solveTime = 0.316868978
failures = 1578
propagations = 67892
nogoods = 1578
AverageConflictSize = 13.076045627376425
NumUnitNogoodsLearned = 0
AverageLearnedNogoodLength = 20.815589353612168
AverageLbd = 17.46324461343473
value = 305
time = 3.24
