instance = "pumpkin-v3/opt/n150_k7/instance_n150_k7_0004.fzn"
directory = "experiments/20260605-18.05.57.686725-pumpkin-v3/254"
status = "OPTIMAL"
num_solutions = 4
wall_clock_time = 24.93
cpu_time = 18.540000000000003
failures = "14617"
propagations = "543868"
solveTime = "19.320460072"
nodes = "23688"
peakDepth = "1085"
restarts = "13"
nogoods = "14617"
AverageLbd = "29.15256208524321"
AverageLearnedNogoodLength = "60.33105288362865"
AverageConflictSize = "41.695491550933845"
NumUnitNogoodsLearned = "137"

[[solution_objectives]]
nodes = 13491
restarts = 3
peakDepth = 1085
solveTime = 14.454838408
failures = 10155
propagations = 409203
nogoods = 10155
AverageConflictSize = 49.478975873953715
NumUnitNogoodsLearned = 137
AverageLearnedNogoodLength = 67.63121614967996
AverageLbd = 31.045593303791236
value = 492
time = 19.13

[[solution_objectives]]
nodes = 20072
restarts = 12
peakDepth = 1085
solveTime = 18.032206938
failures = 13687
propagations = 506678
nogoods = 13687
AverageConflictSize = 42.70877474976255
NumUnitNogoodsLearned = 137
AverageLearnedNogoodLength = 60.873602688682695
AverageLbd = 29.430554540805144
value = 169
time = 22.7

[[solution_objectives]]
nodes = 21492
restarts = 13
peakDepth = 1085
solveTime = 18.265349842
failures = 13735
propagations = 512743
nogoods = 13735
AverageConflictSize = 42.934473971605385
NumUnitNogoodsLearned = 137
AverageLearnedNogoodLength = 61.07783036039316
AverageLbd = 29.526174008008738
value = 168
time = 22.93

[[solution_objectives]]
nodes = 23688
restarts = 13
peakDepth = 1085
solveTime = 19.320442293
failures = 14617
propagations = 543868
nogoods = 14617
AverageConflictSize = 41.695491550933845
NumUnitNogoodsLearned = 137
AverageLearnedNogoodLength = 60.33105288362865
AverageLbd = 29.15256208524321
value = 138
time = 23.99
