instance = "pumpkin-v3/opt/n100_k7/instance_n100_k7_0008.fzn"
directory = "experiments/20260610-15.09.41.739715-pumpkin-v3/144"
status = "OPTIMAL"
num_solutions = 4
wall_clock_time = 393.4
cpu_time = 346.41999999999996
failures = "253723"
propagations = "9530469"
solveTime = "347.421836952"
nodes = "256909"
peakDepth = "809"
restarts = "0"
nogoods = "253723"
AverageLbd = "6.75520153868589"
AverageLearnedNogoodLength = "59.191011457376746"
AverageConflictSize = "5.048860371349858"
NumUnitNogoodsLearned = "1"
circuitNumberPropagationsTotal = "1293149"
circuitNumberCircuitConflicts = "377"
circuitNumberAlldiffConflicts = "4"
circuitNumberTotalFixedEdgesAtConflict = "34748"
circuitNumberNumberOfConflicts = "381"
circuitNumberGacPrunings = "3342233"
circuitNumberPropagationsThatGacPruned = "952508"
circuitNumberTotalPruningHallSetSize = "71058582"
circuitNumberNumberOfPruningExplanations = "3342233"
circuitNumberMaxPruningHallSetSize = "397"
circuitNumberTotalSccSizeAtPruning = "46439559"
circuitNumberNumberOfSccPruningCalls = "952508"
circuitNumberTotalVarsInvolvedInPruning = "2915582"
circuitNumberMaxValuesPrunedFromSingleVar = "24"
circuitNumberHallCircuitChecks = "1642771"
circuitNumberHallCircuitPrunings = "172520"
circuitNumberCircuitPreventPrunings = "950296"

[[solution_objectives]]
nodes = 851
restarts = 0
peakDepth = 795
solveTime = 0.077217211
failures = 45
propagations = 4855
nogoods = 45
AverageConflictSize = 73.46666666666667
NumUnitNogoodsLearned = 0
AverageLearnedNogoodLength = 55.71111111111111
AverageLbd = 49.733333333333334
value = 1012
time = 43.9

[[solution_objectives]]
nodes = 1765
restarts = 0
peakDepth = 809
solveTime = 0.228390917
failures = 144
propagations = 9778
nogoods = 144
AverageConflictSize = 66.73611111111111
NumUnitNogoodsLearned = 0
AverageLearnedNogoodLength = 54.625
AverageLbd = 47.583333333333336
value = 917
time = 44.03

[[solution_objectives]]
nodes = 2568
restarts = 0
peakDepth = 809
solveTime = 0.273444251
failures = 164
propagations = 12361
nogoods = 164
AverageConflictSize = 63.71341463414634
NumUnitNogoodsLearned = 0
AverageLearnedNogoodLength = 53.22560975609756
AverageLbd = 45.78048780487805
value = 236
time = 44.09

[[solution_objectives]]
nodes = 3365
restarts = 0
peakDepth = 809
solveTime = 0.313923724
failures = 178
propagations = 14860
nogoods = 178
AverageConflictSize = 61.40449438202247
NumUnitNogoodsLearned = 0
AverageLearnedNogoodLength = 53.758426966292134
AverageLbd = 44.32022471910113
value = 230
time = 44.12
