instance = "pumpkin-v3/opt/n150_k10/instance_n150_k10_0007.fzn"
directory = "experiments/20260605-18.05.57.686725-pumpkin-v3/8"
status = "OPTIMAL"
num_solutions = 2
wall_clock_time = 14.25
cpu_time = 9.99
failures = "11286"
propagations = "629074"
solveTime = "9.884935079"
nodes = "16226"
peakDepth = "1413"
restarts = "2"
nogoods = "11286"
AverageLbd = "18.96429204323941"
AverageLearnedNogoodLength = "38.172426014531275"
AverageConflictSize = "18.028708133971293"
NumUnitNogoodsLearned = "184"

[[solution_objectives]]
nodes = 14626
restarts = 2
peakDepth = 1297
solveTime = 9.789237001
failures = 11277
propagations = 624511
nogoods = 11277
AverageConflictSize = 18.03458366586858
NumUnitNogoodsLearned = 184
AverageLearnedNogoodLength = 38.15864148266383
AverageLbd = 18.96160326327924
value = 215
time = 13.67

[[solution_objectives]]
nodes = 16226
restarts = 2
peakDepth = 1413
solveTime = 9.884926641
failures = 11286
propagations = 629074
nogoods = 11286
AverageConflictSize = 18.028708133971293
NumUnitNogoodsLearned = 184
AverageLearnedNogoodLength = 38.172426014531275
AverageLbd = 18.96429204323941
value = 185
time = 13.77
