instance = "pumpkin-v0/opt/n20_k5/instance_n20_k5_0005.fzn"
directory = "experiments/20260609-14.46.48.023744-pumpkin-v0/315"
status = "OPTIMAL"
num_solutions = 4
wall_clock_time = 19.57
cpu_time = 0.5800000000000001
failures = "4433"
propagations = "473708"
solveTime = "0.474689698"
nodes = "5914"
peakDepth = "146"
restarts = "0"
nogoods = "4433"
AverageLbd = "5.553349875930521"
AverageLearnedNogoodLength = "24.209339048048726"
AverageConflictSize = "9.115046244078503"
NumUnitNogoodsLearned = "1"
circuitNumberPropagationsThatFoundConflict = "667"
circuitNumberTotalFixedEdgesAtConflict = "9086"
circuitNumberNumberOfConflicts = "667"
circuitNumberPropagationsThatPruned = "1202"
circuitNumberPropagationsTotal = "6984"

[[solution_objectives]]
nodes = 442
restarts = 0
peakDepth = 146
solveTime = 0.019174443
failures = 278
propagations = 37178
nogoods = 278
AverageConflictSize = 4.33453237410072
NumUnitNogoodsLearned = 0
AverageLearnedNogoodLength = 15.370503597122303
AverageLbd = 6.960431654676259
value = 708
time = 16.77

[[solution_objectives]]
nodes = 568
restarts = 0
peakDepth = 146
solveTime = 0.019547956
failures = 279
propagations = 38065
nogoods = 279
AverageConflictSize = 4.326164874551972
NumUnitNogoodsLearned = 0
AverageLearnedNogoodLength = 15.376344086021506
AverageLbd = 6.96415770609319
value = 472
time = 16.77

[[solution_objectives]]
nodes = 718
restarts = 0
peakDepth = 146
solveTime = 0.022264855
failures = 310
propagations = 43317
nogoods = 310
AverageConflictSize = 4.416129032258064
NumUnitNogoodsLearned = 0
AverageLearnedNogoodLength = 15.254838709677419
AverageLbd = 6.961290322580645
value = 465
time = 16.77

[[solution_objectives]]
nodes = 830
restarts = 0
peakDepth = 146
solveTime = 0.022598713
failures = 311
propagations = 44163
nogoods = 311
AverageConflictSize = 4.408360128617363
NumUnitNogoodsLearned = 0
AverageLearnedNogoodLength = 15.231511254019292
AverageLbd = 6.954983922829582
value = 437
time = 16.77
