instance = "pumpkin-v0/opt/n50_k5/instance_n50_k5_0018.fzn"
directory = "experiments/20260602-11.16.13.665988-pumpkin-v0/200"
status = "OPTIMAL"
num_solutions = 2
wall_clock_time = 36.13
cpu_time = 32.11000000000001
failures = "172061"
propagations = "35440906"
solveTime = "31.991301897"
nodes = "233176"
peakDepth = "331"
restarts = "443"
nogoods = "172061"
AverageLbd = "9.282591639011747"
AverageLearnedNogoodLength = "20.44203509220567"
AverageConflictSize = "12.114244366823394"
NumUnitNogoodsLearned = "223"

[[solution_objectives]]
nodes = 23576
restarts = 12
peakDepth = 295
solveTime = 2.799983483
failures = 18010
propagations = 4585811
nogoods = 18010
AverageConflictSize = 13.836313159355914
NumUnitNogoodsLearned = 222
AverageLearnedNogoodLength = 22.68023320377568
AverageLbd = 10.000222098833982
value = 780
time = 6.16

[[solution_objectives]]
nodes = 26214
restarts = 17
peakDepth = 331
solveTime = 3.008576811
failures = 19258
propagations = 4900164
nogoods = 19258
AverageConflictSize = 13.420552497663309
NumUnitNogoodsLearned = 222
AverageLearnedNogoodLength = 22.464482293073008
AverageLbd = 10.025028559559663
value = 619
time = 6.36
