instance = "pumpkin-v3/opt/n150_k7/instance_n150_k7_0014.fzn"
directory = "experiments/20260610-15.09.41.739715-pumpkin-v3/265"
status = "SATISFIABLE"
num_solutions = 5
wall_clock_time = 1800.48
cpu_time = 1791.44
failures = "421080"
propagations = "16539288"
solveTime = "1799.703301798"
nodes = "429803"
peakDepth = "1230"
restarts = "0"
nogoods = "421080"
AverageLbd = "68.74974351667142"
AverageLearnedNogoodLength = "82.58995677780945"
AverageConflictSize = "12.951690890092143"
NumUnitNogoodsLearned = "0"
circuitNumberPropagationsTotal = "3592362"
circuitNumberCircuitConflicts = "421316"
circuitNumberAlldiffConflicts = "129"
circuitNumberTotalFixedEdgesAtConflict = "40902918"
circuitNumberNumberOfConflicts = "421445"
circuitNumberGacPrunings = "6888596"
circuitNumberPropagationsThatGacPruned = "2034143"
circuitNumberTotalPruningHallSetSize = "24774275"
circuitNumberNumberOfPruningExplanations = "6888596"
circuitNumberMaxPruningHallSetSize = "646"
circuitNumberTotalSccSizeAtPruning = "10164254"
circuitNumberNumberOfSccPruningCalls = "2034143"
circuitNumberTotalVarsInvolvedInPruning = "5891730"
circuitNumberMaxValuesPrunedFromSingleVar = "34"
circuitNumberHallCircuitChecks = "19802527"
circuitNumberHallCircuitPrunings = "451674"
circuitNumberCircuitPreventPrunings = "2146447"

[[solution_objectives]]
nodes = 1768
restarts = 0
peakDepth = 1230
solveTime = 0.513446074
failures = 258
propagations = 14791
nogoods = 258
AverageConflictSize = 4.755813953488372
NumUnitNogoodsLearned = 0
AverageLearnedNogoodLength = 34.08527131782946
AverageLbd = 23.94573643410853
value = 824
time = 1.02

[[solution_objectives]]
nodes = 3397
restarts = 0
peakDepth = 1230
solveTime = 1.045752381
failures = 463
propagations = 26889
nogoods = 463
AverageConflictSize = 5.403887688984881
NumUnitNogoodsLearned = 0
AverageLearnedNogoodLength = 38.69978401727862
AverageLbd = 29.987041036717063
value = 664
time = 1.37

[[solution_objectives]]
nodes = 4654
restarts = 0
peakDepth = 1230
solveTime = 1.317698023
failures = 530
propagations = 33230
nogoods = 530
AverageConflictSize = 5.469811320754717
NumUnitNogoodsLearned = 0
AverageLearnedNogoodLength = 43.154716981132076
AverageLbd = 34.51509433962264
value = 434
time = 1.64

[[solution_objectives]]
nodes = 5825
restarts = 0
peakDepth = 1230
solveTime = 1.383922709
failures = 537
propagations = 36009
nogoods = 537
AverageConflictSize = 5.48975791433892
NumUnitNogoodsLearned = 0
AverageLearnedNogoodLength = 43.778398510242084
AverageLbd = 34.5512104283054
value = 395
time = 1.71

[[solution_objectives]]
nodes = 7009
restarts = 0
peakDepth = 1230
solveTime = 1.430411494
failures = 537
propagations = 38605
nogoods = 537
AverageConflictSize = 5.48975791433892
NumUnitNogoodsLearned = 0
AverageLearnedNogoodLength = 43.778398510242084
AverageLbd = 34.5512104283054
value = 367
time = 1.77
