instance = "pumpkin-v3/opt/n150_k7/instance_n150_k7_0012.fzn"
directory = "experiments/20260605-18.05.57.686725-pumpkin-v3/247"
status = "OPTIMAL"
num_solutions = 3
wall_clock_time = 61.35
cpu_time = 49.24
failures = "33817"
propagations = "979744"
solveTime = "49.293738957"
nodes = "43923"
peakDepth = "1157"
restarts = "3"
nogoods = "33817"
AverageLbd = "36.03397699381968"
AverageLearnedNogoodLength = "101.90773871129905"
AverageConflictSize = "59.60064464618387"
NumUnitNogoodsLearned = "140"

[[solution_objectives]]
nodes = 16004
restarts = 2
peakDepth = 1157
solveTime = 15.189703216
failures = 10263
propagations = 300501
nogoods = 10263
AverageConflictSize = 23.715969989281888
NumUnitNogoodsLearned = 140
AverageLearnedNogoodLength = 133.24466530254313
AverageLbd = 41.88288024943974
value = 162
time = 22.39

[[solution_objectives]]
nodes = 36388
restarts = 3
peakDepth = 1157
solveTime = 42.887379345
failures = 28222
propagations = 820163
nogoods = 28222
AverageConflictSize = 63.09510311104812
NumUnitNogoodsLearned = 140
AverageLearnedNogoodLength = 109.7250017716675
AverageLbd = 38.33502232301042
value = 161
time = 50.11

[[solution_objectives]]
nodes = 43923
restarts = 3
peakDepth = 1157
solveTime = 49.293725822
failures = 33817
propagations = 979744
nogoods = 33817
AverageConflictSize = 59.60064464618387
NumUnitNogoodsLearned = 140
AverageLearnedNogoodLength = 101.90773871129905
AverageLbd = 36.03397699381968
value = 141
time = 56.51
