instance = "pumpkin-v1/opt/n50_k5/instance_n50_k5_0021.fzn"
directory = "experiments/20260610-10.42.57.240042-pumpkin-v1/197"
status = "SATISFIABLE"
num_solutions = 3
wall_clock_time = 1800.0
cpu_time = 1800.0
failures = "2162428"
propagations = "53584810"
solveTime = "648.28360847"
nodes = "2172037"
peakDepth = "320"
restarts = "0"
nogoods = "2162428"
AverageLbd = "17.61648202853459"
AverageLearnedNogoodLength = "41.20176533045262"
AverageConflictSize = "37.43971498704234"
NumUnitNogoodsLearned = "0"
circuitNumberPropagationsThatFoundConflict = "39026"
circuitNumberTotalFixedEdgesAtConflict = "1218395"
circuitNumberNumberOfConflicts = "39026"
circuitNumberPropagationsThatPruned = "1866645"
circuitNumberPropagationsTotal = "7947988"
allDifferentNumberTotalHallSetSize = "98074056"
allDifferentNumberNumberOfConflicts = "3684653"
allDifferentNumberMaxHallSetSize = "147"
allDifferentNumberPropagationsTotal = "15126243"
allDifferentNumberPropagationsThatFoundConflict = "3684653"

[[solution_objectives]]
nodes = 2561
restarts = 0
peakDepth = 320
solveTime = 0.06511336
failures = 285
propagations = 19877
nogoods = 285
AverageConflictSize = 7.564912280701755
NumUnitNogoodsLearned = 0
AverageLearnedNogoodLength = 8.189473684210526
AverageLbd = 7.049122807017544
value = 1017
time = 3.0

[[solution_objectives]]
nodes = 2168805
restarts = 0
peakDepth = 320
solveTime = 647.558087943
failures = 2159820
propagations = 53489919
nogoods = 2159820
AverageConflictSize = 37.4548369771555
NumUnitNogoodsLearned = 0
AverageLearnedNogoodLength = 41.219092794769935
AverageLbd = 17.616271263346018
value = 494
time = 650.47

[[solution_objectives]]
nodes = 2172037
restarts = 0
peakDepth = 320
solveTime = 648.28360847
failures = 2162428
propagations = 53584810
nogoods = 2162428
AverageConflictSize = 37.43971498704234
NumUnitNogoodsLearned = 0
AverageLearnedNogoodLength = 41.20176533045262
AverageLbd = 17.61648202853459
value = 466
time = 651.2
