instance = "pumpkin-v2/opt/n100_k7/instance_n100_k7_0011.fzn"
directory = "experiments/20260603-09.01.52.920058-pumpkin-v2/136"
status = "OPTIMAL"
num_solutions = 3
wall_clock_time = 55.39
cpu_time = 53.28
failures = "80290"
propagations = "2174208"
solveTime = "53.375405248"
nodes = "95058"
peakDepth = "829"
restarts = "57"
nogoods = "80290"
AverageLbd = "33.199987545148836"
AverageLearnedNogoodLength = "72.1807946195043"
AverageConflictSize = "40.980707435546144"
NumUnitNogoodsLearned = "190"

[[solution_objectives]]
nodes = 93094
restarts = 56
peakDepth = 791
solveTime = 53.286393418
failures = 80255
propagations = 2167312
nogoods = 80255
AverageConflictSize = 40.98610678462401
NumUnitNogoodsLearned = 190
AverageLearnedNogoodLength = 72.18671733848359
AverageLbd = 33.19891595539219
value = 393
time = 54.99

[[solution_objectives]]
nodes = 94276
restarts = 57
peakDepth = 829
solveTime = 53.356135412
failures = 80290
propagations = 2172095
nogoods = 80290
AverageConflictSize = 40.980707435546144
NumUnitNogoodsLearned = 190
AverageLearnedNogoodLength = 72.1807946195043
AverageLbd = 33.199987545148836
value = 216
time = 55.05

[[solution_objectives]]
nodes = 95058
restarts = 57
peakDepth = 829
solveTime = 53.375400897
failures = 80290
propagations = 2174208
nogoods = 80290
AverageConflictSize = 40.980707435546144
NumUnitNogoodsLearned = 190
AverageLearnedNogoodLength = 72.1807946195043
AverageLbd = 33.199987545148836
value = 191
time = 55.07
