instance = "pumpkin-v2/opt/n50_k5/instance_n50_k5_0024.fzn"
directory = "experiments/20260603-09.01.52.920058-pumpkin-v2/192"
status = "OPTIMAL"
num_solutions = 3
wall_clock_time = 21.44
cpu_time = 19.45
failures = "66495"
propagations = "2275685"
solveTime = "19.421805189"
nodes = "72403"
peakDepth = "307"
restarts = "67"
nogoods = "66495"
AverageLbd = "16.672366343334087"
AverageLearnedNogoodLength = "40.889134521392585"
AverageConflictSize = "33.89134521392586"
NumUnitNogoodsLearned = "228"

[[solution_objectives]]
nodes = 71070
restarts = 66
peakDepth = 276
solveTime = 19.338530221
failures = 66244
propagations = 2260937
nogoods = 66244
AverageConflictSize = 33.97063885031097
NumUnitNogoodsLearned = 227
AverageLearnedNogoodLength = 40.96123422498641
AverageLbd = 16.694598756113763
value = 675
time = 21.1

[[solution_objectives]]
nodes = 72045
restarts = 67
peakDepth = 307
solveTime = 19.409963185
failures = 66488
propagations = 2274357
nogoods = 66488
AverageConflictSize = 33.89444711827698
NumUnitNogoodsLearned = 227
AverageLearnedNogoodLength = 40.892160991457104
AverageLbd = 16.67345987245819
value = 312
time = 21.16

[[solution_objectives]]
nodes = 72403
restarts = 67
peakDepth = 307
solveTime = 19.421712191
failures = 66494
propagations = 2275629
nogoods = 66494
AverageConflictSize = 33.891794748398354
NumUnitNogoodsLearned = 227
AverageLearnedNogoodLength = 40.88973441212741
AverageLbd = 16.67260203928174
value = 239
time = 21.17
