instance = "pumpkin-v1/opt/n150_k15/instance_n150_k15_0005.fzn"
directory = "experiments/20260610-10.42.57.240042-pumpkin-v1/37"
status = "SATISFIABLE"
num_solutions = 9
wall_clock_time = 1800.0
cpu_time = 1800.0
failures = "257810"
propagations = "7312965"
solveTime = "541.356867305"
nodes = "394609"
peakDepth = "2558"
restarts = "0"
nogoods = "257810"
AverageLbd = "100.66805787207633"
AverageLearnedNogoodLength = "137.16167332531708"
AverageConflictSize = "62.00369264186804"
NumUnitNogoodsLearned = "0"
circuitNumberPropagationsThatFoundConflict = "61261"
circuitNumberTotalFixedEdgesAtConflict = "8630800"
circuitNumberNumberOfConflicts = "61261"
circuitNumberPropagationsThatPruned = "128692"
circuitNumberPropagationsTotal = "1428098"
allDifferentNumberTotalHallSetSize = "7025390"
allDifferentNumberNumberOfConflicts = "344985"
allDifferentNumberMaxHallSetSize = "1071"
allDifferentNumberPropagationsTotal = "2394958"
allDifferentNumberPropagationsThatFoundConflict = "344985"

[[solution_objectives]]
nodes = 64311
restarts = 0
peakDepth = 2558
solveTime = 7.100773579
failures = 1863
propagations = 401379
nogoods = 1863
AverageConflictSize = 23.939345142243692
NumUnitNogoodsLearned = 0
AverageLearnedNogoodLength = 24.569511540526033
AverageLbd = 24.396672034353195
value = 969
time = 10.96

[[solution_objectives]]
nodes = 67938
restarts = 0
peakDepth = 2558
solveTime = 7.241596942
failures = 1905
propagations = 414436
nogoods = 1905
AverageConflictSize = 23.551706036745408
NumUnitNogoodsLearned = 0
AverageLearnedNogoodLength = 24.24514435695538
AverageLbd = 24.048818897637794
value = 336
time = 11.11

[[solution_objectives]]
nodes = 96792
restarts = 0
peakDepth = 2558
solveTime = 12.781058272
failures = 5738
propagations = 634818
nogoods = 5738
AverageConflictSize = 22.12983617985361
NumUnitNogoodsLearned = 0
AverageLearnedNogoodLength = 60.503485535029625
AverageLbd = 50.487626350644824
value = 293
time = 16.66

[[solution_objectives]]
nodes = 103055
restarts = 0
peakDepth = 2558
solveTime = 13.379195989
failures = 6175
propagations = 668200
nogoods = 6175
AverageConflictSize = 24.635951417004048
NumUnitNogoodsLearned = 0
AverageLearnedNogoodLength = 61.908178137651824
AverageLbd = 49.59400809716599
value = 284
time = 17.27

[[solution_objectives]]
nodes = 111469
restarts = 0
peakDepth = 2558
solveTime = 14.082579971
failures = 6288
propagations = 712929
nogoods = 6288
AverageConflictSize = 24.359255725190838
NumUnitNogoodsLearned = 0
AverageLearnedNogoodLength = 60.961513994910945
AverageLbd = 48.795165394402034
value = 277
time = 17.99

[[solution_objectives]]
nodes = 118516
restarts = 0
peakDepth = 2558
solveTime = 16.197953346
failures = 7974
propagations = 783955
nogoods = 7974
AverageConflictSize = 24.066716829696514
NumUnitNogoodsLearned = 0
AverageLearnedNogoodLength = 67.00300978179082
AverageLbd = 54.445949335339854
value = 271
time = 20.1

[[solution_objectives]]
nodes = 125046
restarts = 0
peakDepth = 2558
solveTime = 18.0517386
failures = 9413
propagations = 850135
nogoods = 9413
AverageConflictSize = 24.748433018166367
NumUnitNogoodsLearned = 0
AverageLearnedNogoodLength = 73.58270476999894
AverageLbd = 60.74875172633592
value = 270
time = 21.96

[[solution_objectives]]
nodes = 297499
restarts = 0
peakDepth = 2558
solveTime = 341.979938268
failures = 168589
propagations = 4677352
nogoods = 168589
AverageConflictSize = 62.59006815391277
NumUnitNogoodsLearned = 0
AverageLearnedNogoodLength = 134.71931146160188
AverageLbd = 99.44970312416586
value = 269
time = 345.9

[[solution_objectives]]
nodes = 394609
restarts = 0
peakDepth = 2558
solveTime = 541.356867305
failures = 257810
propagations = 7312965
nogoods = 257810
AverageConflictSize = 62.00369264186804
NumUnitNogoodsLearned = 0
AverageLearnedNogoodLength = 137.16167332531708
AverageLbd = 100.66805787207633
value = 261
time = 545.29
