instance = "pumpkin-v1/opt/n100_k10/instance_n100_k10_0007.fzn"
directory = "experiments/20260602-15.07.06.641281-pumpkin-v1/376"
status = "OPTIMAL"
num_solutions = 3
wall_clock_time = 608.47
cpu_time = 601.0
failures = "1251853"
propagations = "44382173"
solveTime = "601.865866652"
nodes = "2100130"
peakDepth = "1110"
restarts = "1977"
nogoods = "1251853"
AverageLbd = "18.429861173795963"
AverageLearnedNogoodLength = "34.23874368635934"
AverageConflictSize = "21.3641753464664"
NumUnitNogoodsLearned = "207"

[[solution_objectives]]
nodes = 2085337
restarts = 1971
peakDepth = 1024
solveTime = 599.030185459
failures = 1244248
propagations = 44147727
nogoods = 1244248
AverageConflictSize = 21.40811799576933
NumUnitNogoodsLearned = 207
AverageLearnedNogoodLength = 34.289655277725984
AverageLbd = 18.452794780461772
value = 224
time = 603.61

[[solution_objectives]]
nodes = 2098986
restarts = 1977
peakDepth = 1024
solveTime = 601.818681723
failures = 1251843
propagations = 44378766
nogoods = 1251843
AverageConflictSize = 21.36349206729598
NumUnitNogoodsLearned = 207
AverageLearnedNogoodLength = 34.238160056812234
AverageLbd = 18.429434042447816
value = 215
time = 606.35

[[solution_objectives]]
nodes = 2100130
restarts = 1977
peakDepth = 1110
solveTime = 601.865861945
failures = 1251853
propagations = 44382173
nogoods = 1251853
AverageConflictSize = 21.3641753464664
NumUnitNogoodsLearned = 207
AverageLearnedNogoodLength = 34.23874368635934
AverageLbd = 18.429861173795963
value = 208
time = 606.4
