instance = "pumpkin-v0/opt/n100_k5/instance_n100_k5_0008.fzn"
directory = "experiments/20260602-11.16.13.665988-pumpkin-v0/231"
status = "SATISFIABLE"
num_solutions = 2
wall_clock_time = 1800.0
cpu_time = 1800.0
failures = "48868"
propagations = "24735032"
solveTime = "15.553269433"
nodes = "84171"
peakDepth = "613"
restarts = "115"
nogoods = "48868"
AverageLbd = "11.596607186707047"
AverageLearnedNogoodLength = "23.495682246050585"
AverageConflictSize = "8.570127690922485"
NumUnitNogoodsLearned = "169"

[[solution_objectives]]
nodes = 82331
restarts = 111
peakDepth = 613
solveTime = 15.361927844
failures = 48313
propagations = 24395069
nogoods = 48313
AverageConflictSize = 8.586136236623682
NumUnitNogoodsLearned = 169
AverageLearnedNogoodLength = 23.50259764452632
AverageLbd = 11.569805228406434
value = 310
time = 18.43

[[solution_objectives]]
nodes = 84171
restarts = 115
peakDepth = 613
solveTime = 15.553269433
failures = 48868
propagations = 24735032
nogoods = 48868
AverageConflictSize = 8.570127690922485
NumUnitNogoodsLearned = 169
AverageLearnedNogoodLength = 23.495682246050585
AverageLbd = 11.596607186707047
value = 230
time = 18.61
