instance = "pumpkin-v1/opt/n150_k7/instance_n150_k7_0016.fzn"
directory = "experiments/20260610-10.42.57.240042-pumpkin-v1/191"
status = "SATISFIABLE"
num_solutions = 4
wall_clock_time = 1801.15
cpu_time = 1794.47
failures = "1228752"
propagations = "31629740"
solveTime = "1799.179361347"
nodes = "1687923"
peakDepth = "1234"
restarts = "3"
nogoods = "1228752"
AverageLbd = "51.85243482818339"
AverageLearnedNogoodLength = "119.85623950154303"
AverageConflictSize = "113.55754619321067"
NumUnitNogoodsLearned = "0"
circuitNumberPropagationsThatFoundConflict = "897120"
circuitNumberTotalFixedEdgesAtConflict = "123514268"
circuitNumberNumberOfConflicts = "897120"
circuitNumberPropagationsThatPruned = "1191343"
circuitNumberPropagationsTotal = "7092390"
allDifferentNumberTotalHallSetSize = "89643477"
allDifferentNumberNumberOfConflicts = "1375855"
allDifferentNumberMaxHallSetSize = "730"
allDifferentNumberPropagationsTotal = "11063057"
allDifferentNumberPropagationsThatFoundConflict = "1375855"

[[solution_objectives]]
nodes = 520693
restarts = 0
peakDepth = 1233
solveTime = 272.561851154
failures = 235243
propagations = 11777065
nogoods = 235243
AverageConflictSize = 36.61288965027652
NumUnitNogoodsLearned = 0
AverageLearnedNogoodLength = 67.25710860684484
AverageLbd = 47.688594347121914
value = 1022
time = 273.41

[[solution_objectives]]
nodes = 650214
restarts = 0
peakDepth = 1233
solveTime = 339.502651
failures = 292860
propagations = 14563291
nogoods = 292860
AverageConflictSize = 37.58543331284573
NumUnitNogoodsLearned = 0
AverageLearnedNogoodLength = 66.71417400805846
AverageLbd = 47.158232602608756
value = 732
time = 340.34

[[solution_objectives]]
nodes = 837592
restarts = 3
peakDepth = 1234
solveTime = 481.837857763
failures = 381197
propagations = 18424566
nogoods = 381197
AverageConflictSize = 45.14631279889401
NumUnitNogoodsLearned = 0
AverageLearnedNogoodLength = 70.11132039339239
AverageLbd = 49.57528784329362
value = 656
time = 482.68

[[solution_objectives]]
nodes = 838941
restarts = 3
peakDepth = 1234
solveTime = 481.957125833
failures = 381257
propagations = 18429913
nogoods = 381257
AverageConflictSize = 45.1521650750019
NumUnitNogoodsLearned = 0
AverageLearnedNogoodLength = 70.11174089918349
AverageLbd = 49.575939589305904
value = 592
time = 482.81
