instance = "pumpkin-v2/opt/n50_k5/instance_n50_k5_0003.fzn"
directory = "experiments/20260603-09.01.52.920058-pumpkin-v2/201"
status = "SATISFIABLE"
num_solutions = 2
wall_clock_time = 1801.73
cpu_time = 1791.66
failures = "5909427"
propagations = "167060955"
solveTime = "1797.494455197"
nodes = "6387991"
peakDepth = "297"
restarts = "5256"
nogoods = "5909427"
AverageLbd = "9.056174143449102"
AverageLearnedNogoodLength = "27.190315236993367"
AverageConflictSize = "20.002787410691425"
NumUnitNogoodsLearned = "235"

[[solution_objectives]]
nodes = 12266
restarts = 2
peakDepth = 287
solveTime = 1.9127781590000001
failures = 10943
propagations = 400851
nogoods = 10943
AverageConflictSize = 16.274330622315635
NumUnitNogoodsLearned = 235
AverageLearnedNogoodLength = 22.326692863017453
AverageLbd = 10.262268116604222
value = 737
time = 4.93

[[solution_objectives]]
nodes = 13736
restarts = 4
peakDepth = 297
solveTime = 2.098239424
failures = 11894
propagations = 436487
nogoods = 11894
AverageConflictSize = 16.35446443585001
NumUnitNogoodsLearned = 235
AverageLearnedNogoodLength = 22.387001849672103
AverageLbd = 10.371363712796368
value = 315
time = 5.1
