instance = "pumpkin-v1/opt/n50_k5/instance_n50_k5_0013.fzn"
directory = "experiments/20260610-10.42.57.240042-pumpkin-v1/200"
status = "OPTIMAL"
num_solutions = 4
wall_clock_time = 5.64
cpu_time = 0.16999999999999998
failures = "253"
propagations = "23059"
solveTime = "0.063818935"
nodes = "3715"
peakDepth = "327"
restarts = "0"
nogoods = "253"
AverageLbd = "5.063241106719367"
AverageLearnedNogoodLength = "7.541501976284585"
AverageConflictSize = "5.952569169960475"
NumUnitNogoodsLearned = "1"
circuitNumberPropagationsThatFoundConflict = "3"
circuitNumberTotalFixedEdgesAtConflict = "111"
circuitNumberNumberOfConflicts = "3"
circuitNumberPropagationsThatPruned = "565"
circuitNumberPropagationsTotal = "11491"
allDifferentNumberTotalHallSetSize = "4121"
allDifferentNumberNumberOfConflicts = "933"
allDifferentNumberMaxHallSetSize = "242"
allDifferentNumberPropagationsTotal = "17574"
allDifferentNumberPropagationsThatFoundConflict = "933"

[[solution_objectives]]
nodes = 2001
restarts = 0
peakDepth = 327
solveTime = 0.036139555
failures = 108
propagations = 13247
nogoods = 108
AverageConflictSize = 2.7962962962962963
NumUnitNogoodsLearned = 0
AverageLearnedNogoodLength = 2.7314814814814814
AverageLbd = 2.7314814814814814
value = 847
time = 4.88

[[solution_objectives]]
nodes = 2651
restarts = 0
peakDepth = 327
solveTime = 0.044917693
failures = 138
propagations = 16673
nogoods = 138
AverageConflictSize = 3.210144927536232
NumUnitNogoodsLearned = 0
AverageLearnedNogoodLength = 3.130434782608696
AverageLbd = 2.949275362318841
value = 345
time = 4.88

[[solution_objectives]]
nodes = 3242
restarts = 0
peakDepth = 327
solveTime = 0.052532467
failures = 187
propagations = 19869
nogoods = 187
AverageConflictSize = 3.572192513368984
NumUnitNogoodsLearned = 0
AverageLearnedNogoodLength = 3.5668449197860963
AverageLbd = 3.171122994652406
value = 280
time = 4.88

[[solution_objectives]]
nodes = 3715
restarts = 0
peakDepth = 327
solveTime = 0.063623062
failures = 252
propagations = 22995
nogoods = 252
AverageConflictSize = 5.936507936507937
NumUnitNogoodsLearned = 0
AverageLearnedNogoodLength = 7.567460317460317
AverageLbd = 5.079365079365079
value = 277
time = 4.88
