instance = "pumpkin-v0/opt/n50_k5/instance_n50_k5_0013.fzn"
directory = "experiments/20260602-11.16.13.665988-pumpkin-v0/196"
status = "OPTIMAL"
num_solutions = 2
wall_clock_time = 301.17
cpu_time = 295.86
failures = "961456"
propagations = "222762329"
solveTime = "295.888062146"
nodes = "1295130"
peakDepth = "328"
restarts = "1392"
nogoods = "961456"
AverageLbd = "13.108978465993244"
AverageLearnedNogoodLength = "35.80858718443694"
AverageConflictSize = "21.37774687557205"
NumUnitNogoodsLearned = "263"

[[solution_objectives]]
nodes = 72539
restarts = 7
peakDepth = 328
solveTime = 14.42431625
failures = 58479
propagations = 15326011
nogoods = 58479
AverageConflictSize = 19.16571760803023
NumUnitNogoodsLearned = 262
AverageLearnedNogoodLength = 36.71129807281246
AverageLbd = 19.16209237504061
value = 847
time = 17.97

[[solution_objectives]]
nodes = 75121
restarts = 9
peakDepth = 328
solveTime = 14.734788579
failures = 60080
propagations = 15684104
nogoods = 60080
AverageConflictSize = 18.884603861517977
NumUnitNogoodsLearned = 262
AverageLearnedNogoodLength = 36.31106857523302
AverageLbd = 18.976964047936086
value = 277
time = 18.28
