instance = "pumpkin-v3/opt/n150_k10/instance_n150_k10_0017.fzn"
directory = "experiments/20260605-18.05.57.686725-pumpkin-v3/17"
status = "OPTIMAL"
num_solutions = 3
wall_clock_time = 35.32
cpu_time = 26.34
failures = "17179"
propagations = "789678"
solveTime = "27.341209589"
nodes = "24598"
peakDepth = "1473"
restarts = "4"
nogoods = "17179"
AverageLbd = "29.742476279178067"
AverageLearnedNogoodLength = "60.67297281564701"
AverageConflictSize = "40.10279993014727"
NumUnitNogoodsLearned = "132"

[[solution_objectives]]
nodes = 21057
restarts = 3
peakDepth = 1309
solveTime = 26.144005698
failures = 16740
propagations = 758869
nogoods = 16740
AverageConflictSize = 39.496833930704895
NumUnitNogoodsLearned = 132
AverageLearnedNogoodLength = 59.36451612903226
AverageLbd = 29.497132616487455
value = 817
time = 32.94

[[solution_objectives]]
nodes = 23296
restarts = 4
peakDepth = 1473
solveTime = 27.086834751
failures = 17133
propagations = 782451
nogoods = 17133
AverageConflictSize = 40.14737640810132
NumUnitNogoodsLearned = 132
AverageLearnedNogoodLength = 60.52384287632055
AverageLbd = 29.731804120702737
value = 793
time = 33.89

[[solution_objectives]]
nodes = 24598
restarts = 4
peakDepth = 1473
solveTime = 27.341139126
failures = 17179
propagations = 789678
nogoods = 17179
AverageConflictSize = 40.10279993014727
NumUnitNogoodsLearned = 132
AverageLearnedNogoodLength = 60.67297281564701
AverageLbd = 29.742476279178067
value = 133
time = 34.16
