instance = "pumpkin-v1/opt/n20_k5/instance_n20_k5_0005.fzn"
directory = "experiments/20260610-10.42.57.240042-pumpkin-v1/312"
status = "OPTIMAL"
num_solutions = 4
wall_clock_time = 0.49
cpu_time = 0.07
failures = "177"
propagations = "7884"
solveTime = "0.011872371"
nodes = "1151"
peakDepth = "152"
restarts = "0"
nogoods = "177"
AverageLbd = "4.389830508474576"
AverageLearnedNogoodLength = "6.740112994350283"
AverageConflictSize = "4.745762711864407"
NumUnitNogoodsLearned = "1"
circuitNumberPropagationsThatFoundConflict = "22"
circuitNumberTotalFixedEdgesAtConflict = "296"
circuitNumberNumberOfConflicts = "22"
circuitNumberPropagationsThatPruned = "379"
circuitNumberPropagationsTotal = "3031"
allDifferentNumberTotalHallSetSize = "2792"
allDifferentNumberNumberOfConflicts = "654"
allDifferentNumberMaxHallSetSize = "100"
allDifferentNumberPropagationsTotal = "5540"
allDifferentNumberPropagationsThatFoundConflict = "654"

[[solution_objectives]]
nodes = 605
restarts = 0
peakDepth = 152
solveTime = 0.005341993
failures = 77
propagations = 3993
nogoods = 77
AverageConflictSize = 4.181818181818182
NumUnitNogoodsLearned = 0
AverageLearnedNogoodLength = 3.4805194805194803
AverageLbd = 3.4285714285714284
value = 708
time = 0.32

[[solution_objectives]]
nodes = 773
restarts = 0
peakDepth = 152
solveTime = 0.006096368
failures = 88
propagations = 4686
nogoods = 88
AverageConflictSize = 4.056818181818182
NumUnitNogoodsLearned = 0
AverageLearnedNogoodLength = 3.602272727272727
AverageLbd = 3.4431818181818183
value = 472
time = 0.32

[[solution_objectives]]
nodes = 1025
restarts = 0
peakDepth = 152
solveTime = 0.011345236
failures = 173
propagations = 7318
nogoods = 173
AverageConflictSize = 4.705202312138728
NumUnitNogoodsLearned = 0
AverageLearnedNogoodLength = 6.826589595375722
AverageLbd = 4.433526011560693
value = 465
time = 0.32

[[solution_objectives]]
nodes = 1151
restarts = 0
peakDepth = 152
solveTime = 0.011768222
failures = 176
propagations = 7811
nogoods = 176
AverageConflictSize = 4.693181818181818
NumUnitNogoodsLearned = 0
AverageLearnedNogoodLength = 6.7727272727272725
AverageLbd = 4.409090909090909
value = 437
time = 0.32
