instance = "pumpkin-v3/opt/n50_k10/instance_n50_k10_0006.fzn"
directory = "experiments/20260605-18.05.57.686725-pumpkin-v3/297"
status = "OPTIMAL"
num_solutions = 2
wall_clock_time = 15.63
cpu_time = 7.869999999999999
failures = "21481"
propagations = "1288167"
solveTime = "7.787134098"
nodes = "22617"
peakDepth = "407"
restarts = "2"
nogoods = "21481"
AverageLbd = "16.025045388948374"
AverageLearnedNogoodLength = "57.635957357664914"
AverageConflictSize = "43.41366789255621"
NumUnitNogoodsLearned = "202"

[[solution_objectives]]
nodes = 22387
restarts = 2
peakDepth = 407
solveTime = 7.781393434
failures = 21481
propagations = 1286610
nogoods = 21481
AverageConflictSize = 43.41366789255621
NumUnitNogoodsLearned = 202
AverageLearnedNogoodLength = 57.635957357664914
AverageLbd = 16.025045388948374
value = 281
time = 14.49

[[solution_objectives]]
nodes = 22617
restarts = 2
peakDepth = 407
solveTime = 7.787119616
failures = 21481
propagations = 1288167
nogoods = 21481
AverageConflictSize = 43.41366789255621
NumUnitNogoodsLearned = 202
AverageLearnedNogoodLength = 57.635957357664914
AverageLbd = 16.025045388948374
value = 203
time = 14.49
