instance = "pumpkin-v3/opt/n100_k5/instance_n100_k5_0013.fzn"
directory = "experiments/20260605-18.05.57.686725-pumpkin-v3/397"
status = "OPTIMAL"
num_solutions = 2
wall_clock_time = 16.41
cpu_time = 8.13
failures = "11278"
propagations = "360333"
solveTime = "8.055256355"
nodes = "14397"
peakDepth = "599"
restarts = "5"
nogoods = "11278"
AverageLbd = "29.235325412307148"
AverageLearnedNogoodLength = "58.84092924277354"
AverageConflictSize = "45.87187444582373"
NumUnitNogoodsLearned = "195"

[[solution_objectives]]
nodes = 13727
restarts = 5
peakDepth = 599
solveTime = 8.022577609
failures = 11268
propagations = 358334
nogoods = 11268
AverageConflictSize = 45.909655662051826
NumUnitNogoodsLearned = 195
AverageLearnedNogoodLength = 58.87042953496628
AverageLbd = 29.248580049698262
value = 979
time = 15.17

[[solution_objectives]]
nodes = 14397
restarts = 5
peakDepth = 599
solveTime = 8.055251685
failures = 11278
propagations = 360333
nogoods = 11278
AverageConflictSize = 45.87187444582373
NumUnitNogoodsLearned = 195
AverageLearnedNogoodLength = 58.84092924277354
AverageLbd = 29.235325412307148
value = 196
time = 15.18
