instance = "pumpkin-v1/opt/n50_k5/instance_n50_k5_0014.fzn"
directory = "experiments/20260610-10.42.57.240042-pumpkin-v1/210"
status = "SATISFIABLE"
num_solutions = 4
wall_clock_time = 1801.48
cpu_time = 1791.6200000000001
failures = "6125689"
propagations = "254720506"
solveTime = "1797.753772379"
nodes = "11905098"
peakDepth = "321"
restarts = "0"
nogoods = "6125689"
AverageLbd = "14.613017735637575"
AverageLearnedNogoodLength = "25.146735330507312"
AverageConflictSize = "22.546379680718363"
NumUnitNogoodsLearned = "0"
circuitNumberPropagationsThatFoundConflict = "4235587"
circuitNumberTotalFixedEdgesAtConflict = "177219524"
circuitNumberNumberOfConflicts = "4235587"
circuitNumberPropagationsThatPruned = "3463861"
circuitNumberPropagationsTotal = "18673251"
allDifferentNumberTotalHallSetSize = "13695488"
allDifferentNumberNumberOfConflicts = "755548"
allDifferentNumberMaxHallSetSize = "202"
allDifferentNumberPropagationsTotal = "27392117"
allDifferentNumberPropagationsThatFoundConflict = "755548"

[[solution_objectives]]
nodes = 2291
restarts = 0
peakDepth = 319
solveTime = 0.057846171
failures = 195
propagations = 15930
nogoods = 195
AverageConflictSize = 7.579487179487179
NumUnitNogoodsLearned = 0
AverageLearnedNogoodLength = 7.276923076923077
AverageLbd = 5.861538461538461
value = 809
time = 2.34

[[solution_objectives]]
nodes = 3178
restarts = 0
peakDepth = 321
solveTime = 0.093155038
failures = 388
propagations = 22952
nogoods = 388
AverageConflictSize = 9.22938144329897
NumUnitNogoodsLearned = 0
AverageLearnedNogoodLength = 10.185567010309278
AverageLbd = 8.20360824742268
value = 685
time = 2.36

[[solution_objectives]]
nodes = 3860
restarts = 0
peakDepth = 321
solveTime = 0.111639416
failures = 508
propagations = 27982
nogoods = 508
AverageConflictSize = 9.490157480314961
NumUnitNogoodsLearned = 0
AverageLearnedNogoodLength = 10.700787401574804
AverageLbd = 8.87992125984252
value = 635
time = 2.38

[[solution_objectives]]
nodes = 5918
restarts = 0
peakDepth = 321
solveTime = 0.205785535
failures = 1127
propagations = 51211
nogoods = 1127
AverageConflictSize = 11.271517302573203
NumUnitNogoodsLearned = 0
AverageLearnedNogoodLength = 12.967169476486246
AverageLbd = 11.090505767524402
value = 437
time = 2.47
