instance = "pumpkin-v3/opt/n150_k7/instance_n150_k7_0018.fzn"
directory = "experiments/20260605-18.05.57.686725-pumpkin-v3/246"
status = "OPTIMAL"
num_solutions = 3
wall_clock_time = 49.1
cpu_time = 35.54
failures = "22529"
propagations = "787246"
solveTime = "36.921204503"
nodes = "30652"
peakDepth = "1109"
restarts = "9"
nogoods = "22529"
AverageLbd = "42.65737493896755"
AverageLearnedNogoodLength = "86.8793998845932"
AverageConflictSize = "56.39398109103822"
NumUnitNogoodsLearned = "164"

[[solution_objectives]]
nodes = 27389
restarts = 8
peakDepth = 1098
solveTime = 36.410450654
failures = 22240
propagations = 772288
nogoods = 22240
AverageConflictSize = 56.85152877697842
NumUnitNogoodsLearned = 164
AverageLearnedNogoodLength = 87.42081834532374
AverageLbd = 42.90022482014388
value = 185
time = 43.64

[[solution_objectives]]
nodes = 29533
restarts = 9
peakDepth = 1098
solveTime = 36.840138334
failures = 22523
propagations = 784260
nogoods = 22523
AverageConflictSize = 56.40700617146916
NumUnitNogoodsLearned = 164
AverageLearnedNogoodLength = 86.88567242374462
AverageLbd = 42.659015228877145
value = 181
time = 44.05

[[solution_objectives]]
nodes = 30652
restarts = 9
peakDepth = 1109
solveTime = 36.921178336
failures = 22529
propagations = 787246
nogoods = 22529
AverageConflictSize = 56.39398109103822
NumUnitNogoodsLearned = 164
AverageLearnedNogoodLength = 86.8793998845932
AverageLbd = 42.65737493896755
value = 165
time = 44.13
