instance = "pumpkin-v3/opt/n150_k7/instance_n150_k7_0000.fzn"
directory = "experiments/20260605-18.05.57.686725-pumpkin-v3/262"
status = "OPTIMAL"
num_solutions = 2
wall_clock_time = 276.55
cpu_time = 274.97999999999996
failures = "220160"
propagations = "6414656"
solveTime = "276.137805754"
nodes = "233593"
peakDepth = "1127"
restarts = "23"
nogoods = "220160"
AverageLbd = "31.07075308866279"
AverageLearnedNogoodLength = "55.44141533430233"
AverageConflictSize = "45.41900436046512"
NumUnitNogoodsLearned = "141"

[[solution_objectives]]
nodes = 232095
restarts = 22
peakDepth = 1127
solveTime = 275.85384361
failures = 220105
propagations = 6408544
nogoods = 220105
AverageConflictSize = 45.407387383294335
NumUnitNogoodsLearned = 141
AverageLearnedNogoodLength = 55.43005383794098
AverageLbd = 31.064532836600712
value = 699
time = 276.12

[[solution_objectives]]
nodes = 233593
restarts = 23
peakDepth = 1127
solveTime = 276.137798946
failures = 220160
propagations = 6414656
nogoods = 220160
AverageConflictSize = 45.41900436046512
NumUnitNogoodsLearned = 141
AverageLearnedNogoodLength = 55.44141533430233
AverageLbd = 31.07075308866279
value = 142
time = 276.41
