instance = "pumpkin-v2/opt/n150_k10/instance_n150_k10_0013.fzn"
directory = "experiments/20260603-09.01.52.920058-pumpkin-v2/5"
status = "OPTIMAL"
num_solutions = 4
wall_clock_time = 27.93
cpu_time = 19.419999999999998
failures = "14115"
propagations = "980061"
solveTime = "19.32827533"
nodes = "24810"
peakDepth = "1549"
restarts = "15"
nogoods = "14115"
AverageLbd = "49.43535246191994"
AverageLearnedNogoodLength = "102.68912504427914"
AverageConflictSize = "76.99822883457315"
NumUnitNogoodsLearned = "203"

[[solution_objectives]]
nodes = 19226
restarts = 13
peakDepth = 1379
solveTime = 18.612894004
failures = 13824
propagations = 952207
nogoods = 13824
AverageConflictSize = 76.71498842592592
NumUnitNogoodsLearned = 203
AverageLearnedNogoodLength = 102.50578703703704
AverageLbd = 49.155454282407405
value = 211
time = 26.05

[[solution_objectives]]
nodes = 21102
restarts = 14
peakDepth = 1453
solveTime = 18.813013769
failures = 13876
propagations = 958623
nogoods = 13876
AverageConflictSize = 76.76981839146728
NumUnitNogoodsLearned = 203
AverageLearnedNogoodLength = 102.59455174401845
AverageLbd = 49.248414528682616
value = 210
time = 26.24

[[solution_objectives]]
nodes = 23262
restarts = 15
peakDepth = 1453
solveTime = 19.245129638
failures = 14115
propagations = 976050
nogoods = 14115
AverageConflictSize = 76.99822883457315
NumUnitNogoodsLearned = 203
AverageLearnedNogoodLength = 102.68912504427914
AverageLbd = 49.43535246191994
value = 209
time = 26.68

[[solution_objectives]]
nodes = 24810
restarts = 15
peakDepth = 1549
solveTime = 19.328269414
failures = 14115
propagations = 980061
nogoods = 14115
AverageConflictSize = 76.99822883457315
NumUnitNogoodsLearned = 203
AverageLearnedNogoodLength = 102.68912504427914
AverageLbd = 49.43535246191994
value = 204
time = 26.77
