instance = "pumpkin-v0/opt/n50_k7/instance_n50_k7_0020.fzn"
directory = "experiments/20260602-11.16.13.665988-pumpkin-v0/264"
status = "SATISFIABLE"
num_solutions = 3
wall_clock_time = 1801.36
cpu_time = 1792.47
failures = "5092463"
propagations = "986829582"
solveTime = "1799.728936525"
nodes = "7421418"
peakDepth = "501"
restarts = "18483"
nogoods = "5092463"
AverageLbd = "14.266718481803402"
AverageLearnedNogoodLength = "33.916793504439795"
AverageConflictSize = "15.397818697946358"
NumUnitNogoodsLearned = "235"

[[solution_objectives]]
nodes = 49984
restarts = 35
peakDepth = 405
solveTime = 8.119819267
failures = 33887
propagations = 7170642
nogoods = 33887
AverageConflictSize = 16.601794198365155
NumUnitNogoodsLearned = 235
AverageLearnedNogoodLength = 45.60167615899903
AverageLbd = 14.752855077168235
value = 367
time = 8.4

[[solution_objectives]]
nodes = 50617
restarts = 36
peakDepth = 501
solveTime = 8.144845821
failures = 33926
propagations = 7189354
nogoods = 33926
AverageConflictSize = 16.592141720214585
NumUnitNogoodsLearned = 235
AverageLearnedNogoodLength = 45.61648882862701
AverageLbd = 14.761775629310852
value = 364
time = 8.42

[[solution_objectives]]
nodes = 65176
restarts = 39
peakDepth = 501
solveTime = 11.684058232
failures = 44935
propagations = 9710357
nogoods = 44935
AverageConflictSize = 17.574852564815846
NumUnitNogoodsLearned = 235
AverageLearnedNogoodLength = 48.91311894959386
AverageLbd = 14.001891621230666
value = 352
time = 11.96
