instance = "pumpkin-v3/opt/n100_k20/instance_n100_k20_0010.fzn"
directory = "experiments/20260605-18.05.57.686725-pumpkin-v3/418"
status = "OPTIMAL"
num_solutions = 2
wall_clock_time = 11.68
cpu_time = 7.2700000000000005
failures = "10103"
propagations = "1797170"
solveTime = "7.135291303"
nodes = "13675"
peakDepth = "1299"
restarts = "1"
nogoods = "10103"
AverageLbd = "34.64693655349896"
AverageLearnedNogoodLength = "109.04176977135505"
AverageConflictSize = "42.118479659507074"
NumUnitNogoodsLearned = "186"

[[solution_objectives]]
nodes = 12896
restarts = 1
peakDepth = 1299
solveTime = 7.104958598
failures = 10099
propagations = 1791683
nogoods = 10099
AverageConflictSize = 42.093474601445685
NumUnitNogoodsLearned = 186
AverageLearnedNogoodLength = 108.97494801465491
AverageLbd = 34.64164768788989
value = 494
time = 10.89

[[solution_objectives]]
nodes = 13675
restarts = 1
peakDepth = 1299
solveTime = 7.13528136
failures = 10103
propagations = 1797170
nogoods = 10103
AverageConflictSize = 42.118479659507074
NumUnitNogoodsLearned = 186
AverageLearnedNogoodLength = 109.04176977135505
AverageLbd = 34.64693655349896
value = 187
time = 10.92
