instance = "pumpkin-v0/random/n50_p015/instance_n50_p0.150_0017.fzn"
directory = "experiments/20260612-11.19.59.708870-pumpkin-v0/97"
status = "SATISFIABLE"
num_solutions = 3
wall_clock_time = 300.0
cpu_time = 300.0
failures = "232"
propagations = "111114"
solveTime = "0.034421408"
nodes = "1601"
peakDepth = "458"
restarts = "0"
nogoods = "232"
AverageLbd = "13.40948275862069"
AverageLearnedNogoodLength = "23.887931034482758"
AverageConflictSize = "4.206896551724138"
NumUnitNogoodsLearned = "0"
circuitNumberPropagationsThatFoundConflict = "4"
circuitNumberTotalFixedEdgesAtConflict = "168"
circuitNumberNumberOfConflicts = "4"
circuitNumberPropagationsThatPruned = "75"
circuitNumberPropagationsTotal = "720"

[[solution_objectives]]
nodes = 494
restarts = 0
peakDepth = 458
solveTime = 0.005491959
failures = 33
propagations = 23181
nogoods = 33
AverageConflictSize = 2.5757575757575757
NumUnitNogoodsLearned = 0
AverageLearnedNogoodLength = 24.545454545454547
AverageLbd = 15.969696969696969
value = 988
time = 3.47

[[solution_objectives]]
nodes = 1176
restarts = 0
peakDepth = 458
solveTime = 0.03295921
failures = 232
propagations = 107536
nogoods = 232
AverageConflictSize = 4.206896551724138
NumUnitNogoodsLearned = 0
AverageLearnedNogoodLength = 23.887931034482758
AverageLbd = 13.40948275862069
value = 939
time = 3.49

[[solution_objectives]]
nodes = 1601
restarts = 0
peakDepth = 458
solveTime = 0.034421408
failures = 232
propagations = 111114
nogoods = 232
AverageConflictSize = 4.206896551724138
NumUnitNogoodsLearned = 0
AverageLearnedNogoodLength = 23.887931034482758
AverageLbd = 13.40948275862069
value = 923
time = 3.5
