instance = "pumpkin-v0/opt/n150_k10/instance_n150_k10_0001.fzn"
directory = "experiments/20260609-14.46.48.023744-pumpkin-v0/147"
status = "SATISFIABLE"
num_solutions = 4
wall_clock_time = 1800.0
cpu_time = 1800.0
failures = "7026"
propagations = "9449905"
solveTime = "9.682923511"
nodes = "16636"
peakDepth = "1686"
restarts = "0"
nogoods = "7026"
AverageLbd = "70.13948192428124"
AverageLearnedNogoodLength = "80.87005408482779"
AverageConflictSize = "87.08368915456875"
NumUnitNogoodsLearned = "0"
circuitNumberPropagationsThatFoundConflict = "13593"
circuitNumberTotalFixedEdgesAtConflict = "1981799"
circuitNumberNumberOfConflicts = "13593"
circuitNumberPropagationsThatPruned = "15609"
circuitNumberPropagationsTotal = "58845"

[[solution_objectives]]
nodes = 6322
restarts = 0
peakDepth = 1686
solveTime = 4.180333645
failures = 3155
propagations = 4380897
nogoods = 3155
AverageConflictSize = 85.31600633914421
NumUnitNogoodsLearned = 0
AverageLearnedNogoodLength = 74.25958795562599
AverageLbd = 67.60316957210776
value = 957
time = 19.82

[[solution_objectives]]
nodes = 11353
restarts = 0
peakDepth = 1686
solveTime = 6.314363407
failures = 5175
propagations = 7138888
nogoods = 5175
AverageConflictSize = 75.62531400966184
NumUnitNogoodsLearned = 0
AverageLearnedNogoodLength = 70.1656038647343
AverageLbd = 61.56289855072464
value = 240
time = 21.95

[[solution_objectives]]
nodes = 13987
restarts = 0
peakDepth = 1686
solveTime = 7.927806658
failures = 6093
propagations = 8285592
nogoods = 6093
AverageConflictSize = 82.06023305432464
NumUnitNogoodsLearned = 0
AverageLearnedNogoodLength = 76.00968324306581
AverageLbd = 66.09863778106023
value = 221
time = 23.56

[[solution_objectives]]
nodes = 16636
restarts = 0
peakDepth = 1686
solveTime = 9.682923511
failures = 7026
propagations = 9449905
nogoods = 7026
AverageConflictSize = 87.08368915456875
NumUnitNogoodsLearned = 0
AverageLearnedNogoodLength = 80.87005408482779
AverageLbd = 70.13948192428124
value = 220
time = 25.33
