instance = "pumpkin-v2/opt/n100_k7/instance_n100_k7_0012.fzn"
directory = "experiments/20260603-09.01.52.920058-pumpkin-v2/127"
status = "OPTIMAL"
num_solutions = 3
wall_clock_time = 126.39
cpu_time = 124.19
failures = "217034"
propagations = "7280175"
solveTime = "124.462317095"
nodes = "229589"
peakDepth = "787"
restarts = "4"
nogoods = "217034"
AverageLbd = "15.009869421380982"
AverageLearnedNogoodLength = "34.911345687772425"
AverageConflictSize = "24.096183086521005"
NumUnitNogoodsLearned = "202"

[[solution_objectives]]
nodes = 14890
restarts = 3
peakDepth = 749
solveTime = 8.933649631
failures = 12346
propagations = 635862
nogoods = 12346
AverageConflictSize = 50.388465899886604
NumUnitNogoodsLearned = 202
AverageLearnedNogoodLength = 81.89842864085534
AverageLbd = 40.36238457800097
value = 734
time = 10.53

[[solution_objectives]]
nodes = 228789
restarts = 4
peakDepth = 787
solveTime = 124.423913475
failures = 217027
propagations = 7277747
nogoods = 217027
AverageConflictSize = 24.09676676173932
NumUnitNogoodsLearned = 202
AverageLearnedNogoodLength = 34.91145802135218
AverageLbd = 15.009819054771986
value = 217
time = 126.01

[[solution_objectives]]
nodes = 229589
restarts = 4
peakDepth = 787
solveTime = 124.46231199
failures = 217034
propagations = 7280175
nogoods = 217034
AverageConflictSize = 24.096183086521005
NumUnitNogoodsLearned = 202
AverageLearnedNogoodLength = 34.911345687772425
AverageLbd = 15.009869421380982
value = 203
time = 126.05
