%% Circuit-constraint benchmark instance
%% Generated by generate_instances.py
%% Method: Francis & Stuckey (2014) "Explaining circuit propagation"
%%
%% Model: minimise the length of the longest leg (maxleg).
%%        Successor variables must form a Hamiltonian circuit using only
%%        edges present in the transport network (travelTime >= 0).
%%        This matches the MiniZinc model in Figure 1 of the paper.
%%
%% Instance parameters
%%   n              = 50
%%   k              = 15
%%   seed           = 44
%%   knn_edges      = 437   (undirected edges from k-nearest step)
%%   walk_edges     = 3  (undirected edges added by random walk)
%%   total_edges    = 440
%%   walk_fraction  = 0.0068  (walk_edges / total_edges)
%%
%% NOTE: a walk_fraction above 0.20 may indicate a near-degenerate instance
%%       in which the random walk dominates the graph structure.

include "globals.mzn";

int: n = 50;
set of int: Locations = 1..n;

%% Maximum possible travel time; used as the upper bound for maxleg.
int: maxLegLen = 723;

%% Travel times between locations (–1 means no direct connection exists).
array[Locations, Locations] of int: travelTime =
  array2d(Locations, Locations, [ -1, -1, -1, -1, 253, -1, 140, -1, 449, -1, -1, -1, -1, -1, 381, -1, -1, -1, -1, 362, 325, -1, 181, 195, -1, 285, -1, -1, 447, 238, -1, -1, 304, -1, -1, -1, 250, -1, 154, -1, 199, -1, -1, 438, -1, 339, 191, 270, 176, -1, -1, -1, -1, -1, -1, -1, -1, 227, -1, 253, -1, 119, -1, -1, -1, -1, -1, -1, 448, -1, 258, -1, -1, -1, -1, -1, 135, -1, -1, 425, 224, -1, -1, 281, 448, 245, -1, 444, -1, -1, -1, 236, -1, -1, -1, -1, 453, 390, -1, -1, -1, -1, -1, 110, -1, -1, -1, -1, -1, 401, 168, -1, -1, 404, -1, 232, 30, -1, 211, -1, -1, -1, -1, -1, -1, -1, -1, 206, -1, -1, -1, 86, -1, 383, 209, -1, -1, -1, -1, 52, -1, -1, -1, -1, 52, -1, -1, 366, 381, -1, -1, -1, 110, -1, -1, -1, 475, -1, -1, -1, 98, -1, -1, 386, -1, 260, 137, -1, 321, -1, -1, -1, -1, 462, -1, -1, -1, 218, -1, -1, -1, 132, -1, -1, 319, -1, -1, -1, -1, 155, -1, -1, -1, -1, 156, -1, -1, 462, 435, -1, 253, -1, -1, -1, -1, -1, 247, -1, 338, -1, 428, -1, -1, 176, -1, 257, -1, -1, -1, -1, -1, -1, -1, 96, -1, 360, -1, 291, 279, -1, -1, 404, 373, -1, -1, -1, 131, -1, 190, -1, 210, -1, -1, 464, -1, -1, -1, 403, 181, -1, -1, -1, -1, -1, -1, -1, -1, 473, -1, -1, -1, -1, 457, -1, -1, -1, -1, 339, -1, 279, 496, 171, 428, -1, 196, -1, -1, -1, -1, 374, 337, -1, -1, -1, -1, -1, -1, 171, -1, -1, -1, -1, 202, -1, -1, 507, 417, -1, -1, 508, 140, -1, -1, 475, 247, -1, -1, 323, -1, 378, 438, -1, -1, 344, -1, 240, 379, -1, -1, -1, 285, -1, 251, 154, -1, -1, -1, 286, 504, 302, -1, 344, -1, -1, -1, 374, 310, -1, 255, -1, 302, 327, -1, -1, 359, -1, 263, 163, 79, -1, -1, 227, -1, -1, -1, 473, 323, -1, -1, 227, -1, 345, -1, -1, -1, -1, -1, -1, -1, -1, 38, 335, 237, -1, 372, -1, 319, -1, -1, 222, 305, -1, -1, 280, -1, 215, -1, 327, -1, -1, -1, 148, -1, -1, -1, -1, 239, 208, -1, -1, 449, -1, -1, -1, 338, -1, -1, -1, -1, -1, -1, -1, -1, 457, 411, -1, -1, -1, -1, -1, -1, -1, -1, 418, -1, 273, -1, -1, 106, -1, -1, -1, 267, -1, -1, -1, 225, -1, 295, -1, 252, -1, -1, 238, -1, 439, -1, -1, 493, 484, -1, 253, 401, -1, -1, -1, 378, 227, -1, -1, -1, 342, -1, -1, -1, -1, 375, -1, 195, -1, 220, -1, -1, -1, -1, -1, 232, -1, -1, -1, 450, -1, -1, 54, 195, 12, -1, -1, -1, 361, -1, 81, -1, -1, 358, -1, -1, 215, -1, -1, -1, -1, 168, 98, 428, -1, 438, -1, -1, -1, -1, -1, -1, 293, -1, 202, 184, -1, 371, -1, -1, -1, -1, 396, -1, -1, -1, 155, -1, -1, -1, 130, -1, -1, 366, -1, -1, -1, -1, 220, -1, -1, -1, -1, 195, -1, -1, -1, 385, -1, -1, 119, -1, -1, -1, -1, -1, 345, -1, 342, -1, -1, -1, -1, -1, -1, -1, -1, 527, -1, 377, 538, -1, -1, -1, -1, 136, -1, -1, 536, 252, -1, -1, 356, 529, 336, -1, 527, -1, -1, -1, 343, -1, -1, -1, -1, -1, 503, -1, -1, -1, -1, -1, -1, -1, 457, -1, -1, -1, -1, -1, -1, -1, -1, 157, -1, -1, 160, -1, 249, -1, 396, 430, -1, 332, 317, -1, -1, -1, 427, -1, -1, 314, -1, -1, -1, -1, 408, -1, -1, -1, -1, 256, 346, -1, 154, 424, -1, -1, 83, -1, -1, 404, 386, 176, -1, 344, -1, 457, -1, 293, -1, -1, -1, -1, 200, 398, -1, -1, -1, -1, -1, -1, 210, -1, -1, -1, 204, 368, -1, -1, 320, -1, -1, -1, -1, 294, -1, 366, -1, 385, -1, -1, -1, 393, -1, -1, -1, 265, -1, 381, -1, -1, -1, -1, -1, -1, -1, 411, -1, -1, -1, 157, -1, -1, -1, -1, 221, -1, 297, -1, -1, 393, -1, 393, 163, -1, -1, 491, -1, -1, -1, 158, -1, -1, -1, -1, -1, 328, -1, 306, -1, 373, 203, -1, 63, 390, -1, -1, 74, -1, -1, 232, 260, 257, -1, 240, -1, -1, -1, 202, -1, -1, 200, -1, -1, 217, -1, 332, -1, -1, -1, -1, 202, -1, -1, -1, 47, -1, -1, -1, 147, -1, -1, 323, -1, 384, -1, -1, 265, -1, -1, -1, -1, 207, -1, -1, 300, 183, -1, -1, -1, 30, 137, -1, -1, 379, -1, -1, 375, 184, -1, -1, 398, -1, 217, -1, -1, 189, -1, -1, -1, -1, -1, -1, -1, -1, 196, -1, -1, -1, 79, -1, 359, 185, 382, -1, -1, -1, 49, -1, -1, -1, -1, 21, -1, -1, 336, 358, -1, -1, -1, -1, -1, -1, 339, -1, -1, -1, -1, -1, -1, 160, -1, 221, -1, -1, -1, -1, 89, -1, 243, 289, -1, 179, 328, -1, -1, -1, 275, -1, -1, 334, -1, -1, -1, -1, 255, -1, -1, -1, -1, 167, 420, -1, 169, 280, -1, -1, 179, -1, 448, 211, 321, -1, -1, -1, -1, -1, 195, 371, 527, -1, -1, -1, 332, 189, -1, -1, -1, 363, -1, -1, -1, -1, -1, 403, 335, -1, -1, -1, 248, -1, 172, 11, 205, -1, -1, -1, 167, -1, 245, -1, -1, 176, -1, -1, 252, -1, -1, 362, -1, -1, -1, -1, 279, -1, -1, -1, -1, -1, -1, 249, -1, 297, -1, -1, 89, -1, -1, -1, 158, 232, -1, 97, 377, -1, -1, -1, 205, -1, -1, 387, -1, -1, -1, -1, 169, -1, -1, -1, -1, 158, 489, -1, 239, 222, -1, -1, 265, 325, 258, -1, -1, -1, 496, 285, 38, -1, 220, -1, 377, -1, -1, -1, -1, -1, -1, 363, -1, -1, 350, 221, -1, 382, -1, 340, -1, -1, 215, 342, -1, -1, 273, 357, 208, -1, 343, -1, -1, -1, 139, -1, -1, -1, -1, 224, 172, -1, -1, -1, -1, -1, -1, -1, 171, -1, 335, -1, -1, -1, 538, 396, -1, -1, -1, -1, 243, -1, 158, 350, -1, 257, -1, 64, -1, -1, -1, -1, 203, 319, -1, -1, -1, -1, -1, -1, 12, -1, -1, -1, -1, 200, -1, -1, 395, 246, -1, -1, 422, 181, -1, -1, -1, -1, 428, 251, 237, -1, -1, -1, -1, 430, -1, 393, -1, -1, 289, -1, 232, 221, 257, -1, 367, 249, 371, 556, -1, -1, 57, 444, -1, -1, -1, -1, -1, 423, 258, 314, -1, 349, 350, 383, -1, -1, 334, 11, 276, 321, 405, 195, -1, -1, 462, 96, -1, 154, -1, 418, -1, 396, -1, -1, 210, -1, 202, -1, -1, -1, -1, -1, -1, 367, -1, -1, -1, -1, 245, 370, -1, -1, 346, -1, -1, -1, -1, 194, -1, 199, -1, 236, -1, -1, -1, -1, -1, 378, 307, 85, -1, -1, -1, -1, -1, -1, 196, -1, 372, -1, -1, -1, -1, 332, -1, 393, -1, -1, 179, -1, 97, 382, 64, 249, -1, -1, -1, -1, -1, -1, 204, 384, -1, -1, -1, -1, -1, -1, 76, -1, -1, -1, -1, 154, -1, -1, 335, 238, -1, -1, 358, 285, -1, -1, -1, 360, -1, -1, -1, 273, -1, -1, -1, 317, -1, 163, -1, -1, 328, -1, 377, -1, -1, 371, -1, -1, -1, -1, -1, 338, -1, -1, -1, 19, -1, -1, -1, 243, -1, 182, -1, 150, -1, 495, 156, -1, 172, -1, -1, -1, 236, -1, 135, -1, -1, -1, -1, -1, 319, -1, 232, -1, 136, -1, -1, -1, -1, -1, -1, 403, -1, 340, -1, 556, -1, -1, -1, -1, -1, -1, 535, 349, -1, -1, 233, 406, 230, -1, -1, -1, -1, -1, 260, -1, -1, -1, -1, 557, 426, -1, -1, -1, -1, 206, 218, 291, -1, 286, -1, -1, -1, 155, -1, -1, 204, -1, 47, 196, -1, 335, -1, -1, -1, -1, 245, -1, -1, -1, -1, -1, -1, -1, 119, -1, -1, 327, -1, -1, -1, -1, 245, -1, -1, -1, -1, 190, -1, -1, -1, 230, -1, 447, -1, -1, -1, 279, -1, 504, -1, 106, -1, -1, -1, -1, 368, 491, -1, -1, -1, -1, -1, -1, -1, -1, 370, -1, 338, -1, -1, -1, -1, -1, -1, 336, -1, -1, -1, 199, -1, 299, -1, 267, -1, -1, 336, -1, 510, -1, -1, 452, -1, 238, 425, -1, -1, -1, 374, 302, 222, -1, -1, -1, 536, 427, -1, -1, -1, -1, 275, -1, 205, 215, 203, 57, -1, 204, -1, 535, -1, -1, -1, 395, -1, -1, -1, -1, -1, -1, 204, -1, -1, -1, 351, 347, -1, -1, 349, 47, 304, -1, 412, -1, 224, -1, -1, -1, 337, -1, 305, -1, 450, -1, 252, -1, -1, -1, -1, -1, -1, -1, -1, 342, 319, 444, -1, 384, -1, 349, -1, -1, 395, -1, -1, -1, -1, -1, 439, -1, 307, -1, -1, -1, 403, 498, -1, -1, -1, 438, -1, -1, -1, -1, -1, 86, 132, 404, -1, 344, -1, -1, -1, 130, -1, -1, 320, -1, 147, 79, -1, 248, -1, -1, -1, -1, 346, -1, -1, -1, 119, -1, -1, -1, -1, -1, -1, 243, -1, -1, -1, -1, 128, -1, -1, -1, -1, 79, -1, -1, 336, 309, -1, 304, -1, -1, -1, 373, -1, -1, -1, 267, -1, -1, -1, 314, -1, 158, -1, -1, 334, -1, 387, -1, -1, -1, -1, -1, 19, -1, -1, 336, -1, -1, -1, -1, -1, -1, -1, 253, -1, 198, -1, 164, -1, -1, 137, -1, 174, -1, -1, -1, 232, -1, 281, 383, -1, -1, -1, -1, 280, -1, 54, -1, 356, -1, -1, -1, -1, 359, -1, 172, -1, 273, -1, -1, -1, -1, -1, 233, -1, -1, -1, -1, -1, -1, -1, 174, 65, 723, -1, -1, 339, -1, 135, -1, -1, 344, -1, -1, 254, -1, -1, -1, 448, 209, 319, -1, -1, -1, -1, -1, 195, 366, 529, -1, -1, -1, 323, 185, -1, 11, -1, 357, -1, -1, -1, -1, -1, 406, 327, -1, -1, -1, 243, -1, 174, -1, 204, -1, -1, -1, 166, -1, 241, -1, -1, 172, -1, -1, 242, -1, -1, -1, 245, -1, -1, -1, -1, 374, 215, -1, 12, -1, 336, -1, -1, -1, -1, 382, -1, 205, -1, 208, -1, -1, -1, -1, -1, 230, -1, -1, -1, 439, -1, -1, 65, 204, -1, -1, -1, -1, 370, -1, 70, -1, -1, 365, -1, -1, 211, -1, -1, 250, -1, -1, -1, 131, -1, 310, -1, 225, -1, -1, -1, -1, 294, -1, 384, -1, -1, -1, -1, -1, -1, 423, 194, -1, 243, -1, -1, 199, -1, -1, -1, 253, 723, -1, -1, -1, -1, 114, -1, 105, -1, -1, 334, -1, 400, -1, -1, 268, -1, -1, 444, -1, -1, -1, 171, -1, 327, -1, -1, -1, 527, 408, -1, -1, -1, -1, 255, -1, 169, 343, 12, 258, -1, 76, -1, -1, -1, -1, 204, 307, -1, -1, -1, -1, -1, -1, -1, -1, -1, -1, -1, 211, -1, -1, 406, 247, -1, -1, 433, 154, -1, -1, -1, 190, -1, 255, -1, 295, -1, -1, -1, -1, 366, 328, -1, -1, -1, -1, -1, -1, -1, 314, 199, -1, 182, -1, -1, 299, -1, -1, -1, 198, -1, -1, -1, 114, -1, -1, -1, 47, -1, -1, 316, -1, 310, 322, -1, 242, 391, -1, -1, 52, 155, -1, -1, -1, -1, -1, 361, 220, -1, -1, -1, -1, 265, 49, -1, 167, -1, -1, -1, -1, -1, -1, -1, -1, 245, -1, -1, -1, 128, -1, 339, 166, 370, -1, -1, -1, -1, -1, -1, -1, -1, 59, -1, -1, 351, 397, -1, 199, -1, -1, -1, 210, -1, 302, -1, 252, -1, -1, -1, -1, 385, 306, -1, -1, -1, -1, -1, -1, -1, 349, 236, -1, 150, -1, -1, 267, -1, -1, -1, 164, -1, -1, -1, 105, -1, 47, -1, -1, -1, -1, 273, -1, 297, -1, -1, 286, 373, -1, 236, -1, -1, -1, -1, 327, 148, -1, 81, -1, 343, -1, -1, -1, -1, -1, -1, 245, -1, 139, -1, 350, -1, -1, -1, 260, -1, -1, 351, 403, -1, -1, 135, 241, 70, -1, -1, -1, -1, -1, -1, -1, -1, -1, -1, 355, 166, -1, -1, -1, -1, -1, -1, -1, 202, -1, -1, -1, -1, -1, -1, 256, -1, 373, -1, -1, 167, -1, 158, -1, 200, 383, -1, 154, 495, -1, -1, -1, 347, 498, -1, -1, -1, -1, -1, -1, 211, -1, -1, -1, -1, -1, -1, -1, 330, 373, -1, -1, 314, 438, -1, -1, -1, 464, -1, -1, -1, 238, -1, -1, -1, 346, -1, 203, -1, -1, 420, -1, 489, -1, -1, -1, -1, -1, 156, -1, -1, 336, -1, -1, -1, 137, -1, -1, -1, 334, -1, 316, -1, 273, -1, -1, -1, -1, 252, -1, -1, -1, 268, -1, -1, 52, 156, -1, -1, 359, -1, -1, 358, 195, -1, -1, 393, -1, 207, 21, -1, 176, -1, -1, -1, -1, -1, -1, -1, -1, 190, -1, -1, -1, 79, -1, 344, 172, 365, -1, -1, -1, 59, -1, -1, -1, -1, -1, -1, -1, 314, 340, -1, 339, -1, -1, -1, -1, 507, -1, -1, 439, -1, -1, -1, 154, -1, 63, -1, -1, 169, -1, 239, -1, 395, 334, -1, 335, 172, -1, -1, 510, 349, -1, -1, 174, -1, -1, -1, 400, 406, 310, -1, 297, -1, 330, 252, -1, -1, 330, -1, -1, 85, 191, 453, -1, -1, -1, 417, 263, 239, -1, -1, -1, -1, 424, -1, 390, -1, -1, 280, -1, 222, 224, 246, 11, 378, 238, -1, 557, -1, -1, 47, 438, -1, -1, -1, -1, -1, -1, 247, 322, -1, -1, 355, 373, -1, -1, 330, -1, 285, 332, 400, 270, 390, 366, 462, 403, -1, 163, 208, -1, 215, -1, 503, -1, -1, -1, 300, 336, -1, 252, -1, 172, -1, 276, 307, -1, -1, 426, -1, -1, 304, -1, 336, -1, 254, 242, 211, -1, -1, -1, 351, -1, 166, -1, -1, 314, -1, 285, -1, 222, -1, 176, -1, 381, 435, 181, -1, 79, -1, 493, -1, 385, -1, -1, 265, -1, 183, 358, -1, -1, -1, -1, -1, 321, 85, -1, -1, -1, 230, 452, -1, -1, 309, -1, -1, -1, -1, 268, -1, 242, 397, 286, -1, -1, -1, 340, -1, 332, 222, -1, -1, -1, -1, -1, -1, -1, 508, -1, -1, 484, -1, -1, -1, 83, -1, 74, -1, -1, 179, -1, 265, -1, 422, 405, -1, 358, 236, -1, -1, -1, 412, -1, -1, 232, -1, -1, -1, -1, 433, 391, -1, 373, -1, 314, 268, -1, 85, 400, -1, -1, -1 ]);


%% Successor variables: succ[i] = next location after i in the tour.
array[Locations] of var Locations: succ;

%% Only use allowed legs (edges present in the transport network).
constraint forall(loc1, loc2 in Locations)(
  travelTime[loc1, loc2] < 0 -> succ[loc1] != loc2
);

%% Successors must form a Hamiltonian circuit.
constraint circuit(succ);

%% Variable for the length of the longest leg.
var 1..maxLegLen: maxleg;

%% Link maxleg to actual travel times used in the tour.
constraint forall(loc1, loc2 in Locations)(
  succ[loc1] = loc2 -> maxleg >= travelTime[loc1, loc2]
);

solve :: int_search(succ, input_order, indomain_min, complete)
      minimize maxleg;

output [
  "succ = ", show(succ), "\n",
  "maxleg = ", show(maxleg), "\n"
];
