%% Circuit-constraint benchmark instance
%% Generated by generate_instances.py
%% Method: Francis & Stuckey (2014) "Explaining circuit propagation"
%%
%% Model: minimise the length of the longest leg (maxleg).
%%        Successor variables must form a Hamiltonian circuit using only
%%        edges present in the transport network (travelTime >= 0).
%%        This matches the MiniZinc model in Figure 1 of the paper.
%%
%% Instance parameters
%%   n              = 50
%%   k              = 15
%%   seed           = 47
%%   knn_edges      = 460   (undirected edges from k-nearest step)
%%   walk_edges     = 2  (undirected edges added by random walk)
%%   total_edges    = 462
%%   walk_fraction  = 0.0043  (walk_edges / total_edges)
%%
%% NOTE: a walk_fraction above 0.20 may indicate a near-degenerate instance
%%       in which the random walk dominates the graph structure.

include "globals.mzn";

int: n = 50;
set of int: Locations = 1..n;

%% Maximum possible travel time; used as the upper bound for maxleg.
int: maxLegLen = 1197;

%% Travel times between locations (–1 means no direct connection exists).
array[Locations, Locations] of int: travelTime =
  array2d(Locations, Locations, [ -1, 134, 165, 311, 464, -1, 174, -1, 294, 186, -1, 258, 280, -1, -1, 331, 48, 259, -1, -1, 341, -1, -1, -1, 264, -1, 352, 314, -1, -1, -1, -1, -1, -1, 315, -1, -1, -1, 231, 295, 303, -1, 379, -1, -1, -1, 369, -1, 168, 467, 134, -1, 76, 420, 493, -1, 205, -1, 161, 71, -1, -1, 260, 326, -1, 419, 99, 125, -1, -1, -1, -1, 228, -1, 130, 313, -1, -1, -1, 221, -1, -1, -1, -1, 379, -1, -1, -1, -1, -1, -1, -1, 443, -1, -1, -1, 386, 331, 98, 504, 165, 76, -1, -1, -1, -1, 157, -1, 171, 35, -1, -1, 188, 293, -1, 481, 150, 142, -1, -1, -1, -1, 194, 302, 138, 353, -1, -1, -1, 218, -1, -1, -1, -1, 448, 338, 273, -1, 353, 282, 318, 296, 512, -1, -1, -1, -1, 277, 174, -1, 311, 420, -1, -1, 317, -1, -1, -1, -1, -1, -1, 428, -1, -1, -1, 85, 324, -1, -1, -1, 371, -1, -1, -1, -1, -1, 452, 381, -1, -1, -1, -1, -1, -1, 158, -1, -1, -1, 318, -1, -1, -1, 177, -1, -1, 520, 295, -1, 383, 299, 464, 493, -1, 317, -1, -1, -1, 1197, 559, 562, -1, -1, -1, -1, -1, 232, 441, 538, -1, -1, -1, -1, -1, -1, 555, 513, -1, -1, -1, -1, -1, -1, -1, -1, 174, -1, -1, -1, -1, -1, -1, -1, 141, -1, -1, -1, 110, -1, 404, 31, -1, -1, -1, -1, -1, -1, 472, -1, -1, -1, -1, 299, 529, -1, -1, -1, -1, -1, 394, -1, 226, -1, -1, -1, -1, -1, 192, 235, -1, -1, 222, -1, 181, 326, -1, -1, -1, -1, 321, 386, 331, -1, -1, 87, -1, 98, -1, -1, -1, -1, 174, 205, 157, -1, -1, 472, -1, -1, -1, 192, -1, 177, 120, -1, -1, -1, 202, -1, -1, -1, 329, 297, -1, -1, 294, -1, 288, 288, 324, -1, 416, -1, 436, 266, -1, 331, -1, -1, 238, 132, 162, -1, -1, 467, -1, 483, -1, -1, 294, -1, -1, -1, -1, -1, 1197, -1, -1, -1, -1, -1, -1, -1, 465, -1, 78, -1, -1, -1, 269, 54, -1, 328, -1, -1, -1, -1, -1, -1, 315, -1, 437, 347, 481, 382, -1, 367, 482, -1, -1, 459, 485, -1, -1, -1, 211, -1, -1, -1, -1, -1, 294, 161, 171, -1, 559, -1, -1, -1, -1, 136, 437, -1, -1, 195, -1, -1, 256, 36, -1, -1, -1, -1, 121, 206, 34, 193, -1, -1, -1, 64, -1, -1, -1, -1, -1, -1, 297, 402, -1, -1, -1, 246, -1, -1, -1, -1, 449, 246, 179, 577, 186, 71, 35, -1, 562, -1, 192, -1, 136, -1, 543, -1, 213, 267, -1, 489, 162, 108, -1, -1, -1, -1, 168, 277, 103, 319, -1, -1, -1, 184, -1, -1, -1, -1, 450, -1, 270, 512, -1, -1, -1, 279, 514, -1, -1, -1, 454, 262, 160, 574, -1, -1, -1, -1, -1, -1, -1, -1, 437, 543, -1, -1, -1, 284, -1, -1, -1, 472, -1, -1, -1, -1, 380, 277, 463, 425, -1, -1, -1, 373, -1, 526, -1, -1, -1, 534, 439, 39, -1, -1, -1, 324, -1, -1, -1, -1, -1, 356, -1, -1, 258, -1, -1, 428, -1, 299, 177, -1, -1, -1, -1, -1, 261, -1, -1, -1, 304, -1, 336, -1, 166, -1, -1, -1, -1, -1, 111, 122, -1, -1, 296, -1, 302, 209, -1, -1, -1, -1, 117, 143, 100, -1, -1, 307, -1, 306, -1, -1, -1, -1, 280, 260, 188, -1, -1, 529, 120, 465, -1, 213, -1, 261, -1, -1, 430, -1, 295, -1, 327, 435, -1, 178, 281, -1, -1, -1, -1, -1, 204, -1, -1, 384, -1, 252, -1, 212, 219, -1, 347, 143, 198, -1, -1, -1, 381, -1, -1, 282, 358, -1, -1, 326, 293, -1, -1, -1, -1, -1, 195, 267, 284, -1, -1, -1, -1, -1, -1, 222, -1, -1, -1, -1, 99, 11, 208, 303, -1, -1, -1, 138, -1, 390, -1, -1, -1, 312, 198, 258, -1, -1, -1, 85, -1, -1, -1, -1, -1, 108, -1, -1, -1, -1, -1, -1, -1, -1, -1, 78, -1, -1, -1, -1, 430, -1, -1, 993, -1, -1, 195, 111, -1, 318, -1, -1, -1, -1, -1, -1, 311, -1, 358, 385, 402, 314, -1, 369, 483, -1, -1, 403, 423, -1, -1, 501, 252, -1, -1, -1, -1, -1, 331, 419, 481, 85, 232, -1, -1, -1, -1, 489, -1, -1, -1, -1, 993, -1, 331, -1, -1, -1, 449, -1, -1, -1, -1, -1, -1, 456, -1, -1, -1, -1, -1, -1, 83, -1, -1, -1, 386, -1, -1, -1, 92, -1, -1, -1, 218, -1, 363, 214, 48, 99, 150, 324, 441, -1, 202, -1, 256, 162, -1, 304, 295, -1, -1, 331, -1, 220, -1, -1, -1, -1, -1, -1, 228, 383, -1, 361, -1, 318, -1, -1, -1, -1, 304, -1, -1, -1, 278, -1, -1, -1, 368, -1, -1, -1, 341, -1, 120, 447, 259, 125, 142, -1, 538, -1, -1, -1, 36, 108, 472, -1, -1, 222, -1, -1, 220, -1, -1, -1, -1, -1, 139, 233, 17, 213, -1, -1, -1, 99, -1, -1, -1, -1, 458, -1, -1, 437, -1, -1, -1, 266, 518, -1, -1, -1, 428, 261, 148, 555, -1, -1, -1, -1, -1, 394, -1, 269, -1, -1, -1, 336, 327, -1, 195, -1, -1, -1, -1, 280, -1, 303, -1, -1, -1, -1, 352, -1, 313, -1, 182, 467, 228, 128, -1, -1, -1, -1, -1, 245, 247, -1, -1, 323, 363, 474, -1, -1, -1, -1, -1, -1, -1, -1, -1, -1, -1, 54, -1, -1, -1, -1, 435, -1, 111, -1, -1, -1, 280, -1, -1, 286, -1, -1, -1, -1, -1, -1, 271, -1, 457, 293, 502, 382, -1, 320, 435, -1, -1, 444, 475, -1, -1, -1, 157, -1, -1, -1, -1, -1, 341, -1, -1, 371, -1, 226, 329, -1, -1, -1, -1, 166, -1, -1, -1, 449, -1, -1, -1, -1, -1, -1, -1, -1, -1, -1, 100, 44, -1, -1, 345, -1, 327, 334, -1, -1, -1, -1, 110, 307, 256, -1, -1, 280, -1, 182, -1, -1, -1, -1, -1, -1, -1, -1, -1, -1, 297, 328, -1, -1, -1, -1, 178, -1, 318, -1, -1, -1, 303, 286, -1, -1, -1, -1, -1, -1, -1, -1, 27, -1, -1, 217, -1, 302, -1, 70, 169, -1, -1, 265, 319, 291, -1, -1, 205, -1, -1, 261, -1, -1, -1, 228, 194, -1, -1, -1, -1, -1, 121, 168, 380, -1, 281, 99, -1, -1, -1, 139, -1, -1, -1, -1, -1, 109, 122, 284, -1, -1, -1, 92, -1, 413, -1, -1, -1, 295, 184, 351, -1, -1, -1, 127, -1, -1, -1, -1, -1, 124, 283, -1, -1, -1, 302, -1, -1, -1, -1, -1, 206, 277, 277, -1, -1, 11, -1, -1, -1, 233, -1, -1, -1, -1, 109, -1, 219, 312, -1, -1, -1, 149, -1, 383, -1, -1, -1, 310, 197, 252, -1, -1, -1, 80, -1, -1, -1, -1, -1, 106, -1, -1, 264, 130, 138, -1, 555, -1, 294, -1, 34, 103, 463, -1, -1, 208, -1, -1, 228, 17, -1, -1, -1, -1, 122, 219, -1, 223, -1, -1, -1, 90, -1, -1, -1, -1, 473, -1, 286, 429, -1, -1, -1, 249, 533, -1, -1, -1, 445, 244, 163, 572, -1, 313, 353, -1, 513, -1, -1, -1, 193, 319, 425, -1, -1, 303, -1, -1, 383, 213, -1, -1, -1, -1, 284, 312, 223, -1, -1, -1, -1, 192, -1, -1, -1, -1, -1, -1, -1, 386, -1, -1, -1, 382, -1, -1, -1, -1, 416, 395, 267, 539, 352, -1, -1, 452, -1, 192, 288, -1, -1, -1, -1, 111, -1, -1, -1, -1, -1, -1, 352, -1, 100, -1, -1, -1, -1, -1, -1, 72, -1, -1, 252, -1, 241, 236, -1, -1, -1, -1, 143, 230, 175, -1, -1, 217, -1, 196, -1, -1, -1, -1, 314, -1, -1, 381, -1, 235, 288, -1, -1, -1, -1, 122, -1, -1, -1, 456, 361, -1, -1, -1, 44, -1, -1, -1, -1, -1, 72, -1, -1, -1, 323, -1, 311, 296, -1, -1, -1, -1, 86, 263, 213, -1, -1, 277, -1, 208, -1, -1, -1, -1, -1, -1, -1, -1, -1, -1, 324, 315, -1, -1, -1, -1, 204, -1, 311, -1, -1, -1, 313, 271, -1, 27, -1, -1, -1, -1, -1, -1, -1, -1, -1, 192, -1, 321, -1, 61, 172, -1, -1, 291, -1, 291, -1, -1, 180, -1, -1, 263, -1, -1, -1, 221, 218, -1, -1, -1, -1, -1, 64, 184, 373, -1, -1, 138, -1, -1, 318, 99, -1, -1, -1, -1, 92, 149, 90, 192, -1, -1, -1, -1, -1, -1, -1, -1, -1, -1, 276, 339, -1, -1, -1, 202, -1, -1, -1, -1, -1, 209, 243, -1, -1, -1, -1, -1, -1, 222, 416, 437, -1, -1, -1, 296, -1, -1, 358, -1, -1, -1, 182, 457, 345, -1, -1, -1, -1, -1, 252, 323, -1, -1, -1, -1, 46, 170, -1, -1, -1, -1, 387, 290, 255, -1, -1, 143, -1, 311, -1, -1, -1, -1, -1, -1, -1, -1, -1, -1, -1, 347, -1, -1, 526, -1, 384, 390, 385, -1, -1, -1, 467, 293, -1, 217, 413, 383, -1, -1, -1, -1, 192, -1, -1, -1, -1, -1, -1, 173, 237, 529, -1, -1, -1, 307, -1, -1, 136, -1, -1, 293, -1, -1, -1, -1, -1, -1, -1, 181, 436, 481, -1, -1, -1, 302, -1, -1, 402, -1, -1, -1, 228, 502, 327, -1, -1, -1, -1, -1, 241, 311, -1, -1, 46, -1, -1, 205, -1, -1, -1, -1, 381, 316, 274, -1, -1, 99, -1, 274, -1, -1, -1, -1, -1, -1, -1, -1, -1, 326, 266, 382, -1, -1, -1, 209, 252, -1, 314, -1, -1, -1, 128, 382, 334, 302, -1, -1, -1, -1, 236, 296, 321, -1, 170, -1, 205, -1, -1, -1, -1, -1, 324, 134, 122, -1, -1, 276, 426, 388, -1, -1, -1, -1, 315, 379, 448, 158, 174, -1, -1, -1, -1, 450, -1, -1, -1, -1, -1, 83, 304, 458, -1, -1, -1, -1, -1, -1, 473, -1, -1, -1, -1, -1, -1, -1, -1, -1, -1, -1, -1, -1, 420, -1, -1, -1, 65, -1, -1, -1, 137, -1, 310, 165, -1, -1, 338, -1, -1, -1, 331, 367, -1, -1, 534, -1, 212, 312, 369, -1, -1, -1, -1, 320, -1, 70, 295, 310, -1, -1, -1, -1, 61, -1, -1, 173, -1, -1, -1, -1, 115, 524, -1, 322, -1, 232, -1, -1, 205, -1, -1, 205, -1, -1, -1, -1, 273, -1, -1, -1, -1, 482, 297, 270, 439, -1, 219, 198, 483, -1, -1, -1, -1, 435, -1, 169, 184, 197, 286, -1, -1, -1, 172, 276, -1, 237, -1, -1, -1, 115, -1, 425, -1, -1, -1, 122, -1, -1, 311, -1, -1, 92, -1, -1, -1, -1, -1, -1, -1, -1, -1, -1, 402, 512, 39, -1, -1, 258, -1, -1, -1, 437, -1, -1, -1, -1, 351, 252, 429, 386, -1, -1, -1, 339, -1, 529, -1, -1, -1, 524, 425, -1, -1, -1, -1, 306, -1, -1, -1, -1, -1, 338, -1, -1, 231, -1, 353, 318, -1, 321, 238, -1, -1, -1, -1, 117, 347, -1, -1, 386, 278, -1, -1, -1, 110, -1, -1, -1, -1, -1, 143, 86, -1, -1, 387, -1, 381, 324, 420, -1, -1, -1, -1, 254, 216, -1, 469, 359, -1, 290, -1, -1, -1, -1, 295, -1, 282, -1, -1, 386, 132, 459, -1, -1, -1, 143, 143, -1, 403, -1, -1, -1, 245, 444, 307, 265, -1, -1, -1, -1, 230, 263, 291, -1, 290, -1, 316, 134, -1, 322, -1, -1, 254, -1, 57, -1, -1, 363, 442, 420, -1, -1, -1, -1, 303, -1, 318, -1, -1, 331, 162, 485, -1, -1, -1, 100, 198, -1, 423, -1, -1, -1, 247, 475, 256, 319, -1, -1, -1, -1, 175, 213, -1, -1, 255, -1, 274, 122, -1, -1, -1, -1, 216, 57, -1, -1, -1, 312, 487, 364, -1, -1, -1, -1, -1, -1, 296, -1, -1, -1, -1, -1, 246, 279, 324, -1, -1, 85, -1, -1, -1, 266, -1, -1, -1, 291, 127, 80, 249, 382, -1, -1, 291, 202, -1, 307, -1, -1, -1, 232, 122, 306, -1, -1, -1, -1, -1, -1, 409, -1, -1, 32, -1, -1, 379, 443, 512, 177, 141, -1, -1, -1, -1, 514, -1, -1, -1, -1, -1, 92, 368, 518, -1, -1, -1, -1, -1, -1, 533, -1, -1, -1, -1, -1, -1, -1, -1, -1, 65, -1, -1, -1, 469, -1, -1, -1, -1, -1, -1, -1, 150, -1, 371, 123, -1, -1, -1, -1, -1, 87, 467, -1, -1, -1, -1, 307, -1, -1, 501, -1, -1, -1, 323, -1, 280, -1, -1, -1, -1, -1, 217, 277, -1, -1, 143, -1, 99, 276, -1, -1, -1, -1, 359, 363, 312, -1, -1, -1, -1, 184, -1, -1, -1, -1, -1, -1, -1, -1, -1, -1, -1, 211, -1, -1, -1, -1, 381, -1, 252, -1, -1, -1, 363, 157, -1, 205, -1, -1, -1, -1, -1, -1, 180, -1, -1, 136, -1, 426, -1, 205, 311, -1, -1, 442, 487, 409, -1, -1, -1, -1, -1, 388, -1, -1, -1, -1, -1, 520, -1, 98, 483, -1, -1, -1, -1, 306, -1, -1, -1, -1, -1, -1, 474, -1, 182, -1, -1, -1, -1, -1, 196, 208, -1, -1, 311, -1, 274, 388, -1, -1, -1, -1, 290, 420, 364, -1, -1, 184, -1, -1, -1, -1, -1, -1, 369, 386, -1, 295, 110, -1, -1, -1, 449, 454, -1, -1, -1, -1, -1, 218, 341, 428, -1, -1, -1, -1, -1, -1, 445, 416, -1, -1, -1, -1, -1, -1, -1, -1, 137, -1, -1, -1, -1, -1, -1, -1, 150, -1, -1, -1, -1, -1, 295, 128, -1, 331, 277, -1, -1, -1, -1, -1, 246, 262, 356, -1, 282, 108, -1, -1, -1, 261, -1, -1, -1, 261, 124, 106, 244, 395, -1, -1, 263, 209, -1, 293, -1, -1, -1, 205, 92, 338, -1, -1, -1, 32, -1, -1, 388, -1, -1, -1, -1, -1, 168, 98, 174, 383, 404, -1, 294, -1, 179, 160, -1, -1, 358, -1, -1, 363, 120, 148, -1, -1, -1, -1, 283, -1, 163, 267, -1, -1, -1, 243, -1, -1, -1, -1, 310, -1, -1, -1, -1, -1, -1, -1, 371, -1, -1, -1, 295, -1, -1, 418, 467, 504, -1, 299, 31, -1, -1, -1, 577, 574, -1, -1, -1, -1, -1, 214, 447, 555, -1, -1, -1, -1, -1, -1, 572, 539, -1, -1, -1, -1, -1, -1, -1, -1, 165, -1, -1, -1, -1, -1, -1, -1, 123, -1, -1, -1, 128, -1, 418, -1 ]);


%% Successor variables: succ[i] = next location after i in the tour.
array[Locations] of var Locations: succ;

%% Only use allowed legs (edges present in the transport network).
constraint forall(loc1, loc2 in Locations)(
  travelTime[loc1, loc2] < 0 -> succ[loc1] != loc2
);

%% Successors must form a Hamiltonian circuit.
constraint circuit(succ);

%% Variable for the length of the longest leg.
var 1..maxLegLen: maxleg;

%% Link maxleg to actual travel times used in the tour.
constraint forall(loc1, loc2 in Locations)(
  succ[loc1] = loc2 -> maxleg >= travelTime[loc1, loc2]
);

solve :: int_search(succ, input_order, indomain_min, complete)
      minimize maxleg;

output [
  "succ = ", show(succ), "\n",
  "maxleg = ", show(maxleg), "\n"
];
