%% Circuit-constraint benchmark instance
%% Generated by generate_instances.py
%% Method: Francis & Stuckey (2014) "Explaining circuit propagation"
%%
%% Model: minimise the length of the longest leg (maxleg).
%%        Successor variables must form a Hamiltonian circuit using only
%%        edges present in the transport network (travelTime >= 0).
%%        This matches the MiniZinc model in Figure 1 of the paper.
%%
%% Instance parameters
%%   n              = 50
%%   k              = 15
%%   seed           = 57
%%   knn_edges      = 453   (undirected edges from k-nearest step)
%%   walk_edges     = 2  (undirected edges added by random walk)
%%   total_edges    = 455
%%   walk_fraction  = 0.0044  (walk_edges / total_edges)
%%
%% NOTE: a walk_fraction above 0.20 may indicate a near-degenerate instance
%%       in which the random walk dominates the graph structure.

include "globals.mzn";

int: n = 50;
set of int: Locations = 1..n;

%% Maximum possible travel time; used as the upper bound for maxleg.
int: maxLegLen = 889;

%% Travel times between locations (–1 means no direct connection exists).
array[Locations, Locations] of int: travelTime =
  array2d(Locations, Locations, [ -1, 79, -1, -1, -1, -1, -1, -1, -1, -1, -1, 102, 112, -1, -1, -1, -1, -1, 407, -1, 248, -1, -1, -1, 379, -1, -1, 96, -1, 276, 148, -1, 274, -1, 345, 42, 431, -1, -1, 408, -1, -1, -1, -1, -1, 313, -1, -1, -1, 223, 79, -1, -1, -1, -1, -1, -1, -1, -1, -1, -1, 127, 153, -1, -1, -1, -1, -1, -1, -1, 176, -1, -1, -1, 361, -1, -1, 175, -1, 258, 221, -1, 200, -1, 420, 40, 355, -1, -1, -1, -1, -1, -1, 422, -1, 392, -1, -1, -1, 262, -1, -1, -1, 346, 286, 331, 382, 365, 466, -1, 453, -1, -1, -1, 394, 464, 565, -1, -1, -1, -1, 521, -1, -1, -1, 383, 523, -1, -1, -1, -1, -1, -1, -1, -1, -1, -1, 305, -1, -1, -1, -1, -1, -1, 57, -1, -1, 203, -1, -1, -1, -1, 346, -1, -1, 267, 451, 19, 253, 463, 365, -1, -1, -1, -1, -1, 219, -1, -1, -1, -1, -1, -1, -1, -1, -1, -1, -1, -1, -1, -1, 419, -1, 367, -1, -1, -1, 321, 309, -1, -1, -1, -1, -1, 403, -1, 329, 526, 400, -1, -1, -1, 286, -1, -1, 519, 455, -1, -1, -1, 608, -1, -1, -1, 454, 417, -1, 527, -1, -1, -1, 368, -1, -1, -1, 379, 435, -1, 622, -1, -1, -1, -1, -1, -1, -1, -1, 459, -1, -1, 526, -1, -1, -1, 234, -1, -1, 104, -1, -1, -1, -1, 331, 267, 519, -1, 191, 278, 167, 352, 129, -1, -1, -1, 211, -1, 419, -1, 314, -1, -1, -1, 275, -1, -1, 289, -1, -1, -1, -1, -1, -1, -1, 335, -1, -1, -1, 73, 457, 290, -1, -1, -1, -1, 375, -1, 365, 416, 205, -1, -1, -1, 382, 451, 455, 191, -1, 464, 328, -1, 188, -1, -1, -1, 20, 180, -1, 263, 305, -1, -1, 344, 238, -1, 255, 114, 259, -1, 392, -1, -1, -1, -1, -1, -1, -1, -1, 130, -1, 221, 309, -1, -1, -1, 403, -1, -1, 365, 267, -1, -1, -1, 365, 19, -1, 278, 464, -1, 253, 459, 372, -1, -1, -1, -1, -1, 200, -1, -1, -1, -1, -1, -1, -1, -1, -1, -1, -1, -1, -1, -1, 405, -1, 359, -1, -1, -1, 335, 291, -1, -1, -1, -1, -1, 422, -1, 317, -1, 403, -1, -1, -1, 466, 253, -1, 167, 328, 253, -1, 222, 161, -1, -1, 309, -1, -1, 309, -1, 283, 381, -1, -1, 282, -1, -1, -1, -1, -1, -1, -1, -1, 287, -1, 170, -1, -1, -1, 237, 315, -1, -1, -1, -1, -1, 517, -1, 200, -1, 156, -1, -1, -1, -1, 463, -1, 352, -1, 459, 222, -1, 258, -1, -1, 130, -1, -1, 437, -1, 202, 163, -1, -1, 254, 302, -1, -1, -1, -1, -1, -1, -1, 236, -1, 131, 304, -1, -1, -1, 385, 298, -1, 129, 135, -1, -1, -1, 219, -1, 173, -1, -1, -1, 453, 365, 608, 129, 188, 372, 161, 258, -1, -1, -1, 274, 202, 359, 467, -1, 185, -1, -1, -1, 150, -1, -1, 301, -1, -1, -1, -1, -1, 419, -1, 286, -1, -1, -1, 154, 475, 173, -1, 305, 314, -1, 493, -1, 345, 509, 88, -1, 102, 127, -1, -1, -1, -1, -1, -1, -1, -1, -1, -1, 34, -1, -1, -1, -1, -1, 318, -1, 233, -1, 327, -1, 282, -1, -1, 153, -1, 183, 139, -1, 260, -1, 329, 98, 414, -1, -1, 308, -1, -1, -1, 448, -1, 330, -1, -1, -1, 135, 112, 153, -1, -1, -1, -1, -1, -1, -1, -1, -1, 34, -1, -1, -1, -1, -1, -1, 296, -1, 266, -1, -1, 434, 293, -1, -1, 139, -1, 199, 109, -1, 293, -1, 295, 119, 447, -1, -1, 297, -1, -1, -1, 479, -1, 300, -1, -1, -1, 112, -1, -1, -1, -1, -1, -1, -1, -1, 309, 130, 274, -1, -1, -1, -1, -1, 563, -1, 126, 180, -1, -1, 194, 262, -1, -1, -1, 379, -1, -1, 288, 361, -1, 260, 207, -1, -1, -1, 515, 230, -1, 35, 44, -1, -1, 309, 349, -1, 190, 226, -1, -1, 394, -1, 454, 211, 20, -1, -1, -1, 202, -1, -1, -1, -1, 162, -1, 244, 309, -1, -1, 328, 241, -1, 240, 101, 240, -1, 372, -1, -1, -1, -1, -1, -1, -1, -1, 150, -1, 221, 290, -1, -1, -1, 413, -1, -1, 367, 278, -1, -1, -1, 464, -1, 417, -1, 180, -1, -1, -1, 359, -1, -1, -1, 162, -1, -1, 123, -1, -1, -1, 174, 356, -1, 225, 89, 79, -1, 247, 326, -1, -1, -1, -1, -1, -1, 498, 301, -1, 321, 150, -1, -1, 399, 462, -1, -1, 360, -1, -1, -1, -1, 565, 219, -1, 419, -1, 200, 309, 437, 467, -1, -1, 563, -1, -1, -1, -1, -1, 543, -1, -1, -1, -1, -1, -1, -1, -1, -1, -1, -1, 284, -1, 309, -1, -1, -1, 488, 110, -1, -1, -1, -1, -1, -1, -1, 228, -1, 459, -1, -1, -1, -1, -1, 527, -1, 263, -1, -1, -1, -1, -1, -1, -1, 244, 123, -1, -1, -1, -1, 366, 211, 362, -1, 157, 205, 97, -1, 130, 242, -1, -1, 366, -1, -1, -1, 376, -1, -1, 319, 54, -1, -1, 282, -1, -1, -1, 479, -1, -1, 407, -1, -1, -1, -1, 314, 305, -1, 283, 202, 185, 318, 296, 126, 309, -1, -1, -1, -1, 303, -1, -1, 69, 383, 287, -1, -1, -1, -1, 291, 305, -1, -1, 307, 303, -1, -1, 330, -1, 105, -1, 161, 169, -1, -1, 392, -1, -1, 128, 184, -1, -1, -1, -1, -1, -1, -1, -1, 381, 163, -1, -1, -1, 180, -1, -1, 543, -1, 303, -1, -1, -1, 369, 151, -1, -1, -1, -1, -1, -1, -1, 278, -1, 247, 212, -1, -1, -1, 465, -1, -1, 147, 141, 889, -1, 308, 315, -1, 325, 382, 248, 176, -1, -1, -1, -1, -1, -1, -1, -1, -1, 233, 266, -1, -1, -1, -1, 366, -1, -1, -1, -1, -1, -1, 300, -1, -1, 344, 290, 220, 366, -1, 27, -1, -1, 206, 185, -1, -1, -1, 371, -1, -1, 248, -1, -1, -1, -1, -1, 339, -1, -1, 521, -1, 368, -1, 344, -1, -1, -1, -1, -1, -1, -1, 328, 174, -1, 211, -1, -1, -1, -1, -1, -1, 363, 233, 120, -1, 265, 452, -1, -1, -1, -1, -1, -1, -1, 448, -1, 492, 184, -1, -1, 386, 500, -1, -1, 356, -1, -1, -1, -1, -1, -1, -1, 275, 238, -1, 282, 254, 150, 327, -1, 194, 241, 356, -1, 362, 69, 369, -1, -1, -1, -1, 236, 334, 416, -1, -1, 260, -1, -1, -1, 342, 367, -1, -1, 279, -1, 44, -1, 230, 238, -1, -1, 450, -1, -1, 129, 204, -1, -1, -1, -1, -1, -1, -1, -1, -1, 302, -1, -1, 434, 262, -1, -1, -1, -1, 383, 151, -1, -1, -1, -1, -1, -1, -1, 396, -1, -1, 338, 419, -1, 398, 139, -1, -1, -1, -1, -1, -1, 228, 218, -1, -1, 194, -1, -1, 443, 391, 379, 361, -1, -1, -1, -1, 255, -1, -1, -1, -1, 282, 293, -1, 240, 225, -1, 157, 287, -1, 300, 363, 236, -1, -1, 266, 244, -1, 219, 103, -1, -1, 311, -1, -1, 356, 387, -1, -1, 192, 203, -1, -1, 337, -1, -1, -1, -1, -1, 251, -1, -1, 383, -1, 379, 289, 114, -1, -1, -1, 301, -1, -1, -1, 101, 89, -1, 205, -1, -1, -1, 233, 334, -1, 266, -1, 164, -1, 333, -1, -1, -1, -1, -1, -1, -1, -1, 218, -1, 307, 238, -1, -1, -1, 387, -1, -1, 305, -1, -1, -1, -1, 523, -1, 435, -1, 259, -1, -1, -1, -1, -1, -1, -1, 240, 79, -1, 97, -1, -1, -1, 120, 416, -1, 244, 164, -1, -1, 193, 336, -1, -1, -1, -1, -1, -1, 447, 379, -1, 377, 93, -1, -1, 339, 515, -1, -1, 395, -1, -1, 96, 175, -1, -1, -1, -1, -1, -1, -1, -1, -1, 153, 139, 379, -1, -1, -1, -1, -1, -1, 344, -1, -1, 396, -1, -1, -1, -1, -1, 336, 92, -1, 370, -1, 264, 138, -1, -1, -1, -1, -1, 380, 375, -1, -1, 219, -1, -1, -1, 224, -1, -1, -1, -1, 622, -1, 392, -1, -1, -1, -1, -1, -1, -1, 372, 247, -1, 130, -1, -1, 290, 265, -1, -1, 219, 333, 193, -1, -1, 256, -1, -1, 282, -1, -1, -1, 254, -1, -1, 408, 100, -1, -1, 153, -1, -1, -1, -1, -1, -1, 276, 258, -1, -1, -1, -1, -1, -1, -1, -1, -1, 183, 199, -1, -1, 326, -1, 242, 291, -1, 220, 452, 260, -1, 103, -1, 336, 336, 256, -1, 300, -1, 238, -1, -1, 253, 348, -1, -1, 222, 277, -1, -1, 332, -1, -1, -1, -1, -1, 189, 148, 221, -1, -1, -1, -1, -1, -1, -1, -1, -1, 139, 109, 288, -1, -1, -1, -1, 305, -1, 366, -1, -1, 338, -1, -1, -1, 92, -1, 300, -1, -1, -1, -1, 199, 181, -1, -1, -1, -1, -1, 290, 287, -1, -1, 191, -1, -1, -1, 149, -1, -1, -1, 419, -1, -1, -1, 405, 287, 236, 419, -1, -1, 361, -1, -1, 284, -1, -1, 278, -1, -1, -1, 419, -1, -1, -1, -1, -1, -1, -1, -1, -1, 134, -1, -1, -1, -1, 191, -1, -1, 350, 352, -1, -1, -1, 95, -1, 359, -1, 274, 200, -1, -1, -1, -1, -1, -1, -1, -1, -1, 260, 293, -1, -1, -1, -1, 366, -1, -1, 27, -1, -1, -1, 311, -1, -1, 370, 282, 238, -1, -1, -1, -1, -1, 232, 158, -1, -1, -1, 367, -1, -1, 227, -1, -1, -1, -1, -1, 365, -1, -1, -1, 367, -1, 335, -1, 359, 170, 131, 286, -1, -1, 260, -1, -1, 309, -1, 307, 247, -1, -1, 342, 398, -1, -1, -1, -1, -1, -1, -1, 134, -1, -1, -1, -1, -1, -1, 255, -1, -1, 259, 264, -1, -1, -1, 90, -1, 225, -1, 345, 420, -1, -1, -1, -1, -1, -1, -1, 304, -1, 329, 295, 207, -1, -1, -1, -1, 303, 212, -1, -1, 367, 139, -1, -1, -1, 264, -1, -1, 199, -1, -1, -1, -1, 380, -1, -1, -1, -1, -1, 185, 176, -1, -1, 106, -1, -1, -1, 263, 42, 40, -1, -1, -1, -1, -1, -1, -1, -1, -1, 98, 119, -1, -1, -1, -1, -1, -1, -1, 206, -1, -1, -1, 356, -1, -1, 138, -1, 253, 181, -1, 232, -1, 380, -1, 389, -1, -1, 405, -1, -1, -1, 449, -1, 353, -1, -1, -1, 230, 431, 355, -1, -1, -1, -1, -1, -1, -1, -1, -1, 414, 447, -1, -1, 498, -1, 376, -1, -1, 185, -1, -1, -1, 387, -1, 447, -1, 254, 348, -1, -1, 158, -1, -1, 389, -1, -1, -1, -1, 354, -1, -1, 122, -1, -1, -1, -1, -1, -1, -1, -1, 305, 321, 459, 73, 130, 335, 237, -1, 154, -1, -1, -1, 150, 301, 488, -1, 330, -1, -1, 448, 279, -1, -1, 218, 379, -1, -1, -1, -1, -1, -1, -1, -1, -1, -1, -1, -1, 282, -1, -1, -1, -1, 341, -1, -1, 358, 241, -1, -1, -1, -1, 309, -1, 457, -1, 291, 315, 385, 475, -1, -1, 515, -1, -1, 110, -1, -1, 465, -1, -1, -1, -1, -1, -1, -1, -1, -1, -1, -1, 191, -1, 255, -1, -1, -1, -1, -1, -1, -1, 512, 517, -1, -1, -1, 166, -1, 448, -1, 408, -1, -1, -1, -1, 290, 221, -1, -1, 298, 173, 308, 297, 230, 221, 321, -1, 319, 105, -1, -1, 492, 44, -1, 192, 307, 377, -1, 408, 222, -1, -1, -1, -1, -1, 405, -1, 282, -1, -1, 373, 265, 273, -1, -1, -1, -1, -1, 169, 195, -1, -1, -1, -1, 526, -1, 309, -1, -1, -1, -1, -1, -1, -1, 290, 150, -1, 54, -1, -1, 371, 184, -1, -1, 203, 238, 93, -1, 100, 277, -1, -1, 367, -1, -1, -1, 354, -1, -1, 373, -1, -1, -1, 250, -1, -1, -1, 488, -1, -1, -1, -1, -1, -1, -1, -1, -1, -1, -1, 129, 305, -1, -1, 35, -1, -1, -1, -1, 161, 147, -1, -1, 230, 228, -1, -1, -1, 380, -1, -1, 290, 350, -1, 259, 185, -1, -1, -1, 512, 265, -1, -1, 10, -1, -1, 290, 347, -1, 219, 246, -1, -1, -1, -1, -1, -1, -1, -1, -1, 135, 314, -1, -1, 44, -1, -1, -1, -1, 169, 141, -1, -1, 238, 218, -1, -1, -1, 375, -1, -1, 287, 352, -1, 264, 176, -1, -1, -1, 517, 273, -1, 10, -1, -1, -1, 281, 352, -1, 229, 248, -1, 422, -1, -1, -1, -1, -1, -1, -1, -1, -1, 448, 479, -1, -1, 399, -1, 282, -1, 889, 248, 386, -1, -1, 337, -1, 339, -1, 153, 332, -1, -1, 227, -1, -1, 449, 122, -1, -1, -1, 250, -1, -1, -1, -1, -1, -1, -1, -1, -1, -1, -1, 57, 403, 234, 375, 403, 422, 517, -1, 493, -1, -1, -1, 413, 462, -1, -1, -1, -1, -1, 500, -1, -1, -1, 387, 515, -1, -1, -1, -1, -1, -1, -1, -1, -1, -1, 341, -1, -1, -1, -1, -1, -1, -1, -1, -1, 161, -1, -1, 313, 392, -1, -1, -1, -1, -1, -1, -1, -1, -1, 330, 300, 309, -1, -1, -1, -1, 392, 308, -1, -1, 450, 194, -1, -1, -1, 219, -1, -1, 191, -1, -1, -1, 106, 353, -1, -1, -1, -1, -1, 290, 281, -1, -1, -1, -1, -1, -1, 307, -1, -1, -1, 329, -1, 365, -1, 317, 200, 219, 345, -1, -1, 349, -1, -1, 228, -1, -1, 315, -1, -1, -1, -1, -1, -1, -1, -1, -1, -1, -1, 95, -1, 90, -1, -1, -1, -1, 166, -1, -1, 347, 352, -1, -1, -1, -1, -1, 299, -1, -1, -1, 203, 526, 104, 416, 365, -1, -1, -1, 509, -1, -1, -1, 367, 360, -1, 479, -1, -1, -1, 356, -1, -1, -1, 305, 395, -1, -1, -1, -1, -1, -1, -1, -1, -1, -1, 358, -1, -1, 488, -1, -1, -1, 161, -1, -1, -1, -1, -1, -1, -1, -1, 400, -1, 205, 267, 403, 156, 173, 88, -1, -1, 190, 278, -1, 459, -1, 128, 325, -1, -1, 129, 443, -1, -1, -1, -1, -1, -1, -1, 359, -1, 225, -1, -1, -1, 241, 448, 169, -1, 219, 229, -1, -1, -1, 299, -1, -1, -1, 223, 262, -1, -1, -1, -1, -1, -1, -1, -1, -1, 135, 112, 226, -1, -1, -1, -1, 184, 382, 339, -1, 204, 391, 251, -1, -1, 224, -1, 189, 149, -1, 365, -1, 263, 230, -1, -1, -1, 195, -1, 246, 248, -1, -1, 307, -1, -1, -1, -1 ]);


%% Successor variables: succ[i] = next location after i in the tour.
array[Locations] of var Locations: succ;

%% Only use allowed legs (edges present in the transport network).
constraint forall(loc1, loc2 in Locations)(
  travelTime[loc1, loc2] < 0 -> succ[loc1] != loc2
);

%% Successors must form a Hamiltonian circuit.
constraint circuit(succ);

%% Variable for the length of the longest leg.
var 1..maxLegLen: maxleg;

%% Link maxleg to actual travel times used in the tour.
constraint forall(loc1, loc2 in Locations)(
  succ[loc1] = loc2 -> maxleg >= travelTime[loc1, loc2]
);

solve :: int_search(succ, input_order, indomain_min, complete)
      minimize maxleg;

output [
  "succ = ", show(succ), "\n",
  "maxleg = ", show(maxleg), "\n"
];
