%% Circuit-constraint benchmark instance
%% Generated by generate_instances.py
%% Method: Francis & Stuckey (2014) "Explaining circuit propagation"
%%
%% Model: minimise the length of the longest leg (maxleg).
%%        Successor variables must form a Hamiltonian circuit using only
%%        edges present in the transport network (travelTime >= 0).
%%        This matches the MiniZinc model in Figure 1 of the paper.
%%
%% Instance parameters
%%   n              = 50
%%   k              = 15
%%   seed           = 52
%%   knn_edges      = 442   (undirected edges from k-nearest step)
%%   walk_edges     = 3  (undirected edges added by random walk)
%%   total_edges    = 445
%%   walk_fraction  = 0.0067  (walk_edges / total_edges)
%%
%% NOTE: a walk_fraction above 0.20 may indicate a near-degenerate instance
%%       in which the random walk dominates the graph structure.

include "globals.mzn";

int: n = 50;
set of int: Locations = 1..n;

%% Maximum possible travel time; used as the upper bound for maxleg.
int: maxLegLen = 790;

%% Travel times between locations (–1 means no direct connection exists).
array[Locations, Locations] of int: travelTime =
  array2d(Locations, Locations, [ -1, 498, 354, 120, 359, -1, 348, -1, -1, -1, 413, -1, -1, -1, 499, -1, 465, -1, -1, 492, -1, 575, 535, -1, -1, -1, -1, -1, -1, -1, -1, 248, -1, -1, -1, -1, -1, 326, -1, 473, -1, -1, -1, -1, 210, -1, -1, -1, -1, -1, 498, -1, 229, 378, 278, -1, 460, -1, -1, -1, 86, 435, 494, 240, 167, -1, 362, -1, 330, 90, -1, 84, -1, -1, -1, -1, 303, 297, -1, 359, -1, 260, 367, 417, 272, -1, -1, 209, -1, 389, 127, 293, -1, -1, 337, -1, -1, -1, -1, -1, 354, 229, -1, 249, 53, -1, 485, -1, -1, -1, 164, -1, -1, 451, 150, -1, -1, -1, -1, 286, -1, 312, -1, -1, -1, -1, -1, 423, -1, 422, -1, 212, -1, -1, -1, -1, -1, 53, -1, -1, 287, -1, -1, -1, 293, -1, -1, -1, -1, -1, 120, 378, 249, -1, 265, -1, 314, -1, -1, -1, 293, -1, -1, -1, 386, -1, 390, -1, -1, 375, -1, 455, 463, -1, -1, -1, -1, -1, -1, -1, -1, 133, -1, -1, -1, -1, -1, 213, -1, 403, -1, -1, -1, -1, 126, -1, -1, -1, -1, -1, 359, 278, 53, 265, -1, -1, -1, -1, -1, -1, 217, -1, -1, 492, 173, -1, -1, -1, -1, 338, -1, 359, -1, -1, -1, -1, -1, 445, -1, 431, -1, 252, -1, -1, -1, -1, -1, 101, -1, -1, 323, -1, -1, -1, 328, -1, -1, -1, -1, -1, -1, -1, -1, -1, -1, -1, -1, 392, 209, 86, -1, -1, -1, -1, -1, 179, 385, 185, -1, -1, 375, -1, 324, 177, 259, 243, 318, -1, -1, -1, -1, -1, -1, -1, -1, 335, 380, -1, 323, 384, -1, -1, 117, 244, -1, -1, 197, -1, 442, -1, 348, 460, 485, 314, -1, -1, -1, 245, -1, 467, 409, -1, -1, -1, -1, -1, 177, -1, -1, 393, 603, -1, 222, -1, -1, -1, -1, -1, -1, -1, -1, 274, -1, -1, -1, -1, -1, 433, -1, 167, -1, -1, -1, -1, 202, -1, 353, -1, -1, -1, -1, -1, -1, -1, -1, 392, 245, -1, 355, 306, -1, -1, -1, -1, -1, -1, 221, 342, -1, 495, 359, -1, 175, 313, -1, -1, -1, -1, -1, -1, -1, 482, -1, -1, -1, -1, -1, -1, 319, 194, -1, -1, -1, -1, 431, -1, 207, -1, -1, -1, -1, -1, -1, -1, -1, 209, -1, 355, -1, 192, -1, -1, -1, -1, -1, 358, -1, 27, -1, -1, 171, -1, 387, 55, 433, 452, -1, -1, -1, -1, -1, -1, -1, -1, -1, -1, -1, -1, 127, 448, -1, -1, 299, 378, -1, -1, 257, -1, -1, -1, -1, -1, -1, -1, -1, 86, 467, 306, 192, -1, -1, -1, -1, -1, -1, 261, 314, 165, -1, -1, 337, -1, 248, 143, 341, 291, -1, -1, -1, -1, -1, -1, -1, -1, -1, 419, -1, -1, 281, 310, -1, -1, 201, 330, -1, -1, 114, -1, -1, -1, 413, 86, 164, 293, 217, -1, 409, -1, -1, -1, -1, -1, -1, 326, 164, -1, 343, -1, -1, 122, -1, 168, 404, -1, -1, -1, -1, 366, -1, 411, -1, 180, -1, -1, 357, -1, -1, 132, -1, 369, 198, -1, -1, -1, 262, -1, -1, -1, -1, -1, -1, 435, -1, -1, -1, -1, -1, -1, -1, -1, -1, -1, 62, 362, 356, -1, -1, -1, 182, -1, -1, 421, -1, -1, -1, -1, -1, 163, -1, 79, 408, -1, 178, 105, 399, -1, -1, -1, -1, -1, 312, 423, -1, -1, -1, 194, -1, -1, -1, -1, -1, 494, -1, -1, -1, -1, -1, -1, -1, -1, -1, 62, -1, 422, 404, -1, -1, -1, 240, -1, -1, 482, -1, -1, -1, -1, -1, 225, -1, 135, 442, -1, 230, 150, 459, -1, -1, -1, -1, -1, 372, 482, -1, -1, -1, 212, -1, -1, -1, -1, -1, 240, 451, -1, 492, -1, -1, -1, -1, -1, 326, 362, 422, -1, 331, -1, -1, -1, 186, 257, -1, 162, -1, -1, -1, 293, 192, 201, 515, 315, 306, -1, 210, 289, 47, -1, -1, -1, -1, -1, 174, 76, -1, -1, -1, 342, -1, 362, -1, 326, 499, 167, 150, 386, 173, -1, -1, -1, -1, -1, 164, 356, 404, 331, -1, -1, -1, -1, 326, 254, -1, 227, -1, -1, -1, -1, -1, 274, -1, 278, -1, 312, 362, 378, -1, -1, -1, 173, -1, -1, 157, -1, -1, -1, 399, -1, -1, -1, -1, -1, -1, -1, -1, -1, -1, 179, -1, -1, 358, 261, -1, -1, -1, -1, -1, -1, -1, 340, -1, -1, 529, -1, -1, 341, 80, 168, 288, -1, 439, -1, -1, -1, -1, -1, -1, 158, 204, -1, 483, -1, -1, -1, 63, 100, -1, -1, -1, 332, 263, 264, 465, 362, -1, 390, -1, 385, 177, 221, -1, 314, 343, -1, -1, -1, -1, -1, -1, -1, -1, 278, 531, 372, 74, 407, -1, -1, 382, -1, -1, -1, -1, 289, -1, -1, -1, -1, -1, 419, 480, 27, -1, -1, -1, -1, 265, -1, 209, -1, -1, -1, -1, -1, -1, -1, -1, 185, -1, 342, 27, 165, -1, -1, -1, -1, -1, 340, -1, -1, -1, -1, 191, -1, 364, 31, 416, 428, -1, -1, -1, -1, -1, -1, -1, -1, -1, -1, -1, -1, 143, 425, -1, -1, 280, 366, -1, -1, 232, -1, -1, -1, -1, 330, -1, -1, -1, -1, -1, -1, -1, -1, -1, 182, 240, 186, 326, -1, -1, -1, -1, -1, -1, 286, -1, -1, -1, -1, -1, 57, -1, 156, 281, -1, 38, 103, 220, -1, -1, -1, -1, -1, 207, 243, -1, -1, -1, 182, -1, -1, -1, -1, 492, 90, 286, 375, 338, -1, 393, 495, -1, -1, 122, -1, -1, 257, 254, -1, 278, -1, -1, -1, -1, 103, 324, -1, -1, -1, 258, -1, -1, -1, -1, 244, -1, -1, 276, -1, -1, 252, -1, 305, 201, 290, -1, -1, 305, -1, -1, -1, -1, -1, -1, -1, -1, -1, -1, 375, 603, 359, 171, 337, -1, -1, -1, -1, -1, 529, 531, 191, -1, -1, -1, -1, 460, 200, -1, -1, -1, -1, -1, -1, -1, -1, -1, -1, -1, -1, -1, -1, 57, 511, -1, -1, 470, 543, 780, -1, 359, -1, -1, -1, 575, 84, 312, 455, 359, -1, -1, -1, -1, -1, 168, 421, 482, 162, 227, -1, 372, -1, 286, 103, -1, -1, -1, -1, -1, -1, 226, 266, -1, 352, -1, 331, 321, 383, 189, -1, -1, 294, -1, 398, 116, 210, -1, -1, 400, 466, -1, -1, -1, -1, 535, -1, -1, 463, -1, 324, 222, 175, 387, 248, 404, -1, -1, -1, -1, -1, 74, 364, -1, 324, 460, -1, -1, 333, -1, -1, 377, -1, -1, -1, -1, 362, -1, -1, -1, -1, -1, -1, 407, 62, -1, -1, -1, -1, 337, -1, 138, -1, -1, -1, -1, -1, -1, -1, -1, 177, -1, 313, 55, 143, -1, -1, -1, -1, -1, 341, 407, 31, -1, -1, 200, -1, 333, -1, -1, 417, -1, -1, -1, -1, -1, -1, -1, -1, -1, -1, -1, -1, 147, 394, -1, -1, 280, 375, -1, -1, 202, -1, 597, -1, -1, -1, -1, -1, -1, 259, -1, -1, 433, 341, -1, -1, -1, -1, -1, 80, -1, 416, -1, -1, -1, -1, -1, -1, -1, 184, 305, -1, 361, -1, -1, -1, -1, -1, 407, 83, 126, -1, 559, -1, -1, 379, 143, 97, -1, -1, -1, 265, 183, 205, -1, -1, -1, -1, -1, 243, -1, -1, 452, 291, -1, -1, -1, 293, -1, 168, -1, 428, -1, -1, -1, -1, -1, 417, 184, -1, 122, -1, 434, -1, -1, -1, -1, -1, 251, 256, 234, -1, -1, -1, -1, 225, 184, 261, -1, -1, 347, 284, 317, 206, -1, 303, -1, -1, -1, 318, -1, -1, -1, -1, -1, -1, -1, 192, -1, 288, 382, -1, -1, 258, -1, 226, 377, -1, 305, 122, -1, -1, 498, -1, 405, -1, -1, -1, 159, 372, 333, -1, -1, 402, 316, 142, 292, 383, -1, -1, 356, 336, 417, 267, -1, 297, 423, -1, 445, -1, -1, -1, -1, -1, 366, 163, 225, 201, 274, -1, -1, -1, 57, -1, -1, 266, -1, -1, -1, -1, -1, -1, -1, 116, 338, -1, 90, 119, 241, -1, -1, 438, -1, -1, 171, 268, -1, -1, -1, 221, -1, -1, -1, -1, -1, -1, -1, -1, -1, -1, -1, -1, -1, -1, -1, -1, -1, 515, -1, 439, -1, -1, -1, -1, -1, -1, -1, -1, 361, 434, 498, -1, -1, -1, 303, -1, -1, -1, 477, 305, 236, -1, -1, -1, -1, 454, 501, 425, -1, -1, -1, 163, 196, 233, -1, 359, 422, -1, 431, -1, -1, -1, -1, -1, 411, 79, 135, 315, 278, -1, -1, -1, 156, -1, -1, 352, -1, -1, -1, -1, -1, 116, -1, -1, -1, -1, 169, 128, 357, -1, -1, -1, -1, -1, 239, 383, -1, -1, -1, 240, -1, -1, -1, -1, -1, -1, -1, -1, -1, -1, -1, -1, -1, -1, -1, 408, 442, 306, -1, -1, -1, -1, 281, -1, -1, -1, -1, -1, -1, -1, 405, 338, 303, -1, -1, -1, 255, 304, 291, -1, 382, -1, -1, -1, -1, 285, -1, -1, -1, 239, -1, 233, 412, 274, 248, 260, 212, 133, 252, -1, 274, 482, -1, -1, 180, -1, -1, -1, 312, -1, 289, -1, -1, 244, -1, 331, 362, -1, -1, -1, -1, -1, -1, -1, -1, -1, -1, -1, -1, -1, -1, 160, -1, 307, -1, -1, -1, -1, 87, -1, -1, -1, -1, -1, -1, 367, -1, -1, -1, -1, -1, -1, -1, -1, -1, 178, 230, 210, 362, -1, -1, -1, 38, -1, -1, 321, -1, -1, -1, -1, -1, 90, -1, 169, 255, -1, -1, 83, 238, -1, -1, -1, -1, -1, 245, 258, -1, -1, -1, 145, -1, -1, -1, -1, -1, 417, -1, -1, -1, -1, -1, -1, -1, -1, -1, 105, 150, 289, 378, -1, -1, -1, 103, -1, -1, 383, -1, -1, -1, -1, -1, 119, -1, 128, 304, -1, 83, -1, 320, -1, -1, -1, -1, -1, 290, 341, -1, 790, -1, 114, -1, -1, -1, -1, -1, 272, -1, -1, -1, -1, -1, -1, -1, -1, 357, 399, 459, 47, -1, -1, -1, -1, 220, 276, -1, 189, -1, -1, 407, 251, 159, 241, 477, 357, 291, -1, 238, 320, -1, 453, 386, -1, -1, -1, 219, 29, -1, -1, -1, 360, -1, 321, 461, 281, -1, -1, -1, -1, -1, 335, -1, -1, -1, 419, -1, -1, -1, -1, -1, 158, -1, -1, -1, -1, -1, -1, -1, -1, 83, 256, 372, -1, 305, -1, -1, -1, -1, -1, 453, -1, 92, -1, -1, -1, -1, 424, 219, 120, -1, -1, -1, 244, 112, 207, -1, -1, -1, -1, -1, 380, -1, -1, -1, -1, -1, -1, -1, -1, -1, 204, -1, -1, -1, -1, -1, -1, -1, -1, 126, 234, 333, -1, 236, -1, 382, -1, -1, -1, 386, 92, -1, -1, -1, -1, -1, 358, 266, 203, -1, -1, -1, 152, 84, 120, 326, 209, 53, 213, 101, -1, 433, -1, -1, -1, 132, -1, -1, -1, 173, -1, 419, -1, -1, 252, -1, 294, -1, -1, -1, -1, -1, 438, -1, -1, -1, 160, -1, -1, -1, -1, -1, -1, -1, -1, 289, -1, -1, -1, 243, -1, -1, -1, -1, -1, -1, -1, -1, -1, -1, 323, -1, 319, 127, 281, -1, -1, -1, -1, -1, 483, 480, 143, -1, -1, 57, -1, 407, 147, 559, -1, -1, -1, -1, -1, -1, -1, -1, -1, -1, -1, -1, -1, -1, 461, -1, -1, 423, 505, -1, -1, 302, -1, -1, -1, 473, 389, -1, 403, -1, 384, 167, 194, 448, 310, 369, -1, -1, -1, -1, -1, 27, 425, -1, 305, 511, 398, 62, 394, -1, -1, 402, -1, -1, -1, -1, 307, -1, -1, -1, -1, -1, -1, 461, -1, -1, -1, -1, -1, 277, -1, 200, -1, -1, -1, -1, 127, 287, -1, 323, -1, -1, -1, -1, -1, 198, 312, 372, 174, 157, -1, -1, -1, 207, 201, -1, 116, -1, -1, -1, -1, 316, 171, -1, 239, -1, -1, 245, 290, 219, -1, -1, 289, -1, -1, -1, 247, -1, -1, -1, 388, -1, -1, -1, -1, -1, 293, -1, -1, -1, -1, -1, -1, -1, -1, -1, 423, 482, 76, -1, -1, -1, -1, 243, 290, -1, 210, -1, -1, 379, 225, 142, 268, 454, 383, 285, -1, 258, 341, 29, 424, 358, -1, -1, -1, 247, -1, -1, -1, -1, 374, -1, 296, 433, 253, -1, -1, -1, -1, -1, 117, -1, -1, 299, 201, -1, -1, -1, -1, -1, 63, -1, 280, -1, -1, 470, -1, -1, 280, 143, 184, 292, -1, 501, -1, -1, -1, -1, -1, -1, 219, 266, -1, 423, -1, -1, -1, -1, 137, -1, -1, 304, 389, 325, 318, -1, -1, -1, -1, -1, 244, -1, -1, 378, 330, -1, -1, -1, -1, -1, 100, -1, 366, -1, -1, 543, -1, -1, 375, 97, 261, 383, -1, 425, -1, -1, -1, -1, 790, -1, 120, 203, -1, 505, -1, -1, -1, 137, -1, -1, -1, -1, 352, 231, 300, 210, 337, 293, 126, 328, -1, 202, 431, -1, -1, 262, -1, -1, -1, 399, -1, 265, -1, -1, 305, 780, 400, 337, -1, -1, -1, -1, -1, -1, -1, -1, 87, -1, -1, -1, -1, -1, 243, -1, 277, -1, -1, -1, -1, -1, -1, -1, -1, -1, -1, -1, -1, -1, -1, -1, -1, -1, -1, -1, -1, -1, 194, 212, 342, -1, -1, -1, -1, 182, -1, -1, 466, -1, -1, -1, -1, -1, 221, -1, 240, 239, -1, 145, 114, 360, -1, -1, -1, -1, -1, 388, 374, -1, -1, -1, -1, -1, 465, -1, 489, -1, -1, -1, -1, -1, 197, 353, 207, 257, 114, -1, -1, -1, -1, -1, -1, 209, 232, -1, -1, 359, -1, 138, 202, -1, 347, 356, -1, -1, -1, -1, -1, -1, -1, -1, -1, -1, -1, 302, 200, -1, -1, 304, -1, -1, -1, -1, -1, -1, -1, -1, -1, -1, -1, -1, -1, -1, -1, -1, -1, -1, -1, -1, 362, -1, 332, -1, -1, -1, -1, -1, -1, -1, -1, 265, 284, 336, -1, 163, -1, 233, -1, -1, -1, 321, 244, 152, -1, -1, -1, -1, 296, 389, 352, -1, 465, -1, -1, 181, 78, -1, -1, -1, -1, -1, 442, -1, -1, -1, -1, -1, -1, -1, -1, -1, 263, -1, -1, -1, -1, -1, -1, -1, 597, 183, 317, 417, -1, 196, -1, 412, -1, -1, -1, 461, 112, 84, -1, -1, -1, -1, 433, 325, 231, -1, -1, -1, 181, -1, 182, -1, -1, -1, -1, -1, -1, -1, -1, -1, -1, -1, -1, -1, 326, -1, 264, -1, -1, -1, -1, -1, -1, -1, -1, 205, 206, 267, -1, 233, -1, 274, -1, -1, -1, 281, 207, 120, -1, -1, -1, -1, 253, 318, 300, -1, 489, -1, 78, 182, -1 ]);


%% Successor variables: succ[i] = next location after i in the tour.
array[Locations] of var Locations: succ;

%% Only use allowed legs (edges present in the transport network).
constraint forall(loc1, loc2 in Locations)(
  travelTime[loc1, loc2] < 0 -> succ[loc1] != loc2
);

%% Successors must form a Hamiltonian circuit.
constraint circuit(succ);

%% Variable for the length of the longest leg.
var 1..maxLegLen: maxleg;

%% Link maxleg to actual travel times used in the tour.
constraint forall(loc1, loc2 in Locations)(
  succ[loc1] = loc2 -> maxleg >= travelTime[loc1, loc2]
);

solve :: int_search(succ, input_order, indomain_min, complete)
      minimize maxleg;

output [
  "succ = ", show(succ), "\n",
  "maxleg = ", show(maxleg), "\n"
];
