%% Circuit-constraint benchmark instance
%% Generated by generate_instances.py
%% Method: Francis & Stuckey (2014) "Explaining circuit propagation"
%%
%% Model: minimise the length of the longest leg (maxleg).
%%        Successor variables must form a Hamiltonian circuit using only
%%        edges present in the transport network (travelTime >= 0).
%%        This matches the MiniZinc model in Figure 1 of the paper.
%%
%% Instance parameters
%%   n              = 50
%%   k              = 15
%%   seed           = 64
%%   knn_edges      = 453   (undirected edges from k-nearest step)
%%   walk_edges     = 3  (undirected edges added by random walk)
%%   total_edges    = 456
%%   walk_fraction  = 0.0066  (walk_edges / total_edges)
%%
%% NOTE: a walk_fraction above 0.20 may indicate a near-degenerate instance
%%       in which the random walk dominates the graph structure.

include "globals.mzn";

int: n = 50;
set of int: Locations = 1..n;

%% Maximum possible travel time; used as the upper bound for maxleg.
int: maxLegLen = 747;

%% Travel times between locations (–1 means no direct connection exists).
array[Locations, Locations] of int: travelTime =
  array2d(Locations, Locations, [ -1, 299, -1, 287, -1, 344, -1, 98, -1, -1, -1, -1, -1, 375, 285, 281, 315, -1, -1, -1, 200, -1, -1, 459, 178, -1, 487, -1, 364, 312, 282, -1, -1, -1, 159, 493, 43, 196, -1, 73, 414, 515, -1, -1, 258, -1, 362, 184, -1, 297, 299, -1, 393, 322, -1, -1, 263, 202, -1, -1, -1, -1, 232, -1, 260, -1, -1, -1, -1, -1, 276, -1, -1, 454, 297, -1, -1, -1, 146, -1, 160, -1, 293, -1, -1, 432, 256, -1, -1, 281, 449, -1, -1, -1, -1, -1, 275, -1, 241, -1, -1, 393, -1, -1, -1, -1, 182, 500, 315, -1, -1, -1, 249, -1, 314, -1, -1, -1, 522, -1, 411, -1, -1, -1, 446, -1, -1, -1, 250, -1, 303, -1, 116, -1, 530, -1, -1, -1, 242, -1, -1, -1, -1, -1, -1, -1, -1, -1, 155, -1, 287, 322, -1, -1, -1, 190, -1, 277, -1, -1, -1, -1, -1, 412, -1, -1, -1, -1, -1, -1, -1, -1, -1, 174, -1, -1, 298, -1, -1, -1, -1, -1, -1, -1, -1, 211, 265, -1, -1, 214, 140, 287, -1, -1, -1, -1, 128, 195, -1, 128, -1, -1, -1, -1, -1, 452, -1, -1, -1, -1, -1, 215, -1, 198, -1, 298, -1, 317, -1, -1, -1, 174, 102, -1, -1, 237, 482, 155, -1, -1, -1, 510, -1, -1, -1, -1, -1, -1, -1, -1, -1, -1, -1, 194, 452, -1, -1, 437, -1, 492, 344, -1, -1, 190, 452, -1, -1, 385, -1, -1, -1, -1, -1, 261, -1, -1, -1, -1, -1, -1, -1, 624, 350, 237, -1, -1, 143, 521, -1, -1, -1, -1, -1, -1, -1, 318, 347, -1, -1, 285, 172, 179, -1, -1, -1, -1, 310, 165, -1, 66, -1, 263, 182, -1, -1, -1, -1, 324, 193, -1, -1, -1, 68, -1, 136, -1, -1, -1, -1, -1, 231, -1, -1, -1, 266, -1, -1, -1, 126, -1, 131, -1, 68, -1, 352, -1, 376, -1, 159, -1, -1, -1, -1, -1, -1, -1, -1, -1, 124, -1, 98, 202, 500, 277, -1, 385, 324, -1, -1, -1, -1, -1, 261, -1, 227, -1, -1, -1, -1, -1, 166, -1, -1, 449, 162, -1, -1, -1, 270, -1, 197, -1, 384, -1, 192, 466, 58, 240, -1, 107, 415, 541, -1, -1, -1, -1, 317, 244, 375, 328, -1, -1, 315, -1, -1, -1, 193, -1, -1, -1, -1, -1, 176, -1, 145, -1, -1, -1, 229, -1, 197, -1, -1, -1, 218, -1, -1, -1, 298, -1, 241, -1, 241, 511, 276, -1, -1, 286, 82, -1, -1, -1, 352, -1, -1, 267, -1, -1, 316, -1, -1, -1, -1, -1, -1, -1, -1, -1, -1, -1, 102, 604, -1, -1, -1, -1, 426, 495, 402, 208, -1, -1, -1, -1, -1, 590, -1, -1, -1, 427, -1, 299, -1, 117, 596, -1, -1, 549, -1, -1, -1, -1, 284, -1, 503, 377, -1, -1, -1, -1, -1, -1, -1, -1, -1, -1, -1, -1, -1, 102, -1, 514, -1, -1, -1, -1, 377, 404, 432, 109, -1, -1, -1, -1, -1, 502, -1, -1, -1, 381, -1, 209, -1, 133, -1, -1, -1, 515, -1, -1, -1, -1, 282, 524, 445, 373, -1, -1, -1, -1, -1, -1, -1, -1, 215, -1, -1, -1, -1, 604, 514, -1, -1, 254, -1, 145, 317, 110, -1, 409, -1, 306, 233, -1, -1, 27, -1, 367, -1, 327, -1, 305, -1, -1, -1, -1, -1, 401, -1, -1, -1, -1, -1, 97, 260, -1, -1, 401, -1, -1, -1, 232, 249, -1, -1, -1, 68, 261, 176, -1, -1, -1, -1, -1, 75, -1, -1, -1, 400, -1, 165, -1, -1, -1, 201, -1, -1, -1, 123, -1, 78, -1, 135, -1, 288, -1, 310, -1, 173, -1, -1, -1, -1, -1, -1, -1, -1, -1, 170, -1, 375, -1, -1, 412, 198, 261, -1, -1, -1, -1, -1, 254, -1, -1, -1, 223, -1, 357, -1, -1, -1, 372, 101, 498, -1, 256, 323, 306, -1, -1, -1, -1, -1, -1, -1, 577, -1, -1, -1, 361, 432, 394, -1, 306, -1, -1, -1, 243, -1, 295, 285, 260, 314, -1, -1, -1, 136, 227, 145, -1, -1, -1, 75, -1, -1, -1, -1, -1, 349, -1, 97, -1, -1, -1, 132, -1, -1, -1, 184, -1, 104, -1, 205, -1, 216, -1, 268, 250, 176, -1, -1, -1, -1, -1, -1, 334, -1, -1, 245, -1, 281, -1, -1, -1, 298, -1, -1, -1, -1, -1, -1, 145, -1, 223, -1, -1, 243, 191, -1, 452, -1, 432, 263, 611, -1, 123, -1, 451, -1, 249, 543, 342, -1, -1, 297, -1, -1, 280, -1, 314, -1, -1, -1, 242, 161, -1, -1, 278, -1, -1, 315, -1, -1, -1, -1, -1, -1, -1, -1, 426, 377, 317, -1, -1, -1, 243, -1, 258, 322, 322, 310, 620, -1, -1, 278, 291, -1, -1, -1, 11, -1, 237, -1, 318, 199, -1, -1, 151, -1, -1, -1, -1, 201, 395, 87, 179, -1, -1, -1, -1, -1, -1, -1, -1, 317, -1, -1, -1, -1, 495, 404, 110, -1, 357, -1, 191, 258, -1, -1, 300, -1, 374, 343, -1, -1, 101, -1, 463, -1, 269, -1, 196, -1, 431, -1, -1, -1, 376, -1, -1, -1, -1, -1, 146, 229, -1, -1, -1, -1, -1, -1, -1, 522, -1, -1, -1, -1, -1, 229, 402, 432, -1, 400, -1, 349, -1, 322, -1, -1, 461, 348, -1, -1, -1, 345, -1, -1, -1, -1, 313, -1, -1, -1, 301, 345, -1, -1, 320, 284, -1, -1, -1, 174, -1, 397, 143, -1, -1, -1, -1, -1, -1, -1, -1, -1, -1, -1, -1, -1, 208, 109, 409, -1, -1, -1, 452, 322, 300, 461, -1, -1, 617, -1, -1, -1, 399, -1, -1, -1, 328, -1, 111, -1, 194, -1, -1, -1, -1, -1, -1, -1, -1, 291, 416, 376, 370, -1, -1, -1, -1, 200, 276, 411, -1, -1, -1, 231, 166, 197, -1, -1, -1, 165, -1, 97, -1, 310, -1, 348, -1, -1, -1, -1, -1, 36, -1, -1, -1, 249, 301, 154, -1, 299, -1, 123, -1, 192, 162, 254, 255, -1, -1, 385, -1, 306, 293, -1, -1, 329, -1, -1, -1, -1, -1, 174, 624, -1, -1, -1, -1, -1, 306, -1, 372, -1, 432, 620, 374, -1, 617, -1, -1, 274, -1, -1, 333, -1, 169, -1, -1, -1, 540, -1, -1, -1, -1, -1, -1, -1, -1, -1, -1, -1, 228, 566, -1, -1, 609, -1, -1, -1, -1, -1, -1, 102, 350, -1, -1, -1, -1, -1, 233, -1, 101, -1, 263, -1, 343, -1, -1, -1, 274, -1, -1, -1, 246, 386, 210, -1, -1, -1, -1, -1, -1, -1, -1, -1, -1, -1, 458, -1, 460, -1, 253, 424, -1, -1, 344, -1, 391, 459, 454, -1, 174, -1, 237, -1, 449, -1, -1, -1, -1, -1, 498, -1, 611, -1, -1, -1, -1, -1, -1, -1, -1, -1, -1, 254, -1, -1, -1, -1, -1, 747, -1, -1, 87, 439, -1, -1, 387, 66, 201, -1, -1, -1, -1, 183, 337, -1, 215, 178, 297, 446, -1, -1, -1, 266, 162, 218, -1, -1, -1, 201, -1, 132, -1, 278, -1, 345, -1, 36, -1, -1, -1, -1, -1, -1, -1, 282, 269, 187, -1, 335, -1, 87, -1, 177, 128, 282, 239, -1, -1, 366, -1, 271, 277, -1, -1, 364, -1, -1, -1, -1, -1, 237, -1, -1, -1, -1, 590, 502, 27, -1, 256, -1, 123, 291, 101, -1, 399, -1, 333, 246, -1, -1, -1, -1, 390, -1, 301, -1, 293, -1, 518, -1, -1, -1, 375, -1, -1, -1, -1, -1, 122, 233, -1, -1, 387, -1, -1, 487, -1, -1, 298, 482, 143, -1, -1, -1, -1, -1, -1, -1, 323, -1, -1, -1, -1, -1, -1, -1, -1, 386, 254, -1, -1, -1, 508, -1, -1, -1, -1, -1, -1, -1, 340, 490, -1, -1, 427, 205, 75, -1, -1, -1, -1, 394, 306, -1, 199, -1, -1, -1, -1, 155, 521, -1, -1, -1, -1, -1, 367, -1, 306, -1, 451, -1, 463, -1, -1, -1, 169, 210, -1, -1, 390, 508, -1, -1, -1, -1, -1, -1, -1, -1, -1, -1, -1, -1, -1, -1, 581, -1, 326, 607, -1, -1, 548, -1, 573, 364, 146, 250, -1, -1, -1, 126, 270, 298, -1, -1, -1, 123, -1, 184, -1, -1, -1, -1, -1, 249, -1, -1, -1, 282, -1, -1, -1, -1, -1, 96, -1, 147, -1, -1, -1, 328, -1, 281, -1, -1, -1, -1, -1, -1, -1, -1, -1, 106, -1, 312, -1, -1, -1, -1, -1, -1, -1, -1, 427, 381, 327, -1, -1, -1, 249, 11, 269, 313, 328, 301, -1, -1, -1, 269, 301, -1, -1, -1, -1, -1, 246, -1, 318, 192, -1, -1, 143, -1, -1, -1, -1, 196, 405, 91, 170, -1, -1, -1, -1, 282, 160, 303, -1, -1, -1, 131, 197, 241, -1, -1, -1, 78, -1, 104, 543, -1, -1, -1, -1, 154, -1, -1, -1, 187, -1, -1, -1, 96, -1, -1, -1, 187, -1, 272, -1, 251, -1, 250, 304, -1, -1, -1, -1, -1, -1, 418, -1, 187, -1, -1, -1, -1, -1, 510, -1, -1, -1, -1, 299, 209, 305, -1, -1, -1, 342, 237, 196, -1, 111, -1, 540, -1, -1, -1, 293, -1, -1, -1, 246, -1, -1, -1, 246, -1, -1, -1, 388, -1, -1, -1, -1, 276, 325, 276, 332, -1, -1, -1, -1, -1, 293, 116, -1, -1, -1, 68, 384, 241, -1, -1, -1, 135, -1, 205, -1, -1, -1, -1, -1, 299, -1, -1, 747, 335, -1, -1, -1, 147, -1, 187, -1, -1, -1, 421, -1, 438, -1, 188, -1, -1, -1, -1, -1, -1, -1, -1, -1, 88, -1, -1, -1, -1, -1, -1, -1, -1, -1, 511, 117, 133, -1, -1, -1, -1, -1, 318, 431, 301, 194, -1, -1, -1, -1, -1, 518, -1, -1, -1, 318, -1, 246, -1, -1, 480, -1, -1, 434, -1, -1, -1, -1, 168, -1, 399, 261, -1, -1, -1, -1, 159, -1, 530, -1, -1, -1, 352, 192, 276, 596, -1, -1, 288, -1, 216, 297, 199, -1, 345, -1, 123, -1, -1, -1, 87, -1, -1, -1, -1, 192, 272, -1, 421, 480, -1, -1, 179, 49, 349, 230, -1, -1, 323, -1, 184, 244, -1, 330, 452, -1, 493, 432, -1, 211, -1, 318, -1, 466, -1, -1, -1, -1, -1, 577, -1, -1, -1, -1, -1, -1, -1, -1, -1, 87, -1, -1, 340, -1, -1, -1, -1, -1, -1, -1, -1, -1, 467, -1, -1, 422, 148, 284, -1, -1, -1, -1, 159, 397, -1, 287, 43, 256, -1, 265, -1, 347, 376, 58, -1, -1, -1, -1, 310, -1, 268, -1, -1, -1, -1, -1, 192, -1, -1, 439, 177, -1, 490, -1, 328, -1, 251, -1, 438, -1, 179, 467, -1, 222, -1, 62, 399, 511, -1, -1, 298, -1, 329, 196, 432, 294, 196, -1, -1, -1, -1, -1, -1, 240, 286, 549, 515, 401, -1, -1, 250, 280, 151, 376, 320, -1, 162, -1, -1, -1, 128, 375, -1, -1, -1, 143, -1, 388, -1, 434, 49, -1, 222, -1, 364, 268, -1, -1, 280, -1, 147, 206, -1, -1, -1, -1, -1, -1, 242, -1, -1, -1, 159, -1, 82, -1, -1, -1, 173, -1, 176, -1, -1, -1, 284, -1, 254, -1, -1, -1, 282, -1, -1, -1, 281, -1, 250, -1, 188, -1, 349, -1, -1, 364, -1, -1, -1, -1, -1, -1, -1, 344, -1, -1, 272, -1, 73, 281, -1, 214, -1, 285, -1, 107, -1, -1, -1, -1, -1, 361, -1, 314, -1, -1, -1, -1, 255, -1, 458, 387, 239, -1, 427, -1, -1, -1, 304, -1, -1, -1, 230, 422, 62, 268, -1, -1, 342, 450, -1, -1, -1, -1, 295, 137, -1, 232, 414, 449, -1, 140, -1, 172, -1, 415, -1, -1, -1, -1, -1, 432, -1, -1, -1, -1, -1, -1, -1, -1, -1, 66, -1, -1, 205, -1, -1, -1, -1, -1, -1, -1, -1, 148, 399, -1, -1, 342, -1, 168, -1, -1, -1, -1, 195, 278, -1, 151, 515, -1, -1, 287, -1, 179, -1, 541, -1, -1, -1, -1, -1, 394, -1, -1, -1, -1, -1, -1, -1, -1, 460, 201, -1, -1, 75, 581, -1, -1, -1, -1, -1, -1, -1, 284, 511, -1, -1, 450, 168, -1, -1, -1, -1, -1, 363, 342, -1, 218, -1, -1, -1, -1, -1, -1, -1, -1, 352, 284, 282, -1, -1, -1, -1, -1, 201, -1, 174, 291, 385, -1, -1, -1, 366, -1, -1, -1, -1, 196, -1, 276, -1, 168, 323, -1, -1, 280, -1, -1, -1, -1, -1, -1, 288, 93, -1, -1, -1, -1, -1, -1, -1, -1, 194, -1, -1, -1, -1, -1, 524, 97, -1, 306, -1, 242, 395, 146, -1, 416, -1, 228, 253, -1, -1, 122, -1, 326, -1, 405, -1, 325, -1, -1, -1, -1, -1, -1, -1, -1, -1, -1, -1, -1, 348, -1, -1, 487, -1, -1, 258, -1, -1, -1, 452, -1, -1, -1, -1, 503, 445, 260, -1, -1, -1, 161, 87, 229, 397, 376, 306, 566, 424, -1, 271, 233, -1, 607, -1, 91, -1, 276, -1, 399, 184, -1, 298, 147, -1, -1, -1, -1, 288, 348, -1, 256, -1, -1, -1, -1, -1, -1, -1, -1, -1, -1, -1, -1, 267, 377, 373, -1, -1, -1, 334, -1, 179, -1, 143, 370, 293, -1, -1, -1, 277, -1, -1, -1, -1, 170, -1, 332, -1, 261, 244, -1, -1, 206, 344, -1, -1, -1, 93, -1, 256, -1, -1, -1, -1, -1, 362, 275, -1, 128, -1, 310, -1, 317, -1, -1, -1, -1, -1, -1, -1, -1, -1, -1, -1, -1, -1, -1, -1, 183, -1, -1, 394, -1, -1, -1, 418, -1, -1, -1, -1, 159, 329, -1, -1, 295, 195, 363, -1, -1, -1, -1, -1, 316, -1, 253, 184, -1, -1, 195, 437, 165, -1, 244, -1, -1, -1, 401, -1, 243, -1, 278, -1, -1, -1, -1, -1, 609, 344, 337, -1, 387, 306, 548, -1, -1, -1, -1, -1, -1, 330, 397, 196, -1, -1, 137, 278, 342, -1, 487, -1, -1, 316, -1, -1, 133, -1, 241, 155, -1, -1, -1, 124, 375, 316, -1, -1, -1, 170, -1, 245, -1, -1, -1, -1, -1, 329, -1, -1, -1, 364, -1, -1, -1, 106, -1, 187, -1, 88, -1, 452, -1, 432, -1, 272, -1, -1, -1, -1, -1, -1, -1, -1, -1, -1, -1, 297, -1, -1, 128, 492, 66, -1, 328, -1, -1, -1, -1, -1, 295, -1, -1, -1, -1, -1, -1, -1, -1, 391, 215, -1, -1, 199, 573, -1, -1, -1, -1, -1, -1, -1, 287, 294, -1, -1, 232, 151, 218, -1, -1, -1, -1, 253, 133, -1, -1 ]);


%% Successor variables: succ[i] = next location after i in the tour.
array[Locations] of var Locations: succ;

%% Only use allowed legs (edges present in the transport network).
constraint forall(loc1, loc2 in Locations)(
  travelTime[loc1, loc2] < 0 -> succ[loc1] != loc2
);

%% Successors must form a Hamiltonian circuit.
constraint circuit(succ);

%% Variable for the length of the longest leg.
var 1..maxLegLen: maxleg;

%% Link maxleg to actual travel times used in the tour.
constraint forall(loc1, loc2 in Locations)(
  succ[loc1] = loc2 -> maxleg >= travelTime[loc1, loc2]
);

solve :: int_search(succ, input_order, indomain_min, complete)
      minimize maxleg;

output [
  "succ = ", show(succ), "\n",
  "maxleg = ", show(maxleg), "\n"
];
