%% Circuit-constraint benchmark instance
%% Generated by generate_instances.py
%% Method: Francis & Stuckey (2014) "Explaining circuit propagation"
%%
%% Model: minimise the length of the longest leg (maxleg).
%%        Successor variables must form a Hamiltonian circuit using only
%%        edges present in the transport network (travelTime >= 0).
%%        This matches the MiniZinc model in Figure 1 of the paper.
%%
%% Instance parameters
%%   n              = 50
%%   k              = 15
%%   seed           = 54
%%   knn_edges      = 452   (undirected edges from k-nearest step)
%%   walk_edges     = 3  (undirected edges added by random walk)
%%   total_edges    = 455
%%   walk_fraction  = 0.0066  (walk_edges / total_edges)
%%
%% NOTE: a walk_fraction above 0.20 may indicate a near-degenerate instance
%%       in which the random walk dominates the graph structure.

include "globals.mzn";

int: n = 50;
set of int: Locations = 1..n;

%% Maximum possible travel time; used as the upper bound for maxleg.
int: maxLegLen = 729;

%% Travel times between locations (–1 means no direct connection exists).
array[Locations, Locations] of int: travelTime =
  array2d(Locations, Locations, [ -1, -1, 247, -1, -1, -1, -1, -1, -1, 137, -1, -1, -1, -1, -1, -1, 180, -1, 376, -1, -1, -1, -1, -1, 228, -1, -1, -1, 158, -1, -1, -1, 467, -1, -1, -1, 395, 493, -1, 443, -1, -1, 464, 381, -1, 442, -1, 217, 64, -1, -1, -1, 416, 145, -1, 402, -1, 115, 36, 429, -1, -1, -1, -1, -1, -1, 389, -1, 149, -1, -1, -1, -1, 172, 358, -1, -1, 291, 453, -1, 327, -1, 149, 327, 387, -1, 110, -1, 190, 324, -1, -1, 303, 120, -1, 229, -1, 403, -1, -1, 247, 416, -1, -1, -1, 353, -1, -1, -1, 111, -1, -1, -1, -1, -1, -1, 332, -1, 267, -1, -1, -1, -1, -1, 67, -1, 464, -1, 356, -1, -1, -1, -1, -1, -1, -1, 354, -1, -1, 218, -1, -1, 247, 303, -1, 256, 439, 378, 286, -1, -1, 145, -1, -1, 341, -1, -1, 104, 114, -1, 520, 352, 320, -1, -1, 530, -1, 452, 286, 427, 214, -1, 318, 159, -1, -1, -1, 269, -1, 395, 245, 479, 236, 335, 401, 493, 250, -1, 123, -1, 351, 252, -1, 264, 280, -1, -1, -1, -1, -1, -1, -1, -1, 341, -1, -1, 335, 356, -1, -1, 255, -1, 57, -1, -1, 362, -1, 155, -1, 209, 315, -1, -1, -1, -1, 371, -1, -1, -1, -1, -1, 228, -1, -1, 416, 409, -1, -1, -1, -1, -1, 114, -1, -1, 151, -1, -1, -1, -1, -1, -1, 402, 353, -1, -1, -1, -1, 353, 396, -1, -1, -1, -1, -1, -1, -1, -1, -1, 329, 396, -1, -1, -1, -1, 360, -1, 127, -1, -1, -1, -1, -1, -1, -1, 121, 225, -1, -1, -1, 146, -1, -1, 135, 375, -1, 197, 108, -1, -1, -1, -1, -1, -1, -1, 335, -1, -1, -1, -1, -1, 87, -1, 393, -1, -1, 104, -1, 187, -1, 523, 402, 506, -1, -1, -1, 157, -1, -1, -1, 484, 555, 108, -1, -1, -1, -1, -1, -1, -1, -1, 455, 338, -1, -1, 291, -1, -1, -1, -1, -1, -1, 115, -1, 104, 356, 353, -1, -1, 82, -1, -1, -1, 320, -1, -1, -1, -1, 490, 214, 386, 312, -1, -1, 231, -1, -1, 447, -1, -1, -1, -1, -1, 257, -1, 307, 412, 221, -1, 215, 318, -1, 295, 289, 209, 339, 228, 441, -1, -1, -1, -1, 36, -1, 114, -1, 396, -1, 82, -1, -1, -1, -1, 396, -1, -1, -1, -1, -1, 173, -1, 324, -1, -1, 173, -1, -1, 502, 295, -1, -1, 317, -1, 176, -1, 370, 484, 146, -1, 179, 330, -1, 354, 306, 150, -1, 235, 492, -1, -1, -1, 137, 429, 111, -1, -1, -1, -1, -1, -1, -1, -1, -1, -1, -1, -1, -1, 240, -1, 288, -1, -1, -1, -1, -1, 98, -1, -1, -1, 253, -1, -1, -1, 440, -1, -1, -1, 344, -1, -1, 312, -1, -1, 335, 310, -1, 325, -1, 286, 181, -1, -1, -1, -1, 520, 255, -1, 87, -1, -1, -1, -1, -1, 312, -1, -1, 162, -1, 102, -1, 437, 380, 530, -1, -1, -1, 204, -1, -1, -1, 501, -1, 42, -1, -1, -1, -1, -1, -1, -1, -1, 465, 276, -1, -1, 240, -1, -1, -1, -1, -1, -1, -1, -1, 352, -1, -1, -1, -1, -1, -1, -1, -1, -1, 289, 49, -1, 493, -1, -1, -1, -1, 321, 67, 199, -1, -1, -1, 84, -1, 305, 188, -1, 245, 44, -1, -1, -1, 216, 232, -1, 306, -1, -1, -1, -1, -1, -1, -1, -1, 166, -1, -1, -1, 320, 57, -1, 393, 320, 396, -1, 312, -1, -1, -1, -1, 417, -1, 212, -1, 165, 332, -1, -1, -1, -1, 423, 488, -1, -1, -1, -1, 285, -1, -1, 359, 354, -1, -1, -1, -1, -1, 134, -1, -1, 185, -1, 498, -1, -1, -1, -1, -1, -1, -1, -1, -1, -1, -1, -1, -1, -1, 289, -1, -1, 243, -1, 378, -1, -1, -1, -1, -1, 356, 415, -1, -1, -1, 352, 396, -1, 474, -1, 355, 271, -1, -1, 436, 128, 472, -1, -1, -1, -1, -1, -1, -1, -1, 336, -1, 207, -1, -1, -1, -1, -1, -1, -1, -1, -1, -1, -1, 49, -1, 243, -1, -1, -1, -1, -1, -1, -1, 357, 115, 235, -1, -1, -1, 129, -1, 346, 237, -1, 259, 59, -1, -1, 373, 183, 275, -1, 350, -1, -1, -1, -1, -1, -1, -1, -1, 124, -1, -1, -1, 530, 362, -1, 104, -1, -1, -1, 162, -1, 417, -1, -1, -1, -1, 239, -1, -1, 340, 407, -1, -1, -1, 55, -1, -1, -1, 389, 478, 156, -1, -1, -1, -1, -1, -1, -1, -1, 364, 330, -1, -1, 274, -1, -1, -1, -1, -1, 180, 389, 332, -1, -1, -1, -1, -1, -1, 240, -1, 493, -1, 378, -1, -1, -1, -1, 312, -1, -1, -1, -1, -1, 279, -1, -1, -1, 64, -1, -1, -1, 317, -1, -1, -1, 279, 312, -1, -1, -1, -1, -1, 293, -1, 422, -1, 46, 231, -1, -1, -1, -1, 452, 155, -1, 187, 490, -1, -1, 102, -1, 212, -1, -1, 239, -1, -1, -1, 336, 349, -1, -1, -1, -1, 266, -1, -1, -1, 509, -1, 85, -1, -1, -1, -1, -1, -1, -1, -1, 467, 200, -1, -1, 182, -1, -1, -1, -1, -1, 376, 149, 267, 286, -1, 329, -1, 214, 173, 288, -1, -1, -1, -1, -1, -1, 312, -1, -1, -1, -1, -1, -1, 308, 211, -1, 454, -1, 371, -1, -1, -1, 228, -1, 360, 493, 114, -1, -1, 211, -1, -1, 202, 50, -1, 132, 437, 341, 438, -1, -1, -1, -1, 427, 209, 396, 523, 386, -1, -1, 437, -1, 165, -1, -1, -1, -1, 336, -1, -1, -1, -1, 729, -1, -1, -1, 371, -1, -1, -1, -1, 420, -1, -1, 275, 217, -1, -1, -1, -1, -1, 298, 466, -1, 350, -1, 387, -1, -1, -1, -1, -1, -1, 214, 315, -1, 402, 312, 324, -1, 380, -1, 332, -1, -1, 340, -1, 349, -1, -1, -1, 267, 292, 256, -1, 301, -1, 283, -1, 220, 169, 339, -1, -1, -1, -1, -1, -1, 194, -1, 170, 201, -1, -1, 175, -1, -1, -1, -1, -1, -1, -1, -1, -1, -1, -1, 506, -1, -1, -1, 530, 321, -1, -1, 357, 407, -1, -1, -1, -1, 267, -1, 263, 382, -1, 352, -1, 308, -1, 47, 215, 498, -1, 358, -1, -1, -1, -1, 350, -1, 97, -1, -1, -1, 412, -1, -1, -1, -1, 407, -1, -1, -1, 318, -1, -1, -1, -1, -1, -1, -1, 67, -1, 356, 115, -1, -1, -1, -1, 729, 292, 263, -1, 180, -1, -1, -1, 62, -1, 242, 123, -1, 261, 96, -1, -1, -1, 278, 195, -1, 240, -1, -1, -1, -1, -1, -1, -1, -1, 220, -1, 172, -1, 159, -1, -1, -1, 231, 173, -1, -1, 199, -1, 415, 235, -1, -1, -1, 308, -1, 256, 382, 180, -1, -1, -1, -1, 122, -1, 344, 167, -1, 131, 177, -1, -1, 216, 295, 64, -1, 315, -1, -1, 265, -1, -1, -1, -1, -1, 360, 228, 358, 67, -1, -1, 360, -1, -1, -1, 98, -1, -1, -1, -1, -1, -1, 279, -1, 211, -1, -1, -1, -1, -1, -1, -1, 479, -1, 311, -1, -1, -1, -1, -1, -1, -1, 290, -1, -1, 215, -1, -1, 238, 243, -1, 227, 456, 324, 278, -1, -1, -1, -1, -1, 371, -1, 157, -1, -1, -1, 204, -1, 423, -1, -1, 55, -1, 266, -1, -1, 301, 352, -1, -1, -1, -1, -1, -1, -1, 334, 430, 188, -1, -1, -1, -1, -1, -1, 494, -1, 311, 322, -1, -1, 262, -1, -1, -1, -1, -1, -1, -1, 464, -1, -1, 127, -1, 447, 502, -1, -1, -1, 488, -1, -1, -1, -1, -1, 454, 371, -1, -1, -1, -1, 479, -1, -1, -1, -1, -1, -1, -1, -1, -1, 148, 159, -1, -1, -1, 271, -1, -1, 262, 499, -1, 323, 25, -1, -1, -1, -1, 291, -1, 269, -1, -1, -1, -1, 295, -1, -1, 84, -1, 352, 129, -1, -1, -1, -1, -1, 283, 308, 62, 122, -1, -1, -1, -1, -1, 281, 126, -1, 202, 81, -1, -1, 311, 255, 148, -1, 268, -1, -1, -1, -1, -1, -1, -1, -1, 250, 158, 453, 356, -1, -1, -1, -1, -1, -1, 253, -1, -1, -1, 396, -1, -1, 64, -1, 371, -1, -1, -1, -1, -1, 311, -1, -1, -1, -1, -1, -1, -1, 378, -1, -1, -1, 343, 349, -1, -1, -1, -1, -1, 355, -1, 476, -1, 71, 195, -1, -1, -1, -1, 395, -1, -1, 484, -1, -1, -1, 501, 305, -1, -1, 346, 389, -1, 509, -1, -1, 220, 47, 242, 344, -1, 334, -1, 281, -1, -1, 177, 467, -1, 338, -1, -1, -1, -1, 308, -1, 50, -1, -1, -1, 369, -1, -1, -1, -1, 409, -1, 327, -1, 245, -1, -1, 555, -1, 317, -1, -1, 188, -1, 474, 237, 478, -1, -1, -1, -1, 169, 215, 123, 167, -1, 430, -1, 126, -1, 177, -1, -1, 291, 203, -1, -1, -1, -1, 138, -1, 151, -1, -1, -1, 343, -1, -1, -1, -1, 341, -1, -1, -1, 479, 228, -1, 108, -1, -1, -1, 42, -1, 285, -1, -1, 156, -1, 85, -1, 420, 339, 498, -1, -1, -1, 188, -1, -1, -1, 467, -1, -1, -1, -1, -1, -1, -1, -1, -1, -1, 429, 237, -1, -1, 199, -1, -1, -1, -1, -1, 467, 149, -1, 236, -1, -1, -1, 257, 176, 440, -1, 245, -1, 355, 259, -1, 317, -1, 228, -1, -1, -1, 261, 131, -1, -1, -1, 202, 378, -1, 291, -1, -1, 205, -1, -1, 115, 226, 190, -1, -1, -1, -1, 178, -1, -1, -1, 315, 528, 370, -1, 327, -1, 335, -1, -1, -1, -1, -1, -1, -1, 44, -1, 271, 59, -1, -1, -1, -1, -1, -1, 358, 96, 177, -1, -1, -1, 81, -1, 338, 203, -1, 205, -1, -1, -1, 319, 183, 220, -1, 334, -1, -1, -1, -1, -1, -1, 429, -1, 183, -1, 387, -1, 401, 416, 121, -1, 307, 370, -1, -1, -1, 359, -1, -1, -1, -1, -1, 360, 275, -1, -1, -1, -1, -1, -1, 148, -1, -1, -1, -1, -1, -1, -1, -1, 134, -1, -1, -1, 235, -1, -1, 209, 397, -1, 240, 149, -1, -1, -1, -1, -1, -1, 493, 409, 225, -1, 412, 484, -1, -1, -1, 354, -1, -1, -1, -1, -1, 493, 217, -1, -1, -1, -1, -1, -1, 159, -1, -1, -1, -1, -1, -1, -1, 134, -1, -1, -1, -1, 361, -1, 468, 339, -1, -1, 375, 179, -1, -1, -1, 395, 110, 354, 250, -1, -1, -1, 221, 146, 344, -1, -1, -1, 436, 373, -1, 279, -1, 114, -1, -1, -1, -1, 216, 290, -1, -1, 311, 343, -1, -1, -1, 115, 319, -1, -1, -1, 311, 259, 325, -1, -1, 314, 64, -1, 241, -1, 294, 459, 481, 493, -1, -1, -1, -1, -1, -1, -1, -1, -1, -1, 216, -1, 128, 183, -1, 312, -1, -1, -1, -1, -1, 278, 295, -1, -1, -1, 255, 349, -1, -1, -1, 226, 183, -1, -1, 311, -1, 356, -1, -1, -1, -1, 372, -1, -1, -1, 279, 541, 220, -1, 190, -1, 123, -1, -1, -1, 215, 179, -1, -1, 232, -1, 472, 275, -1, -1, -1, -1, -1, 194, 350, 195, 64, -1, 494, -1, 148, -1, 308, 138, -1, 190, 220, -1, -1, 259, 356, -1, -1, 273, 322, -1, 299, 329, -1, -1, -1, -1, 398, 443, 324, 218, -1, -1, 146, -1, 318, 330, 312, -1, -1, -1, -1, -1, -1, -1, -1, 211, -1, -1, -1, -1, -1, 215, -1, 271, -1, -1, -1, -1, -1, -1, -1, 235, 361, 325, -1, -1, -1, -1, -1, 33, 261, -1, 95, 249, -1, 493, -1, -1, -1, -1, 351, -1, -1, 455, -1, -1, -1, 465, 306, -1, -1, 350, 364, -1, 467, -1, -1, 170, 97, 240, 315, -1, 311, -1, 268, -1, 50, 151, 429, -1, 334, -1, -1, -1, -1, 273, -1, -1, 362, -1, -1, 321, -1, -1, -1, -1, 426, -1, -1, -1, 252, 114, -1, 338, 295, 354, -1, 276, -1, 134, -1, -1, 330, -1, 200, -1, 298, 201, -1, -1, -1, -1, 322, -1, -1, -1, -1, -1, 237, -1, -1, -1, 468, -1, -1, 322, -1, 362, -1, -1, -1, 61, -1, -1, -1, -1, -1, 464, 303, 247, -1, -1, 135, -1, 289, 306, 335, -1, -1, -1, -1, -1, -1, -1, -1, 202, 466, -1, -1, -1, -1, 238, -1, 262, -1, -1, -1, -1, -1, -1, -1, 209, 339, 314, -1, -1, 33, -1, -1, -1, 251, -1, 75, 242, -1, 516, -1, 381, 120, 303, 264, -1, 375, -1, 209, 150, 310, -1, -1, -1, -1, -1, -1, 293, -1, 50, -1, -1, -1, -1, 265, 243, -1, 499, -1, 355, -1, -1, -1, 178, -1, 397, -1, 64, 372, 299, 261, -1, -1, 251, -1, -1, 179, 483, 317, 444, -1, -1, -1, -1, 280, 151, -1, 291, 339, -1, -1, 240, -1, 185, -1, -1, 274, -1, 182, -1, 350, 175, 412, -1, -1, -1, 262, -1, -1, -1, 369, 343, 199, -1, -1, -1, -1, -1, -1, 329, -1, 321, 61, -1, -1, -1, -1, -1, -1, -1, -1, 442, 229, 256, -1, -1, 197, -1, 228, 235, 325, -1, -1, -1, -1, -1, -1, 422, -1, 132, -1, -1, -1, -1, -1, 227, -1, 323, -1, 476, -1, -1, -1, -1, -1, 240, 375, 241, -1, -1, 95, -1, -1, 75, 179, -1, -1, 305, -1, 499, -1, -1, -1, 439, -1, -1, 108, -1, 441, 492, -1, -1, -1, 498, -1, -1, -1, -1, -1, 437, 387, -1, -1, -1, -1, 456, -1, 25, -1, -1, -1, -1, -1, -1, -1, 149, 179, -1, -1, -1, 249, -1, -1, 242, 483, -1, 305, -1, -1, 725, -1, 217, 403, 378, -1, -1, -1, -1, -1, -1, 286, -1, -1, -1, 336, -1, -1, 46, -1, 341, -1, -1, -1, -1, -1, 324, -1, -1, -1, 71, -1, -1, -1, 315, 429, -1, -1, 294, 279, -1, -1, -1, -1, -1, 317, -1, -1, -1, -1, 262, -1, 64, -1, 286, -1, -1, -1, -1, -1, -1, 181, -1, -1, -1, -1, -1, -1, 231, -1, 438, -1, -1, -1, -1, -1, 278, -1, -1, -1, 195, -1, -1, -1, 528, -1, -1, -1, 459, 541, -1, 493, -1, -1, 516, 444, -1, 499, 725, 262, -1, -1, -1, -1, -1, -1, -1, -1, -1, -1, -1, -1, -1, 166, -1, 207, 124, -1, -1, -1, -1, -1, -1, 407, 220, 360, -1, -1, -1, 250, -1, 409, 341, -1, 370, 183, -1, -1, 481, 220, 398, -1, 426, -1, -1, -1, -1, -1, -1, -1, -1, -1 ]);


%% Successor variables: succ[i] = next location after i in the tour.
array[Locations] of var Locations: succ;

%% Only use allowed legs (edges present in the transport network).
constraint forall(loc1, loc2 in Locations)(
  travelTime[loc1, loc2] < 0 -> succ[loc1] != loc2
);

%% Successors must form a Hamiltonian circuit.
constraint circuit(succ);

%% Variable for the length of the longest leg.
var 1..maxLegLen: maxleg;

%% Link maxleg to actual travel times used in the tour.
constraint forall(loc1, loc2 in Locations)(
  succ[loc1] = loc2 -> maxleg >= travelTime[loc1, loc2]
);

solve :: int_search(succ, input_order, indomain_min, complete)
      minimize maxleg;

output [
  "succ = ", show(succ), "\n",
  "maxleg = ", show(maxleg), "\n"
];
