%% Circuit-constraint benchmark instance
%% Generated by generate_instances.py
%% Method: Francis & Stuckey (2014) "Explaining circuit propagation"
%%
%% Model: minimise the length of the longest leg (maxleg).
%%        Successor variables must form a Hamiltonian circuit using only
%%        edges present in the transport network (travelTime >= 0).
%%        This matches the MiniZinc model in Figure 1 of the paper.
%%
%% Instance parameters
%%   n              = 50
%%   k              = 15
%%   seed           = 58
%%   knn_edges      = 453   (undirected edges from k-nearest step)
%%   walk_edges     = 3  (undirected edges added by random walk)
%%   total_edges    = 456
%%   walk_fraction  = 0.0066  (walk_edges / total_edges)
%%
%% NOTE: a walk_fraction above 0.20 may indicate a near-degenerate instance
%%       in which the random walk dominates the graph structure.

include "globals.mzn";

int: n = 50;
set of int: Locations = 1..n;

%% Maximum possible travel time; used as the upper bound for maxleg.
int: maxLegLen = 954;

%% Travel times between locations (–1 means no direct connection exists).
array[Locations, Locations] of int: travelTime =
  array2d(Locations, Locations, [ -1, -1, -1, 242, -1, 309, 308, 280, -1, 261, -1, 478, 306, -1, -1, -1, -1, 358, -1, -1, -1, 156, 198, -1, 250, 49, -1, -1, -1, -1, 311, 183, 522, -1, -1, 155, -1, 111, -1, -1, 451, -1, -1, 334, -1, -1, -1, 245, -1, -1, -1, -1, -1, -1, 236, -1, -1, -1, -1, -1, -1, -1, -1, 223, 124, -1, -1, -1, -1, 201, 363, -1, -1, 439, -1, -1, -1, 426, 288, -1, -1, -1, -1, -1, 422, -1, 289, -1, -1, 346, -1, -1, 306, -1, -1, 201, -1, -1, 243, 333, -1, -1, -1, 352, -1, -1, -1, -1, 109, 345, 226, 425, -1, -1, -1, 118, 284, 263, 341, -1, -1, -1, 394, -1, -1, -1, -1, 355, -1, -1, -1, -1, 243, -1, -1, -1, -1, -1, 445, -1, 262, 421, -1, -1, -1, -1, 122, -1, -1, -1, 242, -1, 352, -1, -1, -1, -1, 227, 386, 83, -1, 335, -1, -1, -1, 252, -1, 128, -1, -1, -1, 320, 47, -1, 306, 289, -1, -1, -1, -1, -1, 302, 306, -1, 298, -1, -1, 247, -1, -1, 239, -1, -1, -1, -1, -1, -1, -1, -1, -1, -1, 236, -1, -1, -1, 553, -1, -1, -1, -1, -1, -1, -1, 358, 127, -1, -1, -1, -1, 421, 476, -1, -1, -1, -1, -1, 474, -1, 471, -1, -1, -1, -1, -1, -1, -1, 472, -1, -1, 110, -1, -1, 515, 494, -1, 369, -1, -1, 473, 496, 309, -1, -1, -1, 553, -1, 322, 318, -1, -1, -1, -1, 126, -1, -1, -1, -1, -1, -1, -1, 272, 159, -1, -1, 197, 304, 106, -1, -1, -1, 301, -1, -1, -1, 341, 164, -1, 230, -1, 591, -1, -1, -1, 81, -1, -1, -1, 68, -1, -1, 308, -1, -1, -1, -1, 322, -1, 529, -1, -1, -1, -1, 206, -1, -1, -1, -1, -1, -1, -1, -1, 304, 505, -1, 437, 262, 388, -1, -1, -1, 26, 361, -1, -1, -1, 233, -1, 345, -1, -1, -1, -1, -1, 398, -1, -1, -1, 274, -1, -1, 280, -1, -1, 227, -1, 318, 529, -1, -1, 152, -1, 562, 411, 284, -1, 332, -1, 334, -1, -1, 154, 227, 205, -1, 121, 321, 391, -1, 234, -1, 520, -1, 505, -1, 83, 297, 233, 189, -1, -1, 448, -1, 285, 271, -1, 300, -1, 303, -1, 175, -1, -1, 109, 386, -1, -1, -1, -1, -1, 356, 117, 522, -1, -1, -1, 135, 175, 328, 242, -1, -1, -1, -1, 374, -1, -1, -1, 266, -1, 406, -1, -1, 347, 401, -1, -1, -1, -1, 340, -1, 355, 312, -1, -1, -1, -1, 34, -1, -1, -1, 261, -1, 345, 83, -1, -1, -1, 152, 356, -1, -1, 412, -1, -1, -1, 232, -1, 182, -1, -1, 305, 296, 86, -1, 249, 309, -1, 336, -1, -1, -1, 362, 356, -1, 217, -1, -1, 228, -1, -1, 296, -1, -1, -1, -1, -1, 390, -1, -1, 303, -1, -1, 226, -1, -1, -1, -1, -1, 117, -1, -1, -1, -1, -1, -1, 227, 59, -1, 158, -1, -1, -1, -1, 258, -1, -1, -1, 199, -1, 289, -1, -1, 463, 289, -1, -1, -1, -1, 230, -1, 465, 199, 321, -1, 343, -1, 112, -1, 366, -1, 478, -1, 425, 335, -1, -1, -1, 562, 522, 412, -1, -1, -1, -1, -1, 414, -1, 247, -1, -1, -1, -1, 365, -1, -1, 506, -1, -1, -1, -1, -1, 383, 188, -1, -1, -1, -1, 542, -1, -1, 169, -1, -1, -1, -1, -1, 544, -1, -1, -1, 306, -1, -1, -1, -1, 126, 206, 411, -1, -1, -1, -1, -1, -1, -1, -1, -1, -1, -1, -1, 393, 199, -1, -1, 296, 282, 183, -1, -1, -1, 183, 446, -1, -1, -1, 154, -1, 269, -1, -1, -1, -1, -1, 207, 954, -1, -1, 108, -1, -1, -1, 223, -1, -1, 358, -1, -1, 284, -1, -1, -1, -1, -1, -1, 240, -1, -1, -1, -1, 169, 141, -1, -1, -1, 272, -1, 355, 315, 128, -1, -1, -1, -1, -1, 211, -1, 129, -1, -1, 453, -1, -1, 200, 281, -1, 51, -1, -1, 230, 138, -1, 124, -1, -1, 127, -1, -1, -1, -1, -1, -1, -1, -1, 240, -1, -1, 660, -1, -1, 295, 369, -1, -1, -1, -1, -1, 437, -1, 346, -1, -1, -1, -1, -1, 451, -1, 347, -1, -1, 235, -1, -1, 387, 426, -1, 244, -1, -1, 348, 375, -1, -1, 118, 252, -1, -1, -1, 332, 135, 232, 227, 414, -1, -1, -1, -1, 272, 197, 286, -1, -1, -1, 291, -1, -1, -1, -1, 283, -1, -1, -1, -1, 261, -1, 348, -1, -1, -1, -1, -1, 247, -1, -1, -1, -1, -1, 168, -1, -1, -1, -1, -1, 284, -1, -1, -1, -1, -1, 175, -1, 59, -1, -1, -1, 660, 272, -1, -1, 120, -1, -1, -1, -1, 200, -1, -1, -1, 170, -1, 237, -1, -1, 517, 243, -1, -1, -1, -1, 188, -1, -1, 140, 284, -1, 285, -1, 171, -1, 317, -1, 358, -1, 263, 128, -1, -1, -1, 334, 328, 182, -1, 247, -1, -1, -1, 197, -1, -1, -1, -1, -1, -1, 174, -1, -1, -1, -1, -1, -1, -1, -1, 370, 178, -1, 391, -1, -1, 375, -1, -1, 114, -1, -1, -1, -1, -1, 358, -1, -1, -1, -1, -1, 341, -1, -1, -1, -1, -1, 242, -1, 158, -1, -1, -1, -1, 286, 120, -1, -1, 254, -1, -1, -1, 191, -1, -1, -1, 53, 236, 267, -1, -1, -1, 297, -1, -1, 235, -1, 259, -1, -1, 127, 164, -1, 280, 324, 254, -1, 213, 260, -1, 201, -1, -1, 421, -1, -1, -1, -1, -1, -1, -1, -1, 169, 295, -1, -1, -1, 254, -1, 267, -1, -1, 283, -1, -1, -1, 225, 126, 374, -1, -1, -1, 428, 277, -1, 127, -1, 423, 529, -1, 274, 108, -1, 321, 118, -1, -1, 63, 186, -1, 363, -1, -1, 476, 272, -1, 154, -1, 305, -1, -1, 393, 141, 369, -1, -1, -1, -1, 267, -1, 267, -1, -1, 134, -1, 306, -1, 156, -1, -1, -1, -1, -1, 105, -1, 156, 272, -1, 559, -1, -1, 236, 198, -1, 172, -1, 292, -1, 107, 156, -1, -1, 320, -1, 159, 304, 227, -1, 296, -1, -1, 199, -1, -1, -1, -1, -1, -1, -1, 267, -1, 275, -1, 136, 164, 263, -1, -1, -1, 294, 336, -1, -1, 284, 71, -1, 74, -1, -1, -1, -1, -1, 178, -1, -1, -1, 105, -1, -1, 198, -1, 394, 47, -1, -1, 505, 205, -1, 86, -1, 365, -1, -1, -1, 291, -1, 174, -1, -1, -1, 275, -1, -1, 269, 245, -1, -1, -1, -1, 507, 278, 350, -1, 283, 318, -1, 201, -1, -1, 282, -1, -1, -1, -1, -1, -1, -1, -1, -1, -1, 439, -1, -1, -1, -1, -1, -1, 374, -1, 258, -1, -1, -1, -1, -1, 200, -1, 191, 283, -1, -1, -1, -1, -1, -1, -1, 229, 345, 94, -1, -1, -1, 145, -1, -1, 344, -1, 145, -1, -1, 67, 262, -1, 91, -1, 370, -1, 220, -1, 250, -1, -1, 306, -1, 197, 437, 121, -1, 249, -1, -1, 296, 272, -1, -1, -1, -1, -1, -1, 134, 136, 269, -1, -1, 277, 273, -1, 279, -1, 425, 430, -1, -1, 155, 205, 279, 140, -1, -1, -1, -1, -1, 154, -1, 306, -1, 188, -1, 220, 49, -1, -1, 289, -1, 304, 262, 321, -1, 309, -1, 506, 282, -1, -1, -1, -1, -1, -1, -1, -1, 164, 245, -1, 277, -1, -1, -1, -1, -1, 266, 176, -1, -1, -1, 141, -1, 140, -1, -1, -1, -1, -1, -1, -1, -1, -1, 237, -1, -1, -1, -1, -1, -1, 474, 106, 388, 391, -1, -1, -1, -1, 183, 355, 437, -1, -1, -1, -1, -1, 306, 263, -1, -1, 273, -1, -1, -1, -1, -1, 364, -1, -1, -1, 394, 268, -1, 332, -1, 500, -1, -1, -1, 120, -1, 406, -1, 172, -1, -1, -1, 426, 355, -1, -1, -1, -1, -1, 266, 336, 199, -1, -1, 315, -1, 283, 170, -1, 53, 225, -1, -1, -1, 229, -1, -1, -1, -1, 188, 312, -1, -1, -1, 346, 239, -1, 187, -1, 310, -1, -1, 170, 125, -1, 315, 281, 283, -1, 197, 208, -1, 288, -1, -1, 471, -1, -1, 234, -1, -1, -1, -1, -1, 128, 346, -1, -1, -1, 236, 126, 156, -1, -1, 345, 279, -1, -1, 188, -1, -1, -1, -1, -1, 486, 151, -1, 2, -1, -1, 571, -1, 311, 83, -1, 406, 102, -1, -1, 161, 61, -1, -1, -1, -1, -1, -1, -1, -1, 406, -1, 289, -1, -1, -1, -1, -1, 237, -1, 267, 374, -1, -1, -1, 94, -1, -1, -1, 312, -1, -1, -1, -1, -1, 58, -1, -1, 438, -1, 91, -1, -1, 142, 356, -1, 86, -1, 393, -1, 310, -1, 311, -1, -1, -1, -1, 301, 26, 520, -1, -1, -1, -1, 183, -1, -1, -1, -1, -1, -1, -1, -1, 294, 507, -1, 425, 266, 364, -1, -1, -1, -1, 376, -1, -1, -1, 223, -1, 339, -1, -1, -1, -1, -1, 379, -1, -1, -1, 256, -1, -1, 183, -1, -1, 302, -1, -1, 361, -1, -1, 362, -1, 383, 446, -1, -1, -1, -1, 370, -1, -1, -1, 336, 278, -1, 430, 176, -1, -1, -1, -1, 376, -1, 491, -1, -1, 316, -1, 292, -1, -1, 423, -1, -1, -1, -1, -1, -1, 413, -1, -1, 522, -1, 243, 306, -1, -1, -1, 505, 347, 356, 463, 188, -1, -1, -1, 261, 517, 178, -1, -1, -1, -1, 350, -1, -1, -1, -1, -1, -1, -1, -1, 491, -1, -1, -1, -1, -1, -1, -1, -1, 72, -1, -1, -1, -1, -1, 365, -1, -1, -1, -1, -1, -1, -1, -1, -1, -1, -1, 401, -1, 289, -1, -1, -1, -1, -1, 243, -1, 297, 428, -1, -1, -1, 145, -1, -1, -1, 346, 486, 58, -1, -1, -1, -1, -1, -1, -1, -1, 61, -1, -1, 180, 403, -1, 140, -1, 384, -1, 365, -1, -1, 422, -1, 298, -1, 341, -1, 83, -1, 217, -1, -1, -1, 211, 451, 348, -1, 391, -1, 277, 105, 284, 283, -1, 155, -1, 394, 239, 151, -1, -1, -1, -1, -1, -1, -1, 150, 261, -1, -1, -1, -1, 206, 278, -1, 221, -1, 341, 306, 93, 155, -1, -1, -1, -1, 164, 233, 297, -1, -1, -1, -1, 154, -1, -1, -1, -1, -1, -1, -1, -1, 71, 318, -1, 205, 141, 268, -1, -1, -1, 223, 316, -1, -1, -1, -1, -1, 124, -1, -1, -1, -1, -1, 212, -1, -1, -1, 97, -1, -1, -1, 289, -1, -1, 472, -1, -1, 233, -1, -1, -1, -1, -1, 129, 347, -1, -1, -1, 235, 127, 156, -1, -1, 344, 279, -1, -1, 187, 2, 438, -1, -1, -1, -1, 150, -1, -1, -1, -1, 573, -1, 310, 83, -1, 405, 103, -1, -1, 161, 60, 111, -1, -1, 247, -1, 230, 345, 189, -1, 228, -1, 542, 269, -1, -1, -1, -1, 375, -1, -1, 272, 74, 201, -1, 140, 140, 332, -1, -1, -1, 339, 292, -1, -1, 261, 124, -1, -1, -1, -1, 482, -1, -1, 236, -1, -1, -1, 178, -1, -1, -1, -1, 445, -1, -1, -1, -1, -1, 340, -1, 230, -1, -1, -1, -1, -1, 188, -1, 259, 423, -1, -1, -1, 145, -1, -1, -1, 310, -1, 91, -1, -1, -1, 61, -1, -1, -1, -1, -1, -1, -1, 156, 383, -1, 175, -1, 323, -1, 361, -1, -1, 346, -1, -1, 110, 591, -1, -1, -1, -1, -1, -1, -1, 453, 235, -1, -1, -1, -1, 529, 559, -1, -1, -1, -1, -1, 500, -1, 571, -1, -1, -1, -1, -1, -1, -1, 573, -1, -1, -1, -1, -1, 620, 543, -1, 470, -1, -1, 582, 591, 451, -1, 262, 239, -1, -1, -1, 448, 355, 296, 465, 169, -1, -1, -1, 247, -1, 114, -1, -1, -1, -1, 282, -1, -1, -1, -1, -1, -1, -1, -1, 423, 72, -1, -1, -1, -1, 482, -1, -1, -1, -1, -1, -1, -1, -1, 378, 660, -1, -1, -1, -1, 421, -1, -1, -1, -1, -1, 312, -1, 199, -1, -1, -1, -1, -1, 140, -1, 127, 274, -1, -1, -1, 67, -1, -1, -1, 170, 311, 142, -1, -1, -1, 180, -1, -1, 310, -1, 156, -1, -1, -1, 228, -1, 158, -1, 311, -1, 214, -1, -1, 306, -1, -1, 515, -1, -1, 285, -1, -1, 321, -1, -1, 200, 387, -1, 284, -1, 164, 108, 236, -1, -1, 262, -1, -1, -1, 125, 83, 356, -1, -1, -1, 403, 206, -1, 83, -1, 383, 620, -1, 228, -1, -1, 327, 160, -1, -1, 107, 132, 334, -1, -1, -1, 494, 81, 398, 271, -1, -1, -1, -1, 207, 281, 426, -1, -1, -1, -1, -1, 198, 178, -1, -1, 154, -1, 120, -1, -1, -1, 379, -1, -1, -1, 278, 212, -1, 236, -1, 543, -1, -1, -1, -1, -1, 330, -1, 128, -1, 305, -1, -1, -1, -1, -1, -1, -1, -1, -1, -1, 343, -1, 954, -1, -1, -1, 285, -1, 280, 321, -1, -1, -1, 91, -1, -1, -1, 315, 406, 86, -1, -1, -1, 140, -1, -1, 405, -1, 175, -1, -1, 158, 327, -1, -1, 439, -1, -1, 259, -1, -1, 201, -1, -1, 369, -1, -1, 300, -1, -1, -1, -1, -1, 51, 244, -1, -1, -1, 324, 118, 172, -1, -1, -1, 306, -1, 406, 281, 102, -1, -1, -1, -1, -1, 221, -1, 103, -1, -1, 470, -1, -1, 160, 330, 439, -1, -1, -1, 179, 134, -1, -1, 122, -1, -1, -1, -1, -1, 34, 390, 112, 544, -1, -1, -1, 168, 171, 358, 254, -1, -1, -1, -1, 370, -1, -1, -1, 283, -1, 393, -1, -1, 365, 384, -1, -1, -1, -1, 323, -1, 378, 311, -1, -1, -1, -1, -1, -1, -1, -1, 245, -1, -1, -1, -1, 68, 274, 303, -1, -1, -1, -1, 108, -1, -1, -1, -1, -1, -1, -1, 292, 105, -1, -1, 188, 237, 172, -1, -1, -1, 256, 413, -1, -1, 341, 97, -1, 178, -1, -1, 660, -1, -1, 128, -1, -1, -1, -1, -1, -1, -1, 243, -1, -1, 473, -1, -1, -1, -1, -1, 366, -1, -1, 230, 348, -1, 317, -1, 213, 63, -1, -1, -1, 220, -1, -1, -1, 197, 161, 310, -1, -1, -1, 365, 306, -1, 161, -1, 361, 582, -1, 214, 107, -1, 259, 179, -1, -1, -1, 221, -1, 333, -1, -1, 496, -1, -1, 175, -1, 303, -1, -1, -1, 138, 375, -1, -1, -1, 260, 186, 107, -1, -1, -1, 220, -1, -1, 208, 61, -1, -1, -1, -1, -1, 93, -1, 60, -1, -1, 591, -1, -1, 132, 305, -1, 134, -1, -1, 221, -1 ]);


%% Successor variables: succ[i] = next location after i in the tour.
array[Locations] of var Locations: succ;

%% Only use allowed legs (edges present in the transport network).
constraint forall(loc1, loc2 in Locations)(
  travelTime[loc1, loc2] < 0 -> succ[loc1] != loc2
);

%% Successors must form a Hamiltonian circuit.
constraint circuit(succ);

%% Variable for the length of the longest leg.
var 1..maxLegLen: maxleg;

%% Link maxleg to actual travel times used in the tour.
constraint forall(loc1, loc2 in Locations)(
  succ[loc1] = loc2 -> maxleg >= travelTime[loc1, loc2]
);

solve :: int_search(succ, input_order, indomain_min, complete)
      minimize maxleg;

output [
  "succ = ", show(succ), "\n",
  "maxleg = ", show(maxleg), "\n"
];
