%% Circuit-constraint benchmark instance
%% Generated by generate_instances.py
%% Method: Francis & Stuckey (2014) "Explaining circuit propagation"
%%
%% Model: minimise the length of the longest leg (maxleg).
%%        Successor variables must form a Hamiltonian circuit using only
%%        edges present in the transport network (travelTime >= 0).
%%        This matches the MiniZinc model in Figure 1 of the paper.
%%
%% Instance parameters
%%   n              = 50
%%   k              = 15
%%   seed           = 48
%%   knn_edges      = 443   (undirected edges from k-nearest step)
%%   walk_edges     = 2  (undirected edges added by random walk)
%%   total_edges    = 445
%%   walk_fraction  = 0.0045  (walk_edges / total_edges)
%%
%% NOTE: a walk_fraction above 0.20 may indicate a near-degenerate instance
%%       in which the random walk dominates the graph structure.

include "globals.mzn";

int: n = 50;
set of int: Locations = 1..n;

%% Maximum possible travel time; used as the upper bound for maxleg.
int: maxLegLen = 806;

%% Travel times between locations (–1 means no direct connection exists).
array[Locations, Locations] of int: travelTime =
  array2d(Locations, Locations, [ -1, 236, 395, 216, -1, -1, -1, 303, 336, -1, -1, 219, 293, 325, -1, 153, -1, -1, -1, -1, 304, 53, -1, -1, -1, -1, -1, -1, 305, 175, 226, -1, -1, -1, -1, -1, -1, 503, -1, -1, 92, 465, -1, 185, -1, -1, -1, -1, -1, -1, 236, -1, 252, 146, -1, -1, -1, 202, -1, -1, -1, 17, -1, 134, -1, 142, -1, -1, -1, -1, -1, 284, -1, -1, -1, -1, -1, -1, 107, 287, 122, -1, -1, -1, -1, -1, -1, 282, -1, -1, 318, -1, -1, -1, 314, -1, -1, 221, -1, -1, 395, 252, -1, 178, -1, -1, -1, 96, -1, -1, -1, 260, -1, 125, -1, 378, -1, -1, -1, -1, -1, 448, -1, -1, -1, -1, -1, -1, 332, 515, 172, -1, -1, -1, -1, -1, -1, 203, -1, -1, 436, -1, -1, -1, 429, -1, -1, 457, -1, 806, 216, 146, 178, -1, -1, -1, -1, 89, -1, -1, -1, 141, -1, 133, -1, 224, -1, -1, -1, -1, -1, 270, -1, -1, -1, -1, -1, -1, 252, 347, 27, -1, -1, -1, -1, -1, -1, 314, -1, -1, 264, -1, -1, 401, -1, -1, -1, 363, -1, -1, -1, -1, -1, -1, -1, -1, -1, -1, -1, -1, -1, -1, -1, -1, 324, -1, -1, -1, 176, -1, -1, -1, -1, -1, -1, 213, 544, -1, 547, -1, -1, 432, 148, -1, -1, 410, -1, 482, 579, 106, -1, -1, -1, -1, 315, 457, -1, 546, -1, 163, -1, -1, -1, -1, -1, -1, 177, -1, -1, 157, -1, -1, 388, -1, -1, -1, 31, 257, -1, 330, -1, -1, -1, 250, 305, -1, 394, 126, -1, -1, -1, -1, -1, -1, 245, -1, 349, -1, 322, -1, -1, -1, 105, -1, -1, -1, 199, -1, 169, -1, -1, -1, -1, -1, -1, 177, -1, -1, -1, 155, -1, -1, 212, -1, -1, -1, 162, 118, -1, 157, 231, -1, 379, 114, 130, -1, 427, 228, -1, -1, -1, -1, -1, 360, 321, -1, 217, -1, 256, -1, -1, -1, 252, -1, -1, -1, 136, -1, 266, -1, 303, 202, 96, 89, -1, -1, -1, -1, -1, -1, -1, 205, -1, 117, -1, 307, -1, -1, -1, -1, -1, 355, -1, -1, -1, -1, -1, -1, 301, 435, 92, -1, -1, -1, -1, -1, -1, 270, -1, -1, 340, -1, -1, -1, 448, -1, -1, 422, -1, -1, 336, -1, -1, -1, -1, -1, -1, -1, -1, -1, 77, -1, 291, -1, -1, -1, -1, 331, -1, 299, 230, 283, 126, -1, 371, -1, -1, -1, -1, 281, -1, -1, -1, 97, -1, -1, -1, -1, -1, -1, 314, 131, -1, 152, -1, -1, 396, -1, -1, -1, -1, -1, -1, -1, -1, 157, 155, -1, -1, -1, 383, -1, 319, -1, -1, -1, 171, 148, -1, 252, 306, -1, 356, 269, 265, -1, -1, 104, -1, -1, -1, -1, -1, 358, 391, -1, -1, -1, -1, -1, -1, -1, 156, -1, -1, -1, 59, -1, 318, -1, -1, -1, -1, -1, -1, -1, -1, -1, 77, 383, -1, -1, 273, -1, -1, -1, -1, 273, -1, 264, 206, 334, 51, -1, 340, -1, -1, -1, -1, 295, -1, -1, -1, 26, -1, -1, -1, -1, -1, -1, 377, 122, -1, 208, -1, -1, 328, -1, -1, -1, 219, 17, 260, 141, -1, -1, -1, 205, -1, -1, -1, -1, -1, 145, -1, 127, -1, -1, -1, -1, -1, 267, -1, -1, -1, -1, -1, -1, 115, 272, 120, -1, -1, -1, -1, -1, -1, 298, -1, -1, 302, -1, -1, -1, 328, -1, -1, 222, -1, -1, 293, -1, -1, -1, -1, 388, 212, -1, 291, 319, 273, -1, -1, -1, -1, 238, -1, 176, -1, 68, 68, 272, 294, 197, 95, -1, -1, 417, -1, 119, -1, -1, -1, 253, -1, -1, 213, -1, 330, -1, 352, 395, -1, 248, -1, -1, 267, 285, -1, -1, 325, 134, 125, 133, -1, -1, -1, 117, -1, -1, -1, 145, -1, -1, -1, 271, -1, -1, -1, -1, -1, 378, -1, -1, -1, -1, -1, -1, 207, 414, 109, -1, -1, -1, -1, -1, -1, 182, -1, -1, 388, -1, -1, -1, 331, -1, -1, 332, -1, -1, -1, -1, -1, -1, 324, -1, -1, -1, -1, -1, -1, -1, -1, -1, -1, -1, -1, -1, 227, -1, -1, -1, -1, -1, -1, 199, 231, -1, -1, -1, -1, 236, 181, -1, 387, 214, -1, -1, 355, 218, -1, -1, -1, -1, 371, 168, -1, 457, 459, 218, 153, 142, 378, 224, -1, -1, -1, 307, -1, -1, -1, 127, 238, 271, -1, -1, -1, -1, -1, -1, 282, 182, -1, -1, 292, -1, -1, -1, 166, 145, 215, -1, -1, -1, -1, -1, 280, 422, -1, -1, 245, -1, -1, 280, -1, -1, -1, 200, -1, -1, -1, -1, -1, -1, -1, 31, 162, -1, -1, 171, -1, -1, -1, -1, -1, -1, -1, 254, -1, 318, -1, -1, -1, 225, 287, -1, 368, 154, -1, -1, -1, -1, -1, -1, 223, -1, 322, -1, 291, -1, -1, -1, 136, -1, -1, -1, 207, -1, 148, -1, -1, -1, -1, -1, -1, 257, 118, -1, 331, 148, 273, -1, 176, -1, -1, -1, 254, -1, -1, 108, 158, -1, 262, 204, 146, -1, -1, 251, -1, -1, -1, -1, -1, 247, -1, -1, 288, -1, -1, -1, -1, 383, 297, 365, -1, -1, 93, -1, -1, -1, -1, -1, -1, -1, 176, -1, -1, -1, -1, -1, -1, -1, -1, -1, 227, -1, -1, -1, -1, -1, -1, -1, -1, -1, -1, 41, 406, -1, 399, -1, -1, 260, 146, -1, -1, 239, -1, 424, 406, 130, -1, -1, -1, -1, 182, 311, -1, 378, -1, 217, -1, -1, -1, -1, -1, 330, 157, -1, 299, 252, 264, -1, 68, -1, -1, -1, 318, 108, -1, -1, 76, 333, 273, 177, 77, -1, -1, 351, -1, 185, -1, -1, -1, 239, -1, -1, 226, -1, 327, -1, -1, 385, 389, 290, -1, -1, 199, 329, -1, -1, 304, -1, -1, -1, -1, -1, 231, -1, 230, 306, 206, -1, 68, -1, -1, 282, -1, 158, -1, 76, -1, 272, 226, 247, 142, -1, -1, 410, -1, 143, -1, -1, -1, 185, -1, -1, 278, -1, -1, -1, 347, 328, 453, 215, -1, -1, 250, -1, -1, -1, 53, 284, 448, 270, -1, -1, -1, 355, 283, -1, 334, 267, 272, 378, -1, 182, -1, -1, -1, 333, 272, -1, 383, -1, -1, -1, -1, -1, -1, 158, 280, -1, -1, 335, -1, -1, -1, -1, -1, -1, 82, 412, -1, 132, -1, -1, -1, -1, -1, -1, -1, -1, -1, -1, -1, -1, 379, -1, 126, 356, 51, -1, 294, -1, -1, -1, -1, 262, -1, 273, 226, 383, -1, -1, 349, -1, -1, -1, -1, 332, -1, -1, -1, 50, -1, -1, -1, -1, -1, -1, -1, 121, -1, 259, -1, -1, 304, -1, -1, -1, -1, -1, -1, -1, -1, 250, 114, -1, -1, 269, -1, -1, 197, -1, -1, -1, 225, 204, -1, 177, 247, -1, -1, -1, 105, -1, 363, 333, -1, 293, -1, 296, -1, -1, 297, 320, 105, -1, 156, -1, -1, -1, 344, -1, -1, 355, 248, 260, 268, -1, -1, -1, -1, -1, -1, 305, 130, -1, 371, 265, 340, -1, 95, -1, -1, 292, 287, 146, -1, 77, 142, -1, 349, 105, -1, -1, -1, 353, -1, 203, -1, -1, -1, 316, -1, -1, 151, -1, 251, -1, -1, 461, 381, 343, -1, -1, 224, 270, 362, -1, -1, -1, -1, -1, 213, -1, -1, -1, -1, -1, -1, -1, -1, -1, 199, -1, -1, -1, 41, -1, -1, -1, -1, -1, -1, -1, 367, -1, 387, -1, -1, 220, 156, -1, -1, 199, 424, 441, 367, 151, -1, -1, -1, 801, 184, 270, -1, 354, -1, 229, -1, -1, -1, -1, 544, 394, 427, -1, -1, -1, -1, -1, -1, -1, 231, -1, 368, -1, 406, -1, -1, -1, -1, 363, -1, 367, -1, -1, -1, -1, -1, 222, 409, -1, 157, 221, 359, -1, 231, 442, -1, -1, -1, -1, -1, 99, -1, -1, 233, 448, -1, -1, -1, -1, -1, 126, 228, -1, -1, 104, -1, -1, 417, -1, -1, -1, 154, 251, -1, 351, 410, -1, -1, 333, 353, -1, -1, -1, -1, -1, -1, -1, -1, -1, 369, -1, -1, -1, 435, -1, -1, -1, 61, -1, -1, -1, 163, -1, 291, -1, 305, 107, 332, 252, 547, -1, -1, 301, -1, -1, -1, 115, -1, 207, -1, 166, -1, -1, 399, -1, -1, -1, -1, -1, -1, 387, -1, -1, -1, 295, 228, 332, 542, -1, -1, 343, 277, 296, -1, 530, -1, -1, -1, -1, 231, -1, -1, 126, -1, 615, 175, 287, 515, 347, -1, -1, -1, 435, 281, -1, 295, 272, 119, 414, -1, 145, -1, -1, -1, 185, 143, 158, 332, 293, 203, -1, -1, -1, 295, -1, 345, -1, -1, 283, -1, -1, 269, -1, -1, -1, 240, 406, -1, 178, -1, -1, -1, 273, -1, -1, 226, 122, 172, 27, -1, -1, -1, 92, -1, -1, -1, 120, -1, 109, -1, 215, -1, -1, -1, -1, -1, 280, -1, -1, -1, -1, -1, -1, 228, 345, -1, -1, -1, -1, -1, -1, -1, 291, -1, -1, 281, -1, -1, -1, 410, -1, -1, 342, -1, -1, -1, -1, -1, -1, 432, -1, -1, -1, -1, -1, -1, -1, -1, -1, 236, -1, -1, -1, 260, -1, -1, -1, -1, 296, -1, 220, 222, -1, 332, -1, -1, -1, 339, -1, 308, 24, 228, -1, 147, 354, -1, -1, -1, -1, 269, 136, -1, 234, 353, 405, -1, -1, -1, -1, 148, -1, -1, -1, -1, -1, -1, -1, -1, -1, 181, -1, -1, -1, 146, -1, -1, -1, -1, -1, -1, 156, 409, -1, 542, -1, -1, 339, -1, -1, -1, 315, -1, 557, 483, 43, -1, -1, -1, -1, 328, 330, -1, 508, -1, 73, -1, -1, -1, -1, -1, -1, 360, -1, 97, 358, 26, -1, 253, -1, -1, -1, -1, 247, -1, 239, 185, 335, 50, -1, 316, -1, -1, -1, -1, 283, -1, -1, -1, -1, -1, -1, -1, -1, -1, -1, 382, 145, -1, 213, -1, -1, 303, -1, -1, -1, -1, -1, -1, -1, -1, 245, 321, -1, -1, 391, -1, -1, -1, -1, 387, -1, 223, -1, -1, -1, -1, -1, -1, 297, -1, -1, 157, 369, -1, -1, -1, 308, -1, -1, -1, 318, 338, -1, 229, -1, -1, -1, 330, -1, -1, 233, -1, -1, 78, 604, -1, -1, -1, -1, 410, -1, -1, -1, -1, -1, -1, -1, -1, -1, 214, -1, -1, -1, 239, -1, -1, -1, -1, 320, -1, 199, 221, -1, 343, -1, -1, 24, 315, -1, 318, -1, 252, -1, 170, 330, -1, -1, -1, -1, 262, 129, -1, 250, -1, 381, -1, -1, -1, -1, -1, 349, 217, -1, -1, -1, -1, -1, 213, -1, -1, 280, 322, 288, -1, 226, 278, -1, -1, 105, 151, 424, 359, -1, 277, 269, -1, 228, -1, -1, 338, 252, -1, -1, 128, -1, -1, -1, 447, -1, 380, 322, -1, 156, 332, -1, 503, 282, 203, 314, 482, -1, -1, 270, -1, -1, -1, 298, -1, 182, -1, 422, -1, -1, 424, -1, -1, -1, -1, -1, -1, 441, -1, -1, 296, -1, 291, -1, 557, -1, -1, -1, -1, -1, -1, 524, -1, -1, -1, -1, 271, -1, -1, 405, -1, -1, -1, -1, -1, -1, 579, 322, 256, -1, -1, -1, -1, -1, 330, -1, 355, -1, 291, -1, 406, 327, -1, -1, -1, 156, 251, 367, 231, 435, -1, -1, -1, 147, 483, -1, 229, 170, 128, -1, -1, 500, -1, -1, 427, -1, -1, 202, -1, 232, 245, 546, -1, -1, -1, -1, 106, -1, -1, -1, -1, -1, -1, -1, -1, -1, 218, -1, -1, -1, 130, -1, -1, -1, -1, -1, -1, 151, 442, -1, 530, -1, -1, 354, 43, -1, -1, 330, -1, 524, 500, -1, -1, -1, -1, -1, 308, 359, -1, 505, -1, 92, 92, 318, 436, 264, -1, -1, -1, 340, 314, -1, 377, 302, 352, 388, -1, 245, -1, -1, -1, -1, 347, 82, -1, -1, -1, -1, -1, -1, -1, 240, 281, -1, -1, 382, -1, -1, -1, -1, -1, -1, -1, 435, -1, 169, -1, -1, -1, -1, -1, -1, 465, -1, -1, -1, -1, -1, -1, -1, 131, -1, 122, -1, 395, -1, -1, -1, -1, 383, -1, 385, 328, 412, 121, -1, 461, -1, -1, -1, -1, 406, -1, -1, -1, 145, -1, -1, -1, -1, -1, -1, 435, -1, -1, 280, -1, -1, 423, -1, -1, -1, -1, -1, -1, -1, -1, 105, 252, -1, -1, 156, -1, -1, -1, -1, -1, -1, 136, 297, -1, 389, 453, -1, -1, 344, 381, -1, -1, 61, -1, -1, -1, -1, -1, -1, 330, -1, 447, -1, 427, -1, -1, -1, -1, -1, -1, -1, 214, -1, 253, -1, 185, -1, -1, 401, -1, -1, -1, -1, 152, -1, 208, -1, 248, -1, -1, 280, -1, 365, -1, 290, 215, 132, 259, -1, 343, 801, -1, -1, -1, 178, -1, -1, -1, 213, -1, -1, -1, -1, -1, -1, 169, 280, -1, -1, -1, -1, -1, -1, -1, -1, -1, 314, 429, -1, 315, -1, -1, 448, -1, -1, -1, 328, -1, 331, 371, -1, -1, -1, 182, -1, -1, -1, -1, -1, -1, 184, -1, -1, 231, -1, 410, 269, 328, -1, -1, 262, 380, 271, -1, 308, -1, -1, -1, -1, -1, -1, -1, 252, -1, 397, -1, -1, -1, -1, 457, -1, -1, -1, -1, -1, -1, -1, -1, -1, 168, -1, -1, -1, 311, -1, -1, -1, -1, 355, -1, 270, 99, -1, -1, -1, -1, 136, 330, -1, 233, 129, 322, -1, 202, 359, -1, -1, -1, -1, -1, -1, -1, 365, 300, 380, -1, -1, -1, -1, -1, 199, 136, -1, 396, 59, 328, -1, 267, -1, -1, -1, 207, 93, -1, 199, 250, -1, 304, 248, 224, -1, -1, 163, -1, -1, -1, -1, -1, 303, -1, -1, -1, -1, -1, -1, -1, 423, 214, -1, -1, -1, -1, -1, 349, -1, -1, 221, 457, 363, 546, -1, -1, 422, -1, -1, -1, 222, 285, 332, 457, 200, -1, -1, 378, 329, -1, -1, -1, 260, 270, 354, -1, -1, 126, 273, 342, 234, 508, -1, -1, 250, 156, 405, 232, 505, -1, -1, -1, -1, 252, 365, -1, -1, -1, 580, -1, -1, -1, -1, -1, 169, 266, -1, -1, 318, -1, -1, -1, -1, 459, -1, 148, -1, -1, -1, -1, -1, -1, 268, 362, -1, 233, 291, -1, -1, -1, 353, -1, -1, 78, -1, 332, -1, 245, -1, -1, -1, 253, -1, -1, 300, 349, -1, -1, -1, -1, -1, 806, -1, 163, -1, -1, -1, -1, -1, -1, -1, -1, -1, 218, -1, -1, -1, 217, -1, -1, -1, -1, -1, -1, 229, 448, -1, 615, -1, -1, 405, 73, -1, 604, 381, -1, -1, 546, 92, -1, -1, -1, -1, 397, 380, -1, 580, -1, -1 ]);


%% Successor variables: succ[i] = next location after i in the tour.
array[Locations] of var Locations: succ;

%% Only use allowed legs (edges present in the transport network).
constraint forall(loc1, loc2 in Locations)(
  travelTime[loc1, loc2] < 0 -> succ[loc1] != loc2
);

%% Successors must form a Hamiltonian circuit.
constraint circuit(succ);

%% Variable for the length of the longest leg.
var 1..maxLegLen: maxleg;

%% Link maxleg to actual travel times used in the tour.
constraint forall(loc1, loc2 in Locations)(
  succ[loc1] = loc2 -> maxleg >= travelTime[loc1, loc2]
);

solve :: int_search(succ, input_order, indomain_min, complete)
      minimize maxleg;

output [
  "succ = ", show(succ), "\n",
  "maxleg = ", show(maxleg), "\n"
];
