%% Circuit-constraint benchmark instance
%% Generated by generate_instances.py
%% Method: Francis & Stuckey (2014) "Explaining circuit propagation"
%%
%% Model: minimise the length of the longest leg (maxleg).
%%        Successor variables must form a Hamiltonian circuit using only
%%        edges present in the transport network (travelTime >= 0).
%%        This matches the MiniZinc model in Figure 1 of the paper.
%%
%% Instance parameters
%%   n              = 50
%%   k              = 15
%%   seed           = 65
%%   knn_edges      = 452   (undirected edges from k-nearest step)
%%   walk_edges     = 2  (undirected edges added by random walk)
%%   total_edges    = 454
%%   walk_fraction  = 0.0044  (walk_edges / total_edges)
%%
%% NOTE: a walk_fraction above 0.20 may indicate a near-degenerate instance
%%       in which the random walk dominates the graph structure.

include "globals.mzn";

int: n = 50;
set of int: Locations = 1..n;

%% Maximum possible travel time; used as the upper bound for maxleg.
int: maxLegLen = 990;

%% Travel times between locations (–1 means no direct connection exists).
array[Locations, Locations] of int: travelTime =
  array2d(Locations, Locations, [ -1, -1, 287, -1, 531, 148, -1, 408, -1, -1, 285, 180, -1, 247, -1, -1, -1, 349, 281, -1, -1, -1, 157, -1, -1, 321, -1, -1, -1, 221, -1, 344, -1, -1, -1, -1, 195, -1, 212, 129, -1, 174, -1, -1, -1, 284, -1, 433, -1, -1, -1, -1, 334, -1, 376, 336, 261, -1, -1, 383, -1, 279, -1, 214, -1, 346, -1, 191, -1, -1, -1, -1, -1, 143, 180, -1, -1, 241, -1, -1, 423, -1, 92, 245, 441, 483, 278, -1, 355, -1, -1, -1, -1, -1, -1, -1, -1, 313, -1, -1, 287, 334, -1, 209, -1, 289, 146, -1, -1, 383, -1, 191, -1, 187, 157, 324, -1, 366, 377, -1, -1, -1, -1, -1, 504, 291, -1, 200, -1, 278, -1, -1, 255, 203, -1, -1, 150, -1, 75, 323, 95, -1, -1, -1, -1, -1, -1, -1, 370, -1, -1, -1, 209, -1, -1, -1, -1, -1, 290, -1, 352, -1, 303, -1, 150, -1, 328, -1, 268, 251, 375, 247, -1, -1, -1, 132, 157, -1, 334, 199, -1, -1, -1, -1, -1, -1, -1, 267, 217, 312, 166, -1, -1, -1, 223, -1, 183, -1, -1, 214, 531, 376, -1, -1, -1, 390, -1, -1, -1, -1, -1, 437, -1, 420, -1, -1, -1, 241, -1, -1, -1, -1, 471, 357, 262, -1, -1, -1, -1, -1, -1, -1, 388, -1, -1, -1, 471, -1, 581, -1, -1, 595, -1, -1, -1, 364, -1, 101, -1, -1, 148, 336, 289, -1, 390, -1, -1, 537, -1, -1, 433, 104, -1, 153, -1, -1, -1, 202, -1, -1, -1, -1, 184, -1, 421, -1, -1, -1, -1, 349, -1, 462, 255, -1, -1, -1, 143, -1, 232, 276, -1, 276, -1, -1, -1, 234, -1, 290, -1, -1, -1, 261, 146, -1, -1, -1, -1, -1, 268, 246, -1, 269, -1, 226, 195, 187, -1, -1, -1, -1, -1, -1, -1, 388, 441, -1, -1, 55, -1, -1, 316, -1, 215, 57, 409, 439, 233, -1, 214, -1, 152, -1, 326, 368, -1, -1, -1, -1, 265, 463, 408, -1, -1, -1, -1, 537, -1, -1, -1, -1, 255, 589, -1, -1, -1, -1, -1, -1, 341, -1, -1, -1, 387, -1, -1, 482, 487, -1, 557, 407, -1, 89, -1, -1, -1, -1, -1, -1, 581, 329, -1, 267, -1, -1, -1, 499, -1, -1, -1, -1, -1, -1, -1, 290, -1, -1, 268, -1, -1, 272, -1, -1, 304, -1, 167, 244, 222, -1, -1, 268, -1, 369, -1, -1, -1, -1, -1, 282, -1, -1, 330, -1, -1, 278, 461, 469, -1, 366, -1, -1, 217, -1, 108, 124, 353, -1, -1, -1, 158, 290, -1, 383, 383, -1, -1, -1, 246, -1, 272, -1, -1, -1, -1, -1, 345, 59, -1, -1, -1, -1, -1, -1, -1, 446, -1, -1, -1, 204, -1, -1, 74, 990, -1, 199, 195, 212, -1, -1, -1, -1, 344, -1, 236, 283, -1, -1, -1, -1, 131, -1, 285, -1, -1, 352, -1, 433, -1, 255, -1, -1, -1, -1, -1, -1, -1, -1, -1, -1, 87, -1, -1, -1, 368, -1, -1, 228, 234, -1, 343, 166, -1, 259, -1, -1, -1, -1, -1, -1, 380, 157, -1, 265, -1, -1, -1, -1, 372, -1, -1, -1, 180, 279, 191, -1, 437, 104, 269, 589, -1, -1, -1, -1, -1, 66, -1, -1, -1, 209, -1, -1, -1, -1, 275, 412, 404, -1, -1, 304, -1, 321, -1, 523, 188, 309, -1, -1, 41, -1, 146, 286, 286, 344, -1, -1, -1, 337, -1, 337, -1, -1, -1, -1, -1, 303, -1, -1, -1, -1, 304, -1, -1, -1, -1, -1, 331, -1, 113, -1, -1, 54, 245, 130, -1, -1, -1, -1, 347, -1, 339, -1, -1, -1, -1, -1, -1, -1, -1, 107, -1, -1, -1, -1, 365, 335, 135, -1, 209, -1, -1, 94, 247, 214, 187, -1, 420, 153, 226, -1, -1, -1, -1, 66, -1, -1, -1, -1, -1, 180, -1, -1, -1, -1, 334, 351, 351, -1, -1, 254, -1, -1, -1, -1, 123, 259, -1, -1, 67, -1, 168, -1, 278, 409, -1, -1, -1, 379, -1, 323, -1, -1, -1, -1, 157, 150, -1, -1, 195, -1, 167, 345, -1, -1, 331, -1, -1, 294, 303, -1, -1, 279, 482, 334, -1, -1, -1, 279, 307, 238, -1, 322, 417, -1, -1, 238, -1, -1, -1, 343, 215, -1, 63, -1, 272, 292, 311, -1, 302, -1, 280, 269, -1, 346, 324, -1, -1, -1, 187, -1, 244, 59, -1, -1, -1, -1, 294, -1, -1, -1, -1, -1, -1, -1, -1, 426, 507, -1, -1, 148, -1, -1, 132, -1, -1, 142, 244, 266, -1, -1, -1, -1, 289, -1, 232, 281, -1, -1, -1, -1, 132, -1, -1, -1, -1, 328, -1, -1, -1, -1, 222, -1, -1, -1, 113, -1, 303, -1, -1, -1, -1, 116, 358, 233, -1, -1, -1, -1, -1, -1, -1, -1, -1, -1, -1, -1, -1, -1, -1, 214, -1, -1, 367, -1, 262, 227, 230, -1, 294, -1, 358, 168, 349, 191, 366, -1, 241, 202, -1, -1, -1, -1, -1, 209, -1, 180, -1, -1, -1, -1, -1, -1, -1, -1, 358, 267, 221, -1, -1, -1, -1, -1, -1, -1, 161, -1, -1, -1, 237, -1, 346, -1, -1, -1, -1, -1, -1, 328, -1, 149, -1, -1, 281, -1, 377, 268, -1, -1, -1, 341, -1, -1, 87, -1, -1, -1, -1, -1, -1, -1, -1, -1, 421, -1, -1, -1, -1, 141, 149, -1, 290, 99, -1, 341, -1, -1, -1, -1, -1, -1, 325, 157, -1, 313, -1, -1, 366, -1, 291, -1, -1, -1, -1, -1, -1, 251, -1, -1, -1, -1, 268, -1, -1, -1, 54, -1, 279, -1, 116, -1, -1, -1, 258, 119, -1, -1, -1, 323, 308, -1, 330, -1, -1, -1, -1, -1, -1, -1, -1, 105, -1, -1, -1, -1, 341, 317, 114, -1, 179, -1, -1, 53, -1, -1, -1, 375, -1, -1, -1, -1, -1, -1, -1, -1, 245, -1, 482, -1, 358, -1, 421, 258, -1, 153, -1, -1, -1, 348, 304, -1, 150, 447, -1, -1, -1, -1, -1, -1, -1, 155, -1, -1, -1, -1, -1, -1, 173, -1, 192, -1, -1, 231, -1, -1, -1, 247, -1, -1, -1, -1, 369, -1, -1, -1, 130, -1, 334, -1, 233, -1, -1, 119, 153, -1, -1, -1, -1, 268, 237, -1, 212, 374, -1, -1, -1, -1, -1, -1, -1, 28, -1, -1, -1, -1, -1, -1, 24, -1, 92, -1, -1, 80, 157, -1, -1, -1, 471, 184, -1, 387, -1, -1, 368, 275, -1, 334, -1, -1, -1, 358, -1, -1, -1, -1, -1, -1, -1, -1, -1, -1, -1, 361, -1, 303, -1, -1, -1, -1, 307, -1, 359, 243, -1, 124, -1, -1, -1, 145, -1, 386, -1, -1, -1, 143, -1, -1, 357, -1, 388, -1, -1, 446, -1, 412, -1, 351, -1, 426, -1, 267, -1, -1, -1, -1, -1, -1, 97, -1, -1, 356, -1, -1, -1, -1, 232, 359, 441, 484, 417, -1, -1, -1, -1, -1, -1, -1, -1, -1, -1, 332, -1, -1, -1, 180, 504, -1, 262, 421, 441, -1, -1, -1, -1, 404, -1, 351, -1, 507, -1, 221, -1, -1, -1, -1, -1, 97, -1, -1, -1, 418, -1, -1, -1, -1, 250, 422, -1, -1, 418, -1, -1, -1, -1, -1, -1, -1, -1, -1, -1, 249, -1, -1, 321, -1, 291, 132, -1, -1, -1, 482, -1, -1, 228, -1, -1, -1, 279, -1, -1, -1, 141, 323, 348, 268, -1, -1, -1, -1, 48, -1, 258, 106, -1, 476, -1, -1, -1, -1, -1, 294, 264, 232, 281, 412, -1, -1, 248, -1, 177, -1, -1, 274, -1, -1, -1, 157, -1, -1, -1, 487, -1, -1, 234, -1, 347, -1, 307, -1, -1, -1, 149, 308, 304, 237, -1, -1, -1, 48, -1, -1, 210, 144, -1, 490, -1, -1, -1, -1, -1, 265, -1, 266, -1, -1, -1, -1, 220, -1, 145, -1, -1, 256, -1, 241, 200, -1, -1, -1, 55, -1, 282, 204, -1, 304, -1, 254, 238, 148, -1, -1, -1, -1, -1, -1, -1, 356, 418, -1, -1, -1, -1, -1, 271, -1, 215, 6, 357, 389, 272, -1, 266, -1, 203, -1, 323, 368, -1, -1, -1, -1, 247, -1, -1, -1, -1, 334, -1, -1, -1, 557, -1, -1, 343, -1, 339, -1, -1, -1, -1, -1, 290, 330, 150, 212, -1, -1, -1, 258, 210, -1, -1, 339, -1, -1, -1, -1, -1, -1, -1, 233, -1, 443, -1, -1, -1, -1, 217, -1, 177, -1, -1, 284, 221, -1, 278, 199, -1, 349, -1, 407, -1, -1, 166, 321, -1, -1, 322, -1, -1, -1, 99, -1, 447, 374, 361, -1, -1, 106, 144, -1, 339, -1, -1, 387, -1, -1, -1, -1, 304, -1, 226, 125, 303, 307, -1, -1, 354, -1, 283, -1, -1, -1, -1, 423, -1, -1, -1, -1, 316, -1, 330, 74, -1, -1, -1, -1, 417, 132, -1, -1, -1, -1, -1, -1, -1, -1, -1, -1, -1, 271, -1, -1, -1, -1, 448, 266, 132, 142, -1, -1, -1, -1, 418, -1, 274, 317, -1, -1, -1, -1, 176, -1, 344, -1, -1, -1, -1, 462, -1, 89, -1, 990, 259, 523, -1, -1, -1, -1, -1, -1, 341, -1, -1, -1, 303, -1, -1, 476, 490, -1, -1, 387, -1, -1, -1, -1, -1, -1, 539, -1, 534, 288, -1, 187, -1, -1, -1, 410, -1, -1, -1, -1, -1, 92, 255, -1, 388, 255, 215, -1, -1, -1, -1, 188, -1, 123, -1, -1, -1, 161, -1, -1, -1, -1, -1, 232, 250, -1, -1, 215, -1, -1, 448, -1, -1, 220, 489, 529, 186, -1, 267, -1, 327, -1, -1, -1, -1, 454, -1, 307, -1, -1, -1, 245, 203, -1, -1, -1, 57, -1, 278, 199, -1, 309, -1, 259, 238, 142, -1, -1, -1, -1, -1, -1, -1, 359, 422, -1, -1, 6, -1, -1, 266, -1, 220, -1, 354, 385, 277, -1, 269, -1, 203, -1, 318, 363, -1, -1, -1, -1, 242, -1, -1, 441, -1, -1, -1, -1, 409, -1, 461, 195, -1, -1, -1, -1, -1, 244, -1, -1, -1, -1, -1, -1, -1, 441, -1, -1, -1, 357, -1, -1, 132, -1, 489, 354, -1, 43, -1, -1, -1, -1, 531, -1, 403, 445, -1, -1, -1, -1, 308, -1, -1, 483, -1, -1, -1, -1, 439, -1, 469, 212, -1, -1, -1, -1, -1, 266, -1, -1, -1, -1, -1, -1, -1, 484, -1, -1, -1, 389, -1, -1, 142, -1, 529, 385, 43, -1, -1, -1, -1, -1, 555, -1, 402, 441, -1, -1, -1, -1, 312, -1, 195, 278, 150, -1, 471, 143, 233, -1, -1, -1, -1, 41, -1, 67, -1, -1, -1, 237, -1, -1, -1, -1, 307, 417, 418, -1, -1, 272, -1, 304, -1, 539, 186, 277, -1, -1, -1, -1, 110, 286, 244, 365, -1, -1, -1, 377, -1, 371, -1, -1, -1, -1, -1, 267, -1, -1, -1, -1, 366, -1, -1, -1, 107, -1, 343, -1, 214, -1, -1, 105, 155, 28, -1, -1, -1, 294, 265, -1, 233, -1, -1, -1, -1, -1, -1, -1, -1, -1, -1, -1, 395, -1, -1, -1, 47, -1, 120, -1, -1, 78, 212, 355, 75, 217, 581, 232, 214, 581, -1, -1, 380, 146, -1, 168, 215, -1, -1, 346, 325, -1, -1, -1, 359, -1, -1, 264, -1, 266, -1, 226, -1, 534, 267, 269, -1, -1, 110, -1, -1, 252, 158, 382, -1, -1, -1, 456, -1, 481, -1, -1, 129, -1, 323, 312, -1, 276, -1, 329, -1, -1, 157, 286, -1, -1, -1, -1, -1, -1, 157, -1, -1, -1, 243, -1, -1, 232, 266, -1, 443, 125, -1, 288, -1, -1, -1, -1, 286, -1, 252, -1, -1, 182, -1, -1, -1, 386, -1, -1, -1, -1, -1, -1, 95, 166, -1, -1, 152, -1, 217, 344, -1, 286, -1, 278, 63, 289, 367, -1, -1, -1, -1, -1, -1, -1, -1, 281, -1, 203, -1, 303, 418, -1, 327, 203, 531, 555, 244, 395, 158, -1, -1, -1, 314, 340, -1, -1, -1, -1, 303, 323, 174, -1, -1, -1, 595, 276, -1, 267, -1, -1, 265, 344, -1, 409, -1, -1, -1, -1, 313, -1, -1, -1, 124, -1, -1, 412, -1, -1, -1, 307, -1, 187, -1, -1, -1, -1, 365, -1, 382, 182, -1, -1, -1, -1, -1, 257, -1, 509, -1, -1, -1, -1, -1, -1, -1, -1, 326, -1, 108, 236, -1, -1, 365, -1, 272, 232, 262, -1, -1, 341, -1, -1, -1, -1, -1, -1, -1, 323, -1, -1, 274, -1, -1, 318, 403, 402, -1, -1, -1, -1, 314, -1, -1, 49, -1, -1, -1, -1, 105, 373, -1, -1, -1, -1, -1, -1, 368, -1, 124, 283, -1, -1, 335, -1, 292, 281, 227, -1, -1, 317, -1, -1, -1, -1, -1, -1, -1, 368, -1, -1, 317, -1, -1, 363, 445, 441, -1, -1, -1, -1, 340, -1, 49, -1, -1, -1, -1, -1, 153, 354, -1, -1, -1, 223, -1, -1, -1, -1, 353, -1, -1, -1, 135, -1, 311, -1, 230, -1, 366, 114, 173, 24, -1, -1, -1, 248, 220, -1, 217, 354, -1, -1, -1, -1, -1, -1, -1, 47, -1, -1, -1, -1, -1, -1, -1, -1, 76, -1, -1, 68, 284, -1, -1, -1, 364, 234, -1, 499, -1, -1, -1, 337, -1, 379, -1, -1, -1, 328, -1, -1, -1, -1, 145, -1, -1, -1, -1, -1, -1, -1, -1, 410, 454, -1, -1, -1, 377, -1, 456, 386, -1, 257, -1, -1, -1, -1, -1, 298, -1, -1, -1, -1, -1, 183, -1, -1, -1, -1, -1, -1, 372, -1, 209, -1, 302, -1, 294, -1, 291, 179, 192, 92, -1, -1, -1, 177, 145, -1, 177, 283, -1, -1, -1, -1, -1, -1, -1, 120, -1, -1, -1, -1, -1, -1, 76, -1, -1, -1, -1, 126, 433, 313, -1, -1, 101, 290, -1, -1, -1, -1, -1, 337, -1, 323, -1, -1, -1, 149, -1, -1, -1, -1, 386, 332, 249, -1, -1, -1, -1, -1, -1, -1, 307, -1, -1, -1, 371, -1, 481, -1, -1, 509, -1, -1, -1, 298, -1, -1, -1, -1, -1, -1, 370, -1, -1, -1, 265, -1, 158, 131, -1, -1, -1, -1, 280, 132, 358, -1, -1, -1, -1, -1, -1, -1, -1, -1, -1, 247, -1, -1, 176, -1, -1, 242, 308, 312, -1, -1, -1, -1, 303, -1, 105, 153, -1, -1, -1, -1, -1, -1, -1, -1, -1, 214, -1, -1, 463, -1, 290, -1, -1, -1, 94, -1, 269, -1, 168, -1, -1, 53, 231, 80, -1, -1, -1, 274, 256, -1, 284, -1, -1, -1, -1, -1, -1, -1, -1, 78, -1, -1, 323, -1, 373, 354, 68, -1, 126, -1, -1, -1 ]);


%% Successor variables: succ[i] = next location after i in the tour.
array[Locations] of var Locations: succ;

%% Only use allowed legs (edges present in the transport network).
constraint forall(loc1, loc2 in Locations)(
  travelTime[loc1, loc2] < 0 -> succ[loc1] != loc2
);

%% Successors must form a Hamiltonian circuit.
constraint circuit(succ);

%% Variable for the length of the longest leg.
var 1..maxLegLen: maxleg;

%% Link maxleg to actual travel times used in the tour.
constraint forall(loc1, loc2 in Locations)(
  succ[loc1] = loc2 -> maxleg >= travelTime[loc1, loc2]
);

solve :: int_search(succ, input_order, indomain_min, complete)
      minimize maxleg;

output [
  "succ = ", show(succ), "\n",
  "maxleg = ", show(maxleg), "\n"
];
