%% Circuit-constraint benchmark instance
%% Generated by generate_instances.py
%% Method: Francis & Stuckey (2014) "Explaining circuit propagation"
%%
%% Model: minimise the length of the longest leg (maxleg).
%%        Successor variables must form a Hamiltonian circuit using only
%%        edges present in the transport network (travelTime >= 0).
%%        This matches the MiniZinc model in Figure 1 of the paper.
%%
%% Instance parameters
%%   n              = 50
%%   k              = 15
%%   seed           = 62
%%   knn_edges      = 450   (undirected edges from k-nearest step)
%%   walk_edges     = 2  (undirected edges added by random walk)
%%   total_edges    = 452
%%   walk_fraction  = 0.0044  (walk_edges / total_edges)
%%
%% NOTE: a walk_fraction above 0.20 may indicate a near-degenerate instance
%%       in which the random walk dominates the graph structure.

include "globals.mzn";

int: n = 50;
set of int: Locations = 1..n;

%% Maximum possible travel time; used as the upper bound for maxleg.
int: maxLegLen = 1099;

%% Travel times between locations (–1 means no direct connection exists).
array[Locations, Locations] of int: travelTime =
  array2d(Locations, Locations, [ -1, 78, -1, -1, 1099, 57, -1, -1, -1, -1, -1, -1, 134, -1, 136, -1, 261, -1, -1, -1, -1, -1, 213, -1, -1, 273, 492, 361, -1, 291, 263, 432, 276, -1, -1, -1, -1, -1, -1, -1, -1, -1, -1, -1, 345, -1, 266, -1, -1, -1, 78, -1, -1, -1, -1, 68, -1, -1, -1, -1, -1, -1, 77, -1, 74, -1, 284, -1, -1, -1, -1, -1, 181, -1, -1, 277, 512, 317, -1, 350, 302, 452, 333, -1, -1, -1, -1, -1, -1, -1, -1, -1, -1, -1, 311, -1, 332, -1, -1, -1, -1, -1, -1, 405, 310, -1, -1, 134, 331, -1, -1, 297, -1, -1, -1, -1, -1, 336, 337, -1, -1, 450, -1, 101, -1, -1, -1, -1, -1, -1, -1, -1, -1, 247, 225, 531, 469, 122, -1, 461, -1, 295, 308, -1, -1, -1, -1, 348, -1, 374, -1, -1, 405, -1, 493, -1, 236, 313, 83, 354, 280, 234, -1, 47, -1, 104, -1, 289, 231, 429, 291, -1, -1, -1, 110, -1, 188, -1, -1, -1, -1, 241, -1, 158, 493, -1, -1, 394, -1, -1, 165, 238, 358, 335, -1, -1, -1, 120, -1, -1, 1099, -1, 310, 493, -1, -1, 490, 403, 413, -1, 424, 529, -1, -1, -1, -1, -1, 230, -1, -1, -1, -1, -1, 409, -1, -1, -1, -1, -1, -1, -1, -1, -1, 392, 103, -1, -1, 428, -1, -1, -1, 259, 148, -1, -1, -1, -1, 379, -1, -1, 57, 68, -1, -1, -1, -1, -1, -1, -1, -1, -1, -1, 144, -1, 141, -1, 315, -1, -1, -1, -1, -1, 242, -1, -1, 321, 546, 383, -1, 347, 320, 485, 333, -1, -1, -1, -1, -1, -1, -1, -1, -1, -1, -1, 374, -1, 319, -1, -1, -1, -1, -1, -1, 236, 490, -1, -1, -1, 249, 263, 85, -1, -1, 220, -1, 174, -1, 264, -1, 249, 109, -1, -1, -1, 232, -1, -1, -1, 457, -1, -1, -1, -1, 340, -1, -1, -1, -1, -1, -1, 166, 265, 344, 110, -1, 443, -1, 205, -1, -1, -1, -1, 134, 313, 403, -1, -1, -1, 255, -1, -1, 164, -1, 358, -1, -1, -1, 349, 204, -1, -1, 442, -1, 130, -1, -1, -1, -1, -1, -1, -1, -1, -1, 162, 337, 510, 445, 81, -1, 431, -1, 291, 352, -1, -1, -1, -1, 293, -1, 281, -1, -1, 331, 83, 413, -1, 249, 255, -1, -1, 268, 222, -1, 127, -1, 172, -1, 221, 233, -1, 330, -1, -1, 379, 191, -1, 263, -1, -1, -1, -1, -1, -1, 94, 410, -1, -1, 337, -1, -1, 231, 164, 283, 358, -1, -1, -1, 62, -1, -1, -1, -1, -1, 354, -1, -1, 263, -1, -1, -1, 343, -1, -1, 310, -1, 251, -1, -1, -1, 151, 164, -1, -1, -1, 261, -1, 347, -1, 206, -1, -1, -1, -1, -1, -1, -1, -1, -1, 286, -1, 190, -1, -1, 227, -1, 184, -1, -1, 230, -1, -1, -1, -1, 280, 424, -1, 85, -1, 268, 343, -1, -1, -1, 277, -1, 243, -1, 208, -1, 304, 182, -1, -1, -1, 302, -1, -1, -1, 530, -1, -1, -1, -1, -1, 481, -1, -1, -1, -1, -1, 247, 228, 282, 149, -1, -1, -1, 211, -1, -1, -1, -1, 297, 234, 529, -1, -1, 164, 222, -1, -1, -1, -1, 269, -1, -1, -1, -1, 40, -1, -1, 506, -1, 280, -1, -1, 270, 279, -1, -1, -1, 276, -1, 159, 482, 554, 491, 221, -1, 472, -1, -1, -1, -1, 255, -1, -1, 281, -1, 255, 134, 77, -1, -1, -1, 144, -1, -1, -1, -1, -1, -1, -1, -1, 10, -1, 247, -1, -1, -1, -1, -1, 109, -1, -1, 225, -1, 240, -1, 349, 279, 406, 330, -1, -1, -1, -1, -1, -1, -1, -1, -1, -1, -1, 236, -1, 344, -1, -1, 440, -1, -1, -1, 47, -1, -1, 220, 358, 127, 310, 277, 269, -1, -1, -1, 64, -1, 318, 260, 392, 260, -1, -1, -1, 64, -1, 166, -1, 510, -1, -1, 223, -1, 205, -1, -1, -1, -1, 402, -1, 122, 272, 391, 311, -1, 479, -1, 152, -1, -1, 136, 74, -1, -1, -1, 141, -1, -1, -1, -1, -1, -1, 10, -1, -1, -1, 258, -1, -1, -1, -1, -1, 117, -1, -1, 235, -1, 244, -1, 359, 290, 416, 340, -1, -1, 662, 634, -1, -1, 612, -1, -1, -1, -1, 242, -1, 352, -1, -1, 442, -1, -1, -1, 104, -1, -1, 174, -1, 172, 251, 243, -1, -1, 64, -1, -1, -1, 327, -1, 329, 199, -1, -1, -1, 60, -1, 195, -1, 454, -1, -1, 255, -1, 259, -1, -1, -1, -1, 379, -1, 61, 292, 405, 254, -1, 425, -1, 176, 390, -1, 261, 284, -1, -1, -1, 315, -1, -1, -1, -1, -1, -1, 247, -1, 258, -1, -1, -1, -1, -1, -1, -1, 181, -1, -1, 68, 231, 274, -1, 170, 61, 171, 151, -1, -1, -1, -1, -1, 355, -1, -1, -1, -1, -1, 226, -1, 204, -1, -1, -1, -1, -1, 336, 289, 230, -1, 264, 349, 221, -1, 208, -1, -1, 318, -1, 327, -1, -1, -1, -1, -1, -1, -1, -1, -1, -1, -1, -1, -1, -1, -1, -1, -1, 247, 274, -1, -1, -1, -1, -1, -1, 64, 82, 355, -1, -1, -1, 169, -1, -1, -1, -1, 337, 231, -1, -1, -1, 204, 233, -1, -1, 40, -1, 260, -1, -1, -1, -1, -1, -1, -1, 526, 343, 318, 294, 274, 239, 255, -1, -1, -1, 240, -1, 184, 519, 570, 508, 259, -1, 488, -1, -1, -1, -1, 227, -1, -1, 294, -1, 263, -1, -1, -1, 429, -1, -1, 249, -1, -1, 151, 304, -1, -1, 392, -1, 329, -1, -1, -1, -1, 146, -1, -1, -1, 362, -1, -1, -1, 248, -1, -1, -1, -1, -1, -1, -1, -1, -1, 433, -1, 275, -1, -1, 156, -1, 252, -1, 443, 364, -1, -1, -1, -1, 291, -1, -1, 109, -1, 330, 164, 182, -1, -1, 260, -1, 199, -1, -1, -1, 146, -1, -1, -1, -1, 244, -1, 372, -1, 349, -1, -1, -1, -1, -1, -1, -1, -1, -1, -1, -1, 157, -1, -1, 75, -1, 337, -1, 298, 388, -1, -1, -1, 450, -1, -1, -1, -1, 442, -1, -1, -1, 506, -1, -1, -1, -1, -1, -1, 526, -1, -1, -1, 622, 352, -1, -1, -1, 478, -1, -1, -1, -1, -1, 598, 646, 88, 54, 367, -1, 72, -1, -1, -1, -1, 518, -1, -1, -1, -1, 288, 213, 181, -1, -1, -1, 242, -1, -1, -1, -1, -1, -1, 109, -1, 117, -1, 181, -1, 343, -1, -1, 622, -1, -1, -1, 135, -1, 151, -1, 325, 231, 317, 305, -1, -1, 616, 578, -1, -1, 555, -1, -1, -1, -1, 133, -1, 338, -1, -1, 357, -1, -1, 101, -1, 409, -1, -1, 130, 379, -1, -1, 280, -1, -1, -1, -1, -1, -1, 318, -1, -1, 352, -1, -1, -1, -1, -1, -1, -1, -1, -1, -1, -1, 287, 320, 432, 369, 59, -1, 360, -1, 379, 406, -1, -1, -1, -1, -1, -1, 288, -1, -1, -1, 110, -1, -1, 232, -1, 191, 261, 302, -1, -1, 64, -1, 60, -1, -1, 294, 362, 244, -1, -1, -1, -1, -1, 136, -1, 455, -1, -1, 196, -1, 266, -1, -1, -1, -1, 339, -1, 89, 332, -1, 306, -1, 423, -1, 212, 364, -1, 273, 277, -1, -1, -1, 321, -1, -1, -1, -1, -1, -1, 225, -1, 235, -1, 68, -1, 274, -1, -1, -1, 135, -1, -1, -1, 241, 207, -1, 237, 128, 183, 218, -1, -1, -1, -1, -1, -1, -1, -1, -1, -1, -1, 159, -1, 269, -1, -1, 389, 492, 512, -1, 188, -1, 546, -1, -1, 263, 347, -1, 270, -1, 166, -1, 195, 231, -1, 239, -1, 372, -1, -1, -1, 136, 241, -1, 383, 511, 298, 240, 60, 292, 302, -1, -1, -1, -1, 304, -1, 216, -1, -1, -1, 332, 473, 353, -1, 365, -1, 361, 317, -1, -1, -1, 383, -1, -1, -1, -1, -1, 279, 240, -1, 244, -1, 274, -1, 255, -1, -1, 478, 151, -1, -1, 207, 383, -1, -1, -1, 334, 341, -1, -1, -1, 480, 437, -1, -1, 414, -1, -1, -1, -1, 52, -1, -1, -1, -1, 206, -1, -1, -1, -1, -1, -1, 457, -1, -1, 206, 530, -1, -1, 510, -1, 454, -1, -1, -1, 248, 349, -1, -1, -1, 455, -1, 511, -1, -1, -1, -1, 543, -1, -1, -1, -1, -1, -1, 312, -1, 393, -1, -1, 392, -1, 42, -1, -1, 212, -1, 291, 350, -1, -1, -1, 347, -1, -1, -1, -1, -1, -1, 349, -1, 359, -1, 170, -1, -1, -1, -1, -1, 325, -1, -1, 237, 298, -1, -1, -1, 109, 253, 21, -1, -1, -1, -1, -1, 242, 851, -1, -1, -1, -1, -1, 512, 56, -1, 343, -1, 263, 302, -1, -1, -1, 320, -1, -1, -1, -1, -1, -1, 279, -1, 290, -1, 61, -1, -1, -1, -1, -1, 231, -1, -1, 128, 240, 334, -1, 109, -1, 184, 91, -1, -1, -1, -1, -1, 306, -1, -1, -1, -1, -1, 287, -1, 147, -1, 405, -1, 432, 452, -1, 241, -1, 485, -1, -1, -1, -1, -1, 276, 406, 223, 416, 255, 171, -1, 240, -1, -1, -1, 317, -1, 196, 183, 60, 341, 543, 253, 184, -1, 244, -1, -1, -1, -1, -1, 304, -1, 275, -1, -1, -1, 289, 503, 307, -1, 378, -1, 276, 333, -1, -1, -1, 333, -1, -1, -1, -1, -1, -1, 330, -1, 340, -1, 151, -1, -1, -1, -1, -1, 305, -1, -1, 218, 292, -1, -1, 21, 91, 244, -1, -1, -1, -1, -1, -1, 258, -1, -1, -1, -1, -1, -1, -1, 63, -1, 359, -1, -1, -1, 247, 158, 392, -1, 340, 162, 94, -1, -1, 159, -1, 205, -1, 259, -1, 247, 184, -1, -1, 598, -1, 287, 266, -1, 302, -1, -1, -1, -1, -1, -1, -1, 366, 660, 595, 243, -1, 579, 319, 183, 287, -1, -1, -1, -1, 138, -1, 392, -1, -1, 225, 493, 103, -1, -1, 337, 410, -1, 481, 482, -1, -1, -1, -1, -1, 274, 519, -1, -1, 646, -1, 320, -1, -1, -1, -1, -1, -1, -1, -1, -1, 366, -1, -1, -1, 347, -1, -1, -1, 279, 200, -1, -1, -1, -1, 390, -1, -1, -1, -1, 531, -1, -1, -1, -1, 510, -1, -1, -1, 554, -1, -1, 662, -1, -1, -1, 570, -1, -1, 88, 616, 432, -1, -1, -1, 480, -1, -1, -1, -1, -1, 660, -1, -1, 65, 440, -1, 82, -1, -1, -1, -1, 525, -1, -1, -1, -1, 314, -1, -1, 469, -1, -1, -1, -1, 445, -1, -1, -1, 491, -1, -1, 634, -1, -1, -1, 508, -1, -1, 54, 578, 369, -1, -1, -1, 437, -1, -1, -1, -1, -1, 595, -1, 65, -1, 375, -1, 23, -1, -1, -1, -1, 479, -1, -1, -1, -1, 258, -1, -1, 122, 394, 428, -1, -1, 81, 337, -1, -1, 221, -1, -1, -1, -1, -1, -1, 259, -1, -1, 367, -1, 59, -1, -1, -1, -1, -1, -1, -1, -1, -1, 243, 347, 440, 375, -1, -1, 364, -1, 359, 403, -1, -1, -1, -1, 373, -1, 252, -1, -1, -1, -1, -1, -1, -1, -1, -1, 286, -1, -1, -1, 402, -1, 379, 355, -1, -1, 433, -1, -1, -1, -1, 339, -1, 304, -1, 312, 242, 306, 304, 258, -1, -1, -1, -1, -1, -1, -1, 343, -1, -1, -1, -1, 271, 275, -1, 101, -1, -1, -1, 461, -1, -1, -1, -1, 431, -1, -1, -1, 472, -1, -1, 612, -1, -1, -1, 488, -1, -1, 72, 555, 360, -1, -1, -1, 414, -1, 851, -1, -1, -1, 579, -1, 82, 23, 364, -1, -1, -1, -1, -1, -1, 456, -1, -1, -1, -1, 236, -1, -1, -1, 165, -1, -1, 166, -1, 231, 190, 247, -1, -1, 122, -1, 61, -1, -1, -1, 275, 157, -1, -1, -1, 89, -1, 216, -1, 393, -1, -1, 275, -1, 319, -1, -1, -1, -1, 343, -1, -1, -1, -1, 223, -1, 366, -1, 228, 342, -1, -1, -1, 295, 238, 259, -1, 265, 291, 164, -1, 228, -1, -1, 272, -1, 292, -1, 64, -1, -1, -1, -1, -1, 379, 332, -1, -1, -1, -1, -1, -1, -1, -1, 183, 279, -1, -1, 359, -1, -1, -1, -1, 120, 367, -1, -1, -1, 121, -1, -1, -1, -1, 308, 358, 148, -1, 344, 352, 283, -1, 282, -1, -1, 391, -1, 405, -1, 82, -1, -1, -1, -1, -1, 406, -1, -1, -1, -1, -1, -1, -1, -1, -1, 287, 200, -1, -1, 403, -1, -1, -1, 120, -1, -1, -1, -1, -1, 240, -1, -1, -1, -1, -1, 335, -1, -1, 110, -1, 358, 227, 149, -1, -1, 311, -1, 254, -1, 355, -1, 156, 75, -1, -1, -1, 306, -1, -1, -1, 392, -1, -1, -1, -1, -1, -1, -1, -1, -1, -1, -1, 223, 367, -1, -1, -1, 387, -1, 315, -1, -1, 345, 311, -1, -1, -1, 374, -1, -1, -1, -1, -1, 255, 236, -1, 242, -1, 226, -1, 227, -1, -1, 518, 133, -1, -1, 159, 332, 52, -1, -1, 287, 289, -1, -1, -1, 525, 479, -1, -1, 456, -1, -1, -1, -1, -1, -1, -1, -1, -1, 237, -1, -1, -1, -1, -1, -1, 443, -1, -1, 184, -1, -1, -1, 479, -1, 425, -1, -1, -1, 252, 337, -1, -1, -1, 423, -1, 473, -1, 42, 512, -1, 503, -1, -1, -1, -1, -1, -1, 271, -1, 366, -1, -1, 387, -1, -1, -1, -1, 171, -1, 266, 332, -1, -1, -1, 319, -1, -1, -1, -1, -1, -1, 344, -1, 352, -1, 204, -1, -1, -1, -1, -1, 338, -1, -1, 269, 353, -1, -1, 56, 147, 307, 63, -1, -1, -1, -1, -1, 275, -1, -1, -1, -1, -1, -1, -1, -1, -1, 374, -1, -1, -1, 348, 120, 379, -1, 205, 293, 62, -1, 211, 281, -1, 152, -1, 176, -1, 169, 294, 443, 298, -1, -1, -1, 212, -1, -1, -1, -1, -1, -1, -1, -1, 138, 390, -1, -1, 373, -1, -1, 228, 121, 240, 315, -1, -1, -1, -1, -1, -1, -1, -1, -1, -1, -1, -1, -1, -1, -1, 230, -1, -1, -1, -1, -1, 390, -1, -1, -1, 364, 388, -1, -1, -1, 364, -1, 365, -1, 212, 343, 405, 378, 359, -1, -1, -1, -1, -1, 101, -1, 342, -1, -1, -1, -1, 171, 374, -1, -1, -1, -1, -1, 374, -1, -1, -1, -1, 281, -1, -1, -1, 255, 440, -1, 442, -1, -1, -1, 263, -1, -1, 288, 357, 288, -1, 389, -1, 206, -1, -1, -1, -1, -1, 392, -1, 314, 258, 252, -1, 236, -1, -1, -1, -1, 237, -1, -1, -1, -1, -1 ]);


%% Successor variables: succ[i] = next location after i in the tour.
array[Locations] of var Locations: succ;

%% Only use allowed legs (edges present in the transport network).
constraint forall(loc1, loc2 in Locations)(
  travelTime[loc1, loc2] < 0 -> succ[loc1] != loc2
);

%% Successors must form a Hamiltonian circuit.
constraint circuit(succ);

%% Variable for the length of the longest leg.
var 1..maxLegLen: maxleg;

%% Link maxleg to actual travel times used in the tour.
constraint forall(loc1, loc2 in Locations)(
  succ[loc1] = loc2 -> maxleg >= travelTime[loc1, loc2]
);

solve :: int_search(succ, input_order, indomain_min, complete)
      minimize maxleg;

output [
  "succ = ", show(succ), "\n",
  "maxleg = ", show(maxleg), "\n"
];
