%% Circuit-constraint benchmark instance
%% Generated by generate_instances.py
%% Method: Francis & Stuckey (2014) "Explaining circuit propagation"
%%
%% Model: minimise the length of the longest leg (maxleg).
%%        Successor variables must form a Hamiltonian circuit using only
%%        edges present in the transport network (travelTime >= 0).
%%        This matches the MiniZinc model in Figure 1 of the paper.
%%
%% Instance parameters
%%   n              = 50
%%   k              = 15
%%   seed           = 63
%%   knn_edges      = 464   (undirected edges from k-nearest step)
%%   walk_edges     = 1  (undirected edges added by random walk)
%%   total_edges    = 465
%%   walk_fraction  = 0.0022  (walk_edges / total_edges)
%%
%% NOTE: a walk_fraction above 0.20 may indicate a near-degenerate instance
%%       in which the random walk dominates the graph structure.

include "globals.mzn";

int: n = 50;
set of int: Locations = 1..n;

%% Maximum possible travel time; used as the upper bound for maxleg.
int: maxLegLen = 628;

%% Travel times between locations (–1 means no direct connection exists).
array[Locations, Locations] of int: travelTime =
  array2d(Locations, Locations, [ -1, -1, -1, 381, -1, -1, -1, -1, -1, -1, -1, -1, -1, 98, 521, 110, -1, -1, -1, 152, 106, 240, -1, 333, 254, -1, -1, 572, 134, 267, 229, -1, 392, 242, -1, 285, -1, 76, 233, -1, 313, 141, -1, -1, 147, -1, 120, -1, -1, -1, -1, -1, -1, -1, -1, 143, -1, 161, -1, 433, 234, -1, -1, -1, 449, -1, 371, -1, -1, -1, -1, -1, 261, 236, -1, 345, -1, 445, -1, -1, -1, 72, 370, -1, -1, -1, -1, -1, 320, -1, -1, 379, -1, -1, 435, -1, -1, 127, -1, -1, -1, -1, -1, -1, 122, -1, 165, -1, 202, -1, -1, 196, 359, -1, -1, -1, -1, -1, -1, -1, -1, -1, -1, -1, -1, -1, 369, -1, -1, 330, -1, -1, -1, 338, 340, 366, 208, -1, -1, 138, -1, -1, 221, -1, -1, 111, -1, -1, 230, 374, 381, -1, -1, -1, 426, -1, -1, -1, -1, -1, -1, -1, -1, 412, -1, 295, -1, -1, -1, 396, 339, 301, -1, -1, 127, -1, -1, -1, 353, 429, 234, -1, -1, 372, 215, 219, -1, -1, -1, -1, -1, -1, -1, -1, -1, -1, 408, -1, -1, -1, -1, -1, 122, 426, -1, -1, 263, -1, 205, -1, -1, 155, 354, -1, -1, -1, -1, -1, -1, -1, -1, -1, -1, -1, -1, -1, -1, -1, 369, 281, -1, -1, -1, 270, 217, 255, 266, -1, -1, 211, -1, -1, 343, -1, -1, 90, -1, -1, 352, -1, -1, 143, -1, -1, -1, -1, -1, 285, -1, 329, 110, -1, 416, -1, -1, -1, 509, 424, 392, -1, -1, -1, 188, 182, -1, 247, 409, -1, -1, -1, -1, 189, -1, -1, -1, -1, -1, -1, 287, -1, -1, 369, -1, 442, 405, -1, -1, 21, -1, -1, -1, -1, 165, -1, 263, -1, -1, -1, 179, -1, -1, 232, 291, -1, -1, -1, -1, 369, 398, -1, -1, -1, -1, -1, -1, -1, 254, -1, -1, 328, -1, -1, -1, 362, -1, -1, 97, -1, -1, 67, -1, -1, 185, 425, -1, 193, -1, -1, 192, 211, -1, 161, -1, -1, -1, 285, -1, -1, -1, 593, 388, -1, -1, 403, 293, -1, 231, -1, -1, -1, -1, -1, 421, 281, -1, 505, -1, 299, -1, -1, -1, 96, 209, -1, -1, -1, -1, 372, 319, -1, 429, 338, -1, -1, 410, -1, -1, 264, -1, -1, -1, -1, 202, -1, 205, -1, 179, -1, -1, -1, -1, 76, 158, -1, -1, -1, -1, 406, -1, 265, -1, -1, -1, -1, -1, -1, 195, -1, 287, 150, -1, -1, -1, 183, 351, 294, 107, -1, -1, 116, -1, -1, 351, -1, -1, 117, -1, -1, 359, 289, -1, 433, -1, -1, -1, 329, -1, 593, -1, -1, 219, -1, -1, -1, -1, -1, -1, 396, 362, -1, -1, -1, 180, 481, -1, 89, 544, -1, -1, -1, -1, 500, -1, -1, -1, -1, -1, -1, 580, -1, -1, -1, -1, 361, -1, -1, -1, 349, -1, 555, -1, 234, -1, -1, -1, 110, -1, 388, -1, 219, -1, -1, 455, -1, -1, -1, -1, 375, 339, -1, -1, -1, 110, 270, -1, 141, 422, -1, -1, -1, -1, 292, -1, -1, -1, -1, -1, -1, 374, -1, -1, -1, -1, 378, -1, -1, -1, 131, -1, -1, -1, -1, 196, -1, 155, -1, 232, -1, 76, -1, -1, -1, 202, -1, -1, -1, -1, -1, -1, 242, -1, -1, -1, -1, -1, -1, 263, -1, 252, 135, -1, -1, -1, 144, 276, 222, 178, -1, -1, 165, -1, -1, 385, -1, -1, 87, -1, -1, 393, 365, -1, -1, 359, -1, 354, 416, 291, -1, 158, -1, 455, 202, -1, -1, -1, -1, -1, 339, 342, 204, 276, -1, -1, 272, -1, -1, 108, -1, 244, 132, -1, -1, -1, 189, -1, -1, 194, -1, 228, 248, -1, 266, 476, 403, 207, 272, -1, 415, 483, 286, 98, -1, -1, 412, -1, -1, -1, 403, -1, -1, -1, -1, -1, -1, 444, 191, 487, -1, -1, 250, 200, 192, -1, -1, 287, -1, -1, 499, 231, -1, 210, -1, 323, -1, -1, -1, -1, 50, 290, -1, 215, 199, -1, -1, 232, -1, 26, -1, -1, -1, 521, 449, -1, -1, -1, -1, -1, 293, -1, -1, -1, -1, -1, 444, -1, -1, 107, -1, -1, -1, -1, 551, -1, 543, -1, -1, -1, 61, -1, -1, -1, 389, 135, -1, -1, -1, -1, 446, 538, -1, 317, 508, -1, -1, -1, -1, 439, -1, -1, -1, 110, -1, -1, 295, -1, -1, -1, -1, -1, -1, -1, -1, -1, 191, -1, -1, -1, -1, -1, 120, 49, 255, -1, -1, 175, -1, -1, -1, 77, 210, 214, -1, -1, 167, 316, 175, -1, 184, 288, -1, 398, 211, -1, -1, 173, -1, 206, -1, -1, -1, -1, 371, -1, -1, -1, 509, -1, 231, -1, -1, -1, -1, -1, 487, 107, -1, -1, -1, -1, -1, -1, -1, -1, 505, -1, -1, -1, 76, -1, -1, -1, 321, 166, -1, -1, -1, -1, 478, 521, -1, 399, 510, -1, -1, -1, -1, 487, 490, -1, -1, -1, -1, -1, -1, -1, 424, 369, -1, 406, 396, 375, -1, 339, -1, -1, -1, -1, -1, 37, -1, -1, -1, 458, 423, -1, 407, 234, -1, -1, -1, -1, -1, -1, -1, -1, -1, 329, -1, -1, 392, -1, -1, 492, 66, -1, -1, -1, 439, 493, 161, -1, -1, -1, -1, -1, 392, 398, -1, -1, 362, 339, -1, 342, -1, -1, -1, -1, 37, -1, -1, -1, -1, 421, 401, -1, 371, 241, -1, -1, -1, -1, -1, -1, -1, -1, -1, 351, -1, -1, 417, -1, -1, -1, 66, -1, -1, -1, 407, 528, 193, 152, -1, -1, 396, -1, -1, -1, -1, 265, -1, -1, 242, 204, 250, -1, 120, -1, -1, -1, -1, 73, 366, -1, 299, 287, -1, -1, -1, 45, 115, 332, -1, -1, 103, 358, 219, -1, 218, 199, 381, -1, 152, -1, -1, 82, -1, 272, -1, -1, -1, 106, -1, -1, 339, -1, -1, -1, -1, -1, -1, -1, -1, 276, 200, -1, 49, -1, -1, -1, 73, -1, 295, -1, -1, 222, -1, -1, -1, 34, 173, 259, -1, -1, 140, 337, 193, -1, 181, 244, -1, 414, 173, -1, -1, 126, -1, 220, -1, -1, -1, 240, -1, -1, 301, -1, -1, -1, -1, -1, -1, -1, -1, -1, 192, 551, 255, -1, -1, -1, 366, 295, -1, -1, -1, 211, -1, -1, -1, 328, -1, 71, -1, -1, -1, -1, 363, -1, 239, -1, -1, 242, 377, -1, -1, 385, -1, 172, -1, -1, -1, -1, 261, -1, -1, -1, 188, -1, 421, -1, 180, 110, -1, -1, -1, -1, -1, -1, 458, 421, -1, -1, -1, -1, 367, -1, 92, 530, -1, -1, -1, -1, 331, -1, -1, -1, -1, -1, -1, 472, -1, -1, 557, -1, 448, -1, -1, -1, 204, -1, -1, 333, 236, -1, -1, -1, 182, -1, 281, -1, 481, 270, -1, 272, -1, 543, -1, 505, 423, 401, 299, -1, -1, 367, -1, -1, 411, 307, 565, -1, 338, -1, 220, 420, -1, -1, -1, -1, 328, 105, -1, -1, 192, -1, 464, 223, -1, -1, 171, -1, -1, 254, -1, -1, 127, -1, -1, -1, -1, -1, -1, -1, -1, -1, 287, -1, 175, -1, -1, -1, 287, 222, 211, -1, -1, -1, -1, -1, -1, 242, 344, 140, -1, -1, 289, 250, 172, -1, 308, -1, -1, 436, -1, -1, -1, -1, -1, 286, -1, -1, -1, -1, 345, -1, -1, -1, 247, -1, 505, -1, 89, 141, -1, -1, -1, -1, -1, -1, 407, 371, -1, -1, -1, 92, 411, -1, -1, 518, -1, -1, -1, -1, 412, -1, -1, -1, -1, -1, -1, 513, -1, -1, -1, -1, 386, -1, -1, -1, 266, -1, 558, -1, -1, 369, -1, -1, 409, 254, -1, 195, 544, 422, 263, 108, -1, -1, -1, -1, 234, 241, -1, -1, -1, 530, 307, -1, 518, -1, -1, -1, 234, -1, -1, -1, 291, -1, -1, 166, -1, 298, 236, -1, -1, 434, 299, 307, 309, -1, 413, 439, 185, 572, 445, -1, -1, -1, -1, -1, 299, -1, -1, -1, -1, -1, 499, 61, -1, 76, -1, -1, -1, -1, -1, -1, 565, -1, -1, -1, -1, -1, -1, -1, 392, 180, -1, -1, -1, -1, 497, 571, -1, 378, 549, -1, -1, -1, -1, 495, 561, -1, -1, 134, -1, -1, 353, 369, -1, -1, -1, 287, -1, -1, 252, 244, 231, -1, 77, -1, -1, -1, 45, 34, 328, -1, -1, 242, -1, -1, -1, -1, 139, 290, -1, -1, 108, 329, 187, -1, 207, 236, -1, -1, 175, -1, -1, 116, -1, 251, -1, -1, -1, 267, -1, 330, 429, 281, -1, 328, -1, 150, -1, -1, 135, 132, -1, -1, 210, -1, -1, -1, 115, 173, -1, -1, 338, 344, -1, 234, -1, 139, -1, -1, -1, -1, 57, 329, 216, 244, -1, 256, 266, -1, 245, 501, -1, 170, 222, -1, -1, 509, 393, 229, -1, -1, 234, -1, -1, -1, -1, -1, -1, -1, -1, -1, 210, -1, 214, -1, -1, -1, 332, 259, 71, -1, -1, 140, -1, -1, -1, 290, -1, -1, -1, -1, -1, 390, 298, -1, 250, -1, -1, 307, 370, -1, -1, 365, -1, 197, -1, -1, -1, -1, 72, -1, -1, -1, 189, -1, 96, -1, 500, 292, -1, -1, -1, 389, -1, 321, -1, -1, -1, -1, -1, 331, 220, -1, 412, -1, 392, -1, -1, -1, -1, 301, -1, -1, -1, -1, 400, 285, -1, -1, 330, -1, -1, 393, -1, -1, 169, -1, -1, 392, 370, -1, -1, -1, -1, -1, 209, -1, -1, -1, -1, -1, 323, 135, -1, 166, -1, -1, -1, -1, -1, -1, 420, -1, -1, -1, 180, -1, -1, -1, 301, -1, -1, -1, -1, -1, 318, 406, -1, 250, 373, -1, -1, 447, -1, 322, -1, -1, -1, 242, -1, 338, 372, 270, -1, 362, -1, 183, -1, -1, 144, 189, -1, -1, 167, -1, -1, -1, 103, 140, -1, -1, -1, 289, -1, 291, -1, 108, 57, -1, -1, -1, -1, 282, 161, 286, 314, 282, 297, -1, 252, 526, -1, 178, 227, -1, -1, -1, -1, -1, -1, 340, 215, 217, -1, -1, -1, 351, -1, -1, 276, -1, -1, -1, 316, -1, -1, -1, 358, 337, -1, -1, -1, 250, -1, -1, -1, 329, 329, 390, -1, -1, 282, -1, 143, -1, -1, -1, -1, -1, -1, -1, -1, -1, 277, -1, -1, -1, -1, 285, -1, 366, 219, 255, -1, -1, -1, 294, -1, -1, 222, -1, -1, -1, 175, -1, -1, -1, 219, 193, 363, -1, -1, 172, -1, -1, -1, 187, 216, 298, -1, -1, 161, 143, -1, -1, -1, -1, -1, -1, -1, -1, -1, 300, 269, -1, -1, -1, -1, -1, -1, 208, -1, 266, -1, 97, -1, 107, -1, -1, 178, 194, -1, -1, -1, -1, 329, 351, -1, -1, -1, -1, -1, -1, -1, 166, -1, -1, 244, -1, -1, -1, 286, -1, -1, -1, -1, -1, 71, -1, -1, 282, 391, -1, 178, 628, -1, 289, 192, 76, -1, -1, -1, -1, -1, -1, 372, -1, -1, -1, -1, -1, 50, 446, 184, 478, -1, -1, 218, 181, 239, -1, 328, 308, -1, -1, 497, 207, -1, 250, 400, 318, 314, -1, -1, -1, -1, 240, -1, 250, 150, -1, -1, 188, -1, 76, -1, -1, -1, 233, 320, -1, -1, -1, 287, -1, 319, -1, 580, 374, -1, 228, 290, 538, 288, 521, -1, -1, 199, 244, -1, 472, 105, -1, 513, 298, 571, 236, 256, -1, 285, 406, 282, -1, -1, -1, 240, -1, -1, -1, 93, -1, -1, 120, -1, 315, 275, -1, -1, -1, -1, 138, -1, 211, -1, 67, -1, 116, -1, -1, 165, 248, -1, -1, -1, -1, 392, 417, 381, -1, -1, -1, -1, -1, -1, 236, -1, -1, 266, -1, -1, -1, 297, -1, -1, 71, -1, -1, -1, -1, -1, 236, 452, -1, 131, -1, -1, 244, 245, 313, -1, -1, -1, -1, -1, -1, 429, -1, -1, -1, -1, -1, 215, 317, 398, 399, -1, -1, -1, 414, 242, -1, -1, 436, -1, -1, 378, -1, -1, 307, -1, 250, -1, -1, -1, -1, 250, -1, -1, -1, 387, -1, -1, -1, -1, 194, -1, -1, -1, 141, 379, -1, -1, -1, 369, -1, 338, -1, -1, -1, -1, 266, 199, 508, 211, 510, -1, -1, 152, 173, 377, 557, 192, -1, -1, -1, 549, 175, 245, 370, 330, 373, 252, -1, -1, -1, 150, 93, -1, 387, -1, -1, -1, 76, -1, 225, 355, -1, -1, -1, -1, 221, -1, 343, -1, 185, -1, 351, -1, -1, 385, 476, -1, -1, -1, -1, 492, -1, -1, -1, -1, -1, -1, -1, -1, 434, -1, -1, 501, -1, -1, -1, 526, -1, -1, 282, -1, -1, 236, -1, -1, -1, -1, -1, 315, -1, -1, 9, 335, -1, -1, -1, -1, -1, 442, 425, -1, -1, 361, 378, -1, 403, -1, -1, -1, -1, 66, 66, -1, -1, -1, 448, 464, -1, 386, 299, -1, -1, -1, -1, -1, -1, -1, -1, -1, 391, -1, -1, 452, -1, -1, -1, -1, -1, -1, -1, 459, -1, 213, 147, 435, -1, -1, -1, 405, -1, 410, -1, -1, -1, -1, 207, 232, -1, 173, -1, -1, -1, 82, 126, 385, -1, 223, -1, -1, 307, -1, 116, 170, 365, 393, 447, 178, -1, 300, -1, 188, 120, -1, -1, 76, -1, -1, -1, -1, 257, 394, -1, -1, -1, -1, 111, -1, 90, -1, 193, -1, 117, -1, -1, 87, 272, -1, -1, -1, -1, -1, -1, -1, -1, -1, -1, -1, -1, -1, 309, -1, -1, 222, -1, -1, -1, 227, 277, 269, 178, -1, -1, 131, -1, -1, 315, -1, -1, -1, -1, -1, 324, 369, 120, -1, -1, 408, -1, -1, -1, -1, -1, -1, -1, -1, -1, 26, 439, 206, 487, -1, -1, 272, 220, 172, -1, -1, 286, -1, -1, 495, 251, -1, 197, -1, 322, -1, -1, -1, 628, 76, 315, -1, 194, 225, -1, -1, 257, -1, -1, -1, -1, -1, -1, 127, -1, -1, -1, 21, -1, 264, -1, 349, 131, -1, 415, -1, -1, -1, 490, 439, 407, -1, -1, -1, 204, 171, -1, 266, 413, 561, -1, -1, -1, 169, -1, -1, -1, -1, -1, -1, 275, -1, -1, 355, -1, 459, 394, -1, -1, -1, -1, -1, -1, -1, 230, -1, 352, -1, 192, -1, 359, -1, -1, 393, 483, -1, -1, -1, -1, 493, 528, -1, -1, -1, -1, -1, -1, -1, 439, -1, -1, 509, -1, -1, -1, -1, -1, -1, 289, -1, -1, 244, -1, -1, 9, -1, -1, 324, -1, -1, -1, 337, -1, -1, 374, -1, -1, -1, 211, -1, 289, 555, -1, 365, 286, -1, -1, -1, -1, 161, 193, -1, -1, -1, -1, -1, -1, 558, 185, -1, -1, 393, -1, -1, -1, -1, -1, -1, 192, -1, -1, 245, -1, -1, 335, 213, -1, 369, -1, -1, 337, -1 ]);


%% Successor variables: succ[i] = next location after i in the tour.
array[Locations] of var Locations: succ;

%% Only use allowed legs (edges present in the transport network).
constraint forall(loc1, loc2 in Locations)(
  travelTime[loc1, loc2] < 0 -> succ[loc1] != loc2
);

%% Successors must form a Hamiltonian circuit.
constraint circuit(succ);

%% Variable for the length of the longest leg.
var 1..maxLegLen: maxleg;

%% Link maxleg to actual travel times used in the tour.
constraint forall(loc1, loc2 in Locations)(
  succ[loc1] = loc2 -> maxleg >= travelTime[loc1, loc2]
);

solve :: int_search(succ, input_order, indomain_min, complete)
      minimize maxleg;

output [
  "succ = ", show(succ), "\n",
  "maxleg = ", show(maxleg), "\n"
];
