%% Circuit-constraint benchmark instance
%% Generated by generate_instances.py
%% Method: Francis & Stuckey (2014) "Explaining circuit propagation"
%%
%% Model: minimise the length of the longest leg (maxleg).
%%        Successor variables must form a Hamiltonian circuit using only
%%        edges present in the transport network (travelTime >= 0).
%%        This matches the MiniZinc model in Figure 1 of the paper.
%%
%% Instance parameters
%%   n              = 50
%%   k              = 15
%%   seed           = 55
%%   knn_edges      = 453   (undirected edges from k-nearest step)
%%   walk_edges     = 4  (undirected edges added by random walk)
%%   total_edges    = 457
%%   walk_fraction  = 0.0088  (walk_edges / total_edges)
%%
%% NOTE: a walk_fraction above 0.20 may indicate a near-degenerate instance
%%       in which the random walk dominates the graph structure.

include "globals.mzn";

int: n = 50;
set of int: Locations = 1..n;

%% Maximum possible travel time; used as the upper bound for maxleg.
int: maxLegLen = 835;

%% Travel times between locations (–1 means no direct connection exists).
array[Locations, Locations] of int: travelTime =
  array2d(Locations, Locations, [ -1, 220, -1, -1, -1, -1, -1, -1, 547, -1, 282, 493, -1, 459, 213, -1, -1, -1, -1, 393, 418, -1, 256, -1, -1, -1, 212, -1, -1, -1, -1, -1, 414, -1, 189, -1, -1, -1, -1, -1, 482, -1, -1, -1, 525, -1, -1, -1, -1, 497, 220, -1, -1, -1, -1, -1, -1, -1, -1, -1, 87, -1, -1, 352, 52, -1, -1, -1, -1, 334, 199, -1, 46, 378, -1, -1, 129, -1, -1, 391, -1, -1, 195, -1, 271, -1, 381, -1, -1, -1, 274, -1, -1, -1, -1, -1, -1, -1, -1, 344, -1, -1, -1, -1, 249, 273, -1, 341, 328, -1, -1, 286, -1, 339, -1, -1, -1, -1, -1, 385, -1, -1, -1, -1, -1, 146, -1, -1, -1, -1, -1, -1, -1, -1, -1, 47, -1, 230, -1, -1, -1, 358, -1, -1, 308, 334, -1, 237, -1, 376, -1, -1, -1, -1, -1, -1, 102, -1, -1, -1, -1, -1, 277, -1, -1, 118, -1, -1, 160, -1, 218, 147, -1, 164, -1, -1, -1, -1, 270, 150, 226, -1, 221, 246, -1, -1, 86, -1, -1, -1, 181, -1, -1, -1, -1, -1, -1, -1, 309, -1, -1, -1, 249, -1, -1, 429, -1, -1, 384, -1, -1, 198, -1, 310, -1, -1, -1, -1, -1, 282, -1, -1, -1, -1, -1, 122, 491, -1, -1, -1, -1, -1, -1, -1, 445, 251, -1, 404, -1, -1, -1, -1, -1, -1, 338, 521, -1, 485, -1, 404, -1, -1, 273, -1, 429, -1, 306, 125, 157, -1, -1, 311, -1, 262, -1, -1, -1, 356, -1, 359, -1, -1, -1, 257, -1, 383, -1, 245, -1, 264, 185, -1, -1, -1, -1, 231, -1, 47, -1, -1, -1, 317, -1, -1, 186, 102, -1, 323, 294, 209, -1, -1, -1, 102, -1, 306, -1, -1, 269, -1, -1, -1, 378, -1, -1, 103, -1, -1, 204, -1, 223, 116, -1, 69, -1, -1, -1, -1, 343, 52, 125, 324, 224, 246, -1, -1, 35, -1, -1, -1, 139, -1, -1, -1, -1, -1, -1, -1, 257, 254, -1, -1, 341, -1, -1, 125, -1, -1, 274, -1, -1, -1, -1, -1, -1, -1, 340, 245, -1, -1, -1, 306, -1, -1, 342, 472, -1, 132, -1, 306, 238, -1, -1, -1, -1, 309, -1, 134, -1, 229, -1, 231, 232, 285, 309, 26, -1, 296, 214, -1, 547, -1, 328, -1, 384, 157, 269, 274, -1, -1, 313, 210, -1, 120, 365, -1, -1, -1, -1, 221, -1, -1, -1, 200, -1, 385, 336, -1, -1, 216, 157, -1, -1, -1, 433, 282, 278, 184, -1, -1, 230, -1, -1, -1, 50, 248, -1, 457, -1, 55, -1, -1, -1, -1, -1, -1, -1, -1, -1, -1, -1, -1, -1, -1, -1, 345, 208, 404, 315, -1, -1, 324, -1, -1, 72, -1, -1, 266, 365, -1, -1, 119, -1, 208, -1, -1, -1, -1, 10, 178, -1, -1, 168, 370, -1, -1, 34, -1, 217, -1, 282, 87, -1, -1, -1, -1, -1, -1, 313, -1, -1, 365, -1, 274, 69, -1, -1, -1, -1, 274, 152, -1, 101, 300, -1, -1, 113, -1, -1, -1, -1, -1, 147, -1, 277, -1, -1, -1, -1, -1, 200, -1, -1, -1, 311, -1, -1, -1, -1, 257, 493, -1, 286, -1, 198, 311, -1, -1, 210, -1, 365, -1, -1, 114, -1, -1, -1, -1, -1, 102, -1, -1, -1, -1, -1, 253, 317, -1, -1, -1, 366, -1, -1, -1, 326, 254, -1, 307, -1, -1, -1, -1, -1, -1, 160, -1, -1, -1, -1, 215, -1, -1, -1, 277, -1, -1, 378, -1, -1, -1, -1, -1, -1, -1, -1, 365, -1, -1, 311, -1, 364, 394, 473, 434, -1, -1, -1, -1, 263, 423, 501, -1, 370, 424, -1, -1, 356, -1, -1, -1, 406, -1, -1, -1, -1, -1, -1, -1, -1, -1, 459, 352, 339, -1, 310, 262, -1, -1, 120, -1, 274, 114, -1, -1, 307, -1, -1, -1, -1, 101, -1, -1, 375, 291, -1, 347, 257, -1, -1, 309, 266, -1, -1, -1, 323, 298, -1, 275, -1, -1, 278, -1, -1, -1, 77, -1, -1, -1, -1, 107, 213, 52, -1, -1, -1, -1, -1, -1, 365, -1, 69, -1, -1, 307, -1, -1, -1, -1, -1, 284, 212, -1, 93, 368, -1, -1, 78, -1, -1, -1, -1, -1, 208, -1, 230, -1, -1, -1, -1, -1, 269, 835, -1, -1, 356, -1, -1, -1, -1, 310, -1, -1, -1, 118, -1, -1, 103, -1, -1, 345, -1, -1, 365, -1, -1, -1, -1, -1, 113, -1, 312, 30, -1, 164, 277, -1, -1, -1, 263, 146, 192, 228, 314, 145, -1, -1, 126, -1, 355, -1, 240, -1, 255, -1, -1, -1, 379, -1, 192, -1, -1, -1, -1, -1, -1, -1, -1, 340, -1, 208, -1, -1, -1, -1, -1, -1, -1, 229, -1, -1, -1, -1, -1, -1, 227, -1, -1, 231, -1, -1, -1, 281, -1, 363, -1, -1, -1, -1, 202, 149, -1, 322, 210, 179, -1, 363, 206, 477, 277, -1, -1, -1, -1, -1, -1, 356, -1, 245, -1, 404, -1, -1, -1, -1, -1, -1, 229, -1, -1, -1, -1, -1, -1, -1, 389, -1, -1, 235, -1, -1, -1, -1, -1, -1, -1, -1, -1, 340, 402, 247, -1, 96, 305, 63, -1, 271, -1, 253, 343, -1, -1, -1, -1, 160, -1, -1, 204, -1, -1, 315, -1, -1, 311, -1, -1, 113, -1, -1, -1, -1, -1, 126, -1, 272, 259, -1, -1, -1, 151, 253, 305, 202, -1, 114, -1, -1, 216, -1, 325, -1, -1, -1, 284, -1, -1, -1, 344, -1, 238, -1, 393, 334, 385, -1, 282, 359, -1, -1, 221, -1, 274, 102, -1, 101, 284, -1, -1, -1, -1, -1, -1, -1, 367, -1, -1, 353, 215, -1, -1, -1, -1, -1, -1, -1, 235, 351, -1, -1, -1, -1, 342, -1, -1, -1, 177, -1, -1, -1, -1, 200, 418, 199, -1, 218, -1, -1, 223, -1, -1, -1, 152, -1, 364, -1, 212, 312, -1, -1, -1, -1, -1, -1, 170, 212, -1, -1, 264, -1, -1, 219, 275, -1, 6, -1, 429, -1, 191, -1, -1, -1, 109, -1, -1, -1, -1, -1, -1, -1, -1, 274, -1, -1, -1, 147, -1, -1, 116, 306, -1, 324, -1, -1, 394, -1, -1, 30, -1, -1, 126, -1, -1, -1, -1, 170, 254, -1, -1, 259, 277, 152, 186, 208, -1, 131, -1, -1, 144, -1, 333, 291, 255, -1, 226, -1, -1, -1, 357, -1, 162, -1, 256, 46, -1, -1, -1, -1, -1, -1, -1, -1, 101, -1, 473, 375, 93, -1, -1, -1, -1, 367, 170, -1, -1, 365, -1, -1, 171, -1, -1, 376, -1, -1, 168, -1, 317, -1, 359, -1, -1, -1, 259, -1, -1, -1, -1, -1, -1, -1, -1, 354, -1, 378, -1, 164, -1, 257, 69, -1, 200, -1, 300, -1, 434, 291, 368, 164, -1, -1, 272, -1, 212, 170, 365, -1, -1, -1, -1, -1, -1, 19, 73, -1, 210, -1, -1, -1, 79, 304, -1, -1, 107, -1, -1, -1, 246, 285, -1, -1, -1, 185, -1, -1, -1, -1, -1, -1, -1, 342, -1, 72, -1, -1, -1, -1, -1, 277, 227, 389, 259, -1, -1, 254, -1, -1, -1, -1, -1, 214, 334, -1, -1, 57, -1, 147, -1, -1, -1, -1, 81, 144, -1, 457, 111, 365, -1, -1, 106, -1, 148, -1, -1, -1, 146, -1, 122, 383, -1, 472, 385, -1, -1, 253, -1, 347, -1, -1, -1, -1, -1, 353, -1, -1, -1, -1, -1, -1, -1, -1, -1, -1, -1, -1, -1, -1, -1, 165, -1, 348, -1, -1, -1, 503, -1, -1, 348, 461, -1, 372, -1, 419, 212, 129, -1, -1, 491, -1, -1, -1, 336, -1, 113, 317, -1, 257, 78, -1, -1, -1, -1, 215, 264, -1, 171, -1, -1, -1, -1, -1, -1, -1, -1, -1, 259, -1, 165, 552, -1, -1, -1, -1, 294, -1, -1, -1, 317, -1, -1, -1, -1, 285, -1, -1, -1, -1, -1, 245, -1, 132, -1, 266, -1, -1, -1, -1, -1, -1, 231, 235, -1, -1, -1, 259, -1, -1, 214, -1, -1, -1, -1, -1, -1, 229, -1, 258, -1, -1, -1, 264, 269, 99, -1, 272, 104, 246, -1, 147, 293, 387, 113, -1, -1, -1, -1, 270, -1, -1, 343, -1, -1, 365, -1, -1, 263, -1, -1, 263, -1, -1, 151, -1, -1, 277, -1, -1, 334, -1, -1, -1, -1, 395, -1, 282, -1, 222, -1, -1, 345, -1, 374, -1, -1, -1, -1, -1, -1, -1, 384, -1, 367, -1, -1, 391, -1, 150, -1, 264, 52, 306, 216, -1, -1, -1, 423, 309, -1, 146, -1, -1, 253, -1, 219, 152, 376, 19, -1, -1, -1, -1, 395, -1, 79, -1, 218, -1, -1, -1, 67, 311, -1, -1, 118, -1, -1, -1, 262, 285, -1, -1, -1, 202, -1, -1, -1, 226, -1, 185, 125, 238, 157, -1, -1, 366, 501, 266, -1, 192, -1, -1, 305, -1, 275, 186, -1, 73, -1, -1, -1, -1, -1, 79, -1, -1, 274, -1, -1, -1, 146, 232, -1, -1, 167, -1, -1, -1, 206, 215, -1, -1, 252, 161, -1, -1, -1, -1, -1, -1, 324, -1, -1, 119, -1, -1, -1, -1, -1, 228, 281, -1, 202, -1, -1, 208, -1, -1, 57, -1, -1, 229, 282, -1, -1, -1, -1, 91, -1, 652, -1, -1, 128, 180, -1, -1, 129, -1, -1, -1, 151, -1, 138, -1, 414, 195, -1, 221, -1, -1, 224, -1, -1, -1, 147, -1, 370, -1, 208, 314, -1, -1, -1, -1, 6, -1, 168, 210, -1, -1, 259, -1, -1, 218, 274, -1, -1, -1, 423, -1, 192, -1, -1, -1, 107, -1, -1, -1, -1, -1, -1, -1, -1, 269, -1, -1, -1, 246, -1, -1, 246, -1, -1, 208, -1, -1, 424, -1, -1, 145, 363, -1, 114, -1, -1, 131, -1, -1, 147, -1, -1, 258, 222, -1, -1, 91, -1, -1, -1, -1, 271, -1, 218, 242, -1, -1, 177, -1, -1, -1, 240, -1, 146, -1, 189, 271, -1, -1, 445, -1, -1, -1, 433, -1, 277, 326, -1, 323, 230, -1, -1, -1, -1, 235, 429, -1, 317, -1, -1, -1, 165, -1, -1, -1, -1, -1, 423, -1, -1, -1, -1, -1, -1, -1, -1, -1, -1, -1, 398, -1, -1, -1, -1, 393, -1, -1, 47, -1, 251, 231, -1, 309, 282, -1, -1, 254, -1, 298, -1, -1, -1, -1, -1, 351, -1, -1, -1, -1, -1, 165, 552, -1, -1, -1, -1, 652, -1, -1, -1, -1, -1, 190, -1, -1, -1, 355, -1, -1, 262, 299, -1, 251, -1, 330, -1, 381, -1, 86, -1, -1, 35, -1, 278, -1, -1, -1, 356, -1, -1, 126, -1, -1, 216, -1, 191, 144, 359, 79, -1, -1, -1, -1, 345, 67, 146, -1, 192, 271, -1, -1, -1, -1, -1, -1, 116, -1, -1, -1, -1, -1, -1, -1, 291, 256, -1, -1, 230, -1, 404, 47, -1, 134, 184, -1, -1, 307, -1, 275, -1, -1, -1, 340, -1, -1, -1, -1, -1, 304, -1, 348, -1, 264, -1, 311, 232, -1, -1, -1, -1, 190, -1, -1, -1, -1, -1, 290, -1, 392, 203, 116, -1, 280, -1, 239, -1, -1, -1, -1, -1, -1, -1, -1, -1, 10, -1, -1, -1, -1, -1, 355, 202, 402, 325, -1, -1, 333, -1, -1, 81, -1, -1, 269, 374, -1, -1, 128, -1, 218, -1, -1, -1, -1, -1, 180, -1, -1, 173, 367, -1, -1, 26, -1, 223, -1, -1, -1, -1, -1, -1, -1, -1, 229, -1, 178, -1, -1, -1, -1, -1, -1, 149, 247, -1, -1, -1, 291, -1, -1, 144, -1, -1, 99, -1, -1, -1, 180, -1, 242, -1, -1, -1, -1, 180, -1, -1, 313, 67, 232, -1, 246, 201, 450, 129, -1, 482, 274, -1, 181, -1, -1, 139, -1, 230, -1, 200, -1, 406, 278, 269, 240, -1, -1, -1, 342, 109, 255, 259, 107, -1, -1, 294, -1, -1, 118, 167, -1, 107, -1, -1, -1, 116, -1, -1, -1, -1, -1, -1, -1, 261, -1, -1, -1, -1, 189, -1, -1, 358, -1, -1, 317, -1, 231, -1, -1, -1, -1, -1, -1, 835, -1, 322, 96, -1, -1, -1, -1, -1, -1, 457, 503, -1, 272, -1, -1, -1, -1, -1, -1, -1, 355, -1, 290, -1, 313, -1, -1, 361, 158, -1, 253, -1, 157, 385, -1, -1, -1, -1, -1, -1, -1, -1, 232, -1, 168, -1, -1, -1, -1, -1, 255, 210, 305, 284, -1, -1, 226, -1, -1, 111, -1, -1, 104, -1, -1, -1, 129, -1, 177, -1, -1, -1, -1, 173, 67, -1, 361, -1, 296, -1, 243, 198, -1, 69, -1, -1, -1, -1, -1, -1, -1, -1, 285, -1, 370, -1, -1, -1, -1, -1, -1, 179, 63, -1, -1, -1, -1, -1, -1, 365, -1, -1, 246, -1, -1, -1, -1, -1, -1, -1, -1, -1, 392, 367, 232, -1, 158, 296, -1, -1, 311, 377, 314, 344, -1, 525, -1, 308, -1, 338, 186, -1, 309, 50, -1, 311, 160, -1, 77, 356, -1, -1, -1, -1, 177, -1, -1, -1, 246, -1, 348, 317, -1, -1, 262, 206, -1, -1, -1, 398, 262, -1, 203, -1, -1, 261, -1, -1, -1, -1, 284, -1, 461, -1, 72, -1, -1, 334, -1, 521, 102, -1, 26, 248, -1, -1, -1, -1, -1, -1, -1, 363, 271, -1, -1, -1, -1, -1, 285, -1, 461, -1, 147, -1, 285, 215, -1, -1, -1, -1, 299, -1, 116, -1, 246, -1, 253, 243, 311, 284, -1, -1, 308, 218, 295, -1, -1, -1, -1, -1, -1, -1, -1, -1, 34, -1, -1, -1, -1, -1, 379, 206, -1, 344, -1, -1, 357, -1, -1, 106, -1, -1, 293, 384, -1, -1, 151, -1, 240, -1, -1, -1, -1, 26, 201, -1, -1, 198, 377, -1, -1, -1, -1, 250, -1, -1, -1, 237, -1, 485, 323, -1, 296, 457, -1, -1, -1, -1, -1, -1, -1, 477, 253, -1, -1, -1, -1, -1, -1, -1, 372, -1, 387, -1, -1, -1, -1, -1, -1, -1, 251, -1, 280, -1, 450, -1, 157, -1, 314, 461, 308, -1, -1, -1, -1, -1, -1, -1, 309, -1, 294, 257, 214, -1, 217, -1, -1, -1, -1, -1, 192, 277, 343, 238, -1, -1, 162, -1, -1, 148, -1, -1, 113, 367, -1, 252, 138, -1, 146, -1, -1, 291, -1, 223, 129, -1, 385, 69, 344, -1, 218, 250, -1, -1, -1, 497, 344, 376, -1, 404, 209, 254, -1, 55, -1, 257, 215, -1, 107, 310, -1, -1, -1, -1, 200, 274, -1, 354, 185, -1, 419, 285, -1, -1, 202, 161, -1, 269, -1, 393, 330, 256, 239, -1, -1, 189, -1, -1, -1, 72, 295, -1, -1, -1, -1 ]);


%% Successor variables: succ[i] = next location after i in the tour.
array[Locations] of var Locations: succ;

%% Only use allowed legs (edges present in the transport network).
constraint forall(loc1, loc2 in Locations)(
  travelTime[loc1, loc2] < 0 -> succ[loc1] != loc2
);

%% Successors must form a Hamiltonian circuit.
constraint circuit(succ);

%% Variable for the length of the longest leg.
var 1..maxLegLen: maxleg;

%% Link maxleg to actual travel times used in the tour.
constraint forall(loc1, loc2 in Locations)(
  succ[loc1] = loc2 -> maxleg >= travelTime[loc1, loc2]
);

solve :: int_search(succ, input_order, indomain_min, complete)
      minimize maxleg;

output [
  "succ = ", show(succ), "\n",
  "maxleg = ", show(maxleg), "\n"
];
