instance = "pumpkin-v1/opt/n100_k10/instance_n100_k10_0006.fzn"
directory = "experiments/20260610-10.42.57.240042-pumpkin-v1/385"
status = "SATISFIABLE"
num_solutions = 6
wall_clock_time = 1800.0
cpu_time = 1800.0
failures = "2305231"
propagations = "75998514"
solveTime = "1793.547820891"
nodes = "4843434"
peakDepth = "1127"
restarts = "0"
nogoods = "2305231"
AverageLbd = "48.339888280176694"
AverageLearnedNogoodLength = "56.83788609471242"
AverageConflictSize = "58.6499847520704"
NumUnitNogoodsLearned = "0"
circuitNumberPropagationsThatFoundConflict = "2543304"
circuitNumberTotalFixedEdgesAtConflict = "243714669"
circuitNumberNumberOfConflicts = "2543304"
circuitNumberPropagationsThatPruned = "1128915"
circuitNumberPropagationsTotal = "9127064"
allDifferentNumberTotalHallSetSize = "485904"
allDifferentNumberNumberOfConflicts = "172921"
allDifferentNumberMaxHallSetSize = "700"
allDifferentNumberPropagationsTotal = "12831032"
allDifferentNumberPropagationsThatFoundConflict = "172921"

[[solution_objectives]]
nodes = 16958
restarts = 0
peakDepth = 1127
solveTime = 1.046472421
failures = 679
propagations = 111409
nogoods = 679
AverageConflictSize = 4.007363770250368
NumUnitNogoodsLearned = 0
AverageLearnedNogoodLength = 5.904270986745214
AverageLbd = 5.225331369661267
value = 928
time = 7.53

[[solution_objectives]]
nodes = 18568
restarts = 0
peakDepth = 1127
solveTime = 1.13087745
failures = 815
propagations = 118960
nogoods = 815
AverageConflictSize = 9.16319018404908
NumUnitNogoodsLearned = 0
AverageLearnedNogoodLength = 13.316564417177915
AverageLbd = 9.89079754601227
value = 831
time = 7.61

[[solution_objectives]]
nodes = 19827
restarts = 0
peakDepth = 1127
solveTime = 1.166394511
failures = 880
propagations = 123393
nogoods = 880
AverageConflictSize = 10.48409090909091
NumUnitNogoodsLearned = 0
AverageLearnedNogoodLength = 15.107954545454545
AverageLbd = 11.707954545454545
value = 629
time = 7.65

[[solution_objectives]]
nodes = 415566
restarts = 0
peakDepth = 1127
solveTime = 109.563633288
failures = 156911
propagations = 5704245
nogoods = 156911
AverageConflictSize = 56.85000414247567
NumUnitNogoodsLearned = 0
AverageLearnedNogoodLength = 56.601124204166695
AverageLbd = 49.12114510773623
value = 310
time = 116.05

[[solution_objectives]]
nodes = 416639
restarts = 0
peakDepth = 1127
solveTime = 109.575972673
failures = 156913
propagations = 5706689
nogoods = 156913
AverageConflictSize = 56.84945160694143
NumUnitNogoodsLearned = 0
AverageLearnedNogoodLength = 56.60058758675189
AverageLbd = 49.12062098105319
value = 306
time = 116.08

[[solution_objectives]]
nodes = 417707
restarts = 0
peakDepth = 1127
solveTime = 109.589805251
failures = 156916
propagations = 5709142
nogoods = 156916
AverageConflictSize = 56.84915496189044
NumUnitNogoodsLearned = 0
AverageLearnedNogoodLength = 56.60036580081062
AverageLbd = 49.11998776415407
value = 273
time = 116.09
