instance = "pumpkin-v3/opt/n50_k3/instance_n50_k3_0008.fzn"
directory = "experiments/20260605-18.05.57.686725-pumpkin-v3/184"
status = "OPTIMAL"
num_solutions = 2
wall_clock_time = 9.11
cpu_time = 3.8299999999999996
failures = "13012"
propagations = "360870"
solveTime = "3.741010469"
nodes = "13986"
peakDepth = "159"
restarts = "2"
nogoods = "13012"
AverageLbd = "9.262142637565324"
AverageLearnedNogoodLength = "38.64048570550261"
AverageConflictSize = "38.813018751921305"
NumUnitNogoodsLearned = "599"

[[solution_objectives]]
nodes = 13709
restarts = 2
peakDepth = 154
solveTime = 3.710325184
failures = 12934
propagations = 357873
nogoods = 12934
AverageConflictSize = 38.98809339724757
NumUnitNogoodsLearned = 598
AverageLearnedNogoodLength = 38.783902891603525
AverageLbd = 9.272846760476265
value = 738
time = 8.45

[[solution_objectives]]
nodes = 13986
restarts = 2
peakDepth = 159
solveTime = 3.740961973
failures = 13011
propagations = 360860
nogoods = 13011
AverageConflictSize = 38.81577127046345
NumUnitNogoodsLearned = 598
AverageLearnedNogoodLength = 38.64337867957882
AverageLbd = 9.26277764968104
value = 606
time = 8.48
