instance = "pumpkin-v0/opt/n20_k7/instance_n20_k7_0011.fzn"
directory = "experiments/20260602-11.16.13.665988-pumpkin-v0/114"
status = "OPTIMAL"
num_solutions = 3
wall_clock_time = 2.33
cpu_time = 2.1199999999999997
failures = "13632"
propagations = "1292325"
solveTime = "2.056158952"
nodes = "19077"
peakDepth = "174"
restarts = "16"
nogoods = "13632"
AverageLbd = "9.372139084507042"
AverageLearnedNogoodLength = "40.367664319248824"
AverageConflictSize = "16.309785798122064"
NumUnitNogoodsLearned = "360"

[[solution_objectives]]
nodes = 14387
restarts = 2
peakDepth = 174
solveTime = 1.333511997
failures = 10443
propagations = 1031020
nogoods = 10443
AverageConflictSize = 13.913243320884803
NumUnitNogoodsLearned = 359
AverageLearnedNogoodLength = 38.17552427463372
AverageLbd = 9.316001149095088
value = 460
time = 1.57

[[solution_objectives]]
nodes = 14673
restarts = 3
peakDepth = 174
solveTime = 1.3523295370000001
failures = 10492
propagations = 1037800
nogoods = 10492
AverageConflictSize = 13.94004956157072
NumUnitNogoodsLearned = 359
AverageLearnedNogoodLength = 38.219691193290124
AverageLbd = 9.342832634388106
value = 448
time = 1.59

[[solution_objectives]]
nodes = 14942
restarts = 4
peakDepth = 174
solveTime = 1.374818854
failures = 10582
propagations = 1048987
nogoods = 10582
AverageConflictSize = 13.956624456624457
NumUnitNogoodsLearned = 359
AverageLearnedNogoodLength = 38.18701568701569
AverageLbd = 9.351918351918352
value = 368
time = 1.61
