instance = "pumpkin-v2/opt/n50_k15/instance_n50_k15_0014.fzn"
directory = "experiments/20260603-09.01.52.920058-pumpkin-v2/97"
status = "OPTIMAL"
num_solutions = 3
wall_clock_time = 3.81
cpu_time = 2.17
failures = "10902"
propagations = "750320"
solveTime = "2.078478391"
nodes = "13972"
peakDepth = "794"
restarts = "2"
nogoods = "10902"
AverageLbd = "14.749403779123096"
AverageLearnedNogoodLength = "33.698495688864426"
AverageConflictSize = "18.77407815079802"
NumUnitNogoodsLearned = "291"

[[solution_objectives]]
nodes = 12503
restarts = 1
peakDepth = 747
solveTime = 2.046564606
failures = 10846
propagations = 740251
nogoods = 10846
AverageConflictSize = 18.72911672505993
NumUnitNogoodsLearned = 291
AverageLearnedNogoodLength = 33.64650562419325
AverageLbd = 14.71611654066015
value = 976
time = 3.54

[[solution_objectives]]
nodes = 13482
restarts = 2
peakDepth = 794
solveTime = 2.070789549
failures = 10896
propagations = 747750
nogoods = 10896
AverageConflictSize = 18.773953744493394
NumUnitNogoodsLearned = 291
AverageLearnedNogoodLength = 33.69952276064611
AverageLbd = 14.75
value = 643
time = 3.56

[[solution_objectives]]
nodes = 13972
restarts = 2
peakDepth = 794
solveTime = 2.078472624
failures = 10902
propagations = 750320
nogoods = 10902
AverageConflictSize = 18.77407815079802
NumUnitNogoodsLearned = 291
AverageLearnedNogoodLength = 33.698495688864426
AverageLbd = 14.749403779123096
value = 292
time = 3.56
