instance = "pumpkin-v2/opt/n100_k5/instance_n100_k5_0005.fzn"
directory = "experiments/20260603-09.01.52.920058-pumpkin-v2/394"
status = "OPTIMAL"
num_solutions = 4
wall_clock_time = 126.22
cpu_time = 123.27
failures = "222468"
propagations = "5860819"
solveTime = "123.537639463"
nodes = "236112"
peakDepth = "649"
restarts = "6"
nogoods = "222468"
AverageLbd = "12.611935199669166"
AverageLearnedNogoodLength = "27.154453674236294"
AverageConflictSize = "20.851295467213262"
NumUnitNogoodsLearned = "172"

[[solution_objectives]]
nodes = 191473
restarts = 3
peakDepth = 609
solveTime = 97.827711448
failures = 182191
propagations = 4729142
nogoods = 182191
AverageConflictSize = 22.45590067566455
NumUnitNogoodsLearned = 171
AverageLearnedNogoodLength = 28.92094560104506
AverageLbd = 13.551695747868994
value = 678
time = 100.17

[[solution_objectives]]
nodes = 192652
restarts = 5
peakDepth = 619
solveTime = 98.104285004
failures = 182446
propagations = 4741577
nogoods = 182446
AverageConflictSize = 22.45828354691251
NumUnitNogoodsLearned = 171
AverageLearnedNogoodLength = 28.92799513280642
AverageLbd = 13.554114642140688
value = 659
time = 100.43

[[solution_objectives]]
nodes = 235468
restarts = 6
peakDepth = 649
solveTime = 123.487199103
failures = 222430
propagations = 5858028
nogoods = 222430
AverageConflictSize = 20.853351616238818
NumUnitNogoodsLearned = 171
AverageLearnedNogoodLength = 27.155280312907433
AverageLbd = 12.612089196601177
value = 657
time = 125.82

[[solution_objectives]]
nodes = 236112
restarts = 6
peakDepth = 649
solveTime = 123.537414466
failures = 222467
propagations = 5860699
nogoods = 222467
AverageConflictSize = 20.851339749266184
NumUnitNogoodsLearned = 171
AverageLearnedNogoodLength = 27.154571239779383
AverageLbd = 12.611987395883434
value = 183
time = 125.87
