instance = "pumpkin-v1/opt/n100_k5/instance_n100_k5_0010.fzn"
directory = "experiments/20260602-15.07.06.641281-pumpkin-v1/238"
status = "OPTIMAL"
num_solutions = 2
wall_clock_time = 34.12
cpu_time = 32.35
failures = "69852"
propagations = "2294466"
solveTime = "32.300657987"
nodes = "143760"
peakDepth = "603"
restarts = "142"
nogoods = "69852"
AverageLbd = "18.23325030063563"
AverageLearnedNogoodLength = "32.24805302639867"
AverageConflictSize = "20.44631506613984"
NumUnitNogoodsLearned = "186"

[[solution_objectives]]
nodes = 119016
restarts = 119
peakDepth = 603
solveTime = 24.609230877999998
failures = 52017
propagations = 1729994
nogoods = 52017
AverageConflictSize = 21.653882384605033
NumUnitNogoodsLearned = 186
AverageLearnedNogoodLength = 29.52150258569314
AverageLbd = 18.512813118788088
value = 617
time = 26.12

[[solution_objectives]]
nodes = 143760
restarts = 142
peakDepth = 603
solveTime = 32.300652238
failures = 69852
propagations = 2294466
nogoods = 69852
AverageConflictSize = 20.44631506613984
NumUnitNogoodsLearned = 186
AverageLearnedNogoodLength = 32.24805302639867
AverageLbd = 18.23325030063563
value = 187
time = 33.79
