instance = "pumpkin-v1/opt/n50_k5/instance_n50_k5_0003.fzn"
directory = "experiments/20260602-15.07.06.641281-pumpkin-v1/196"
status = "SATISFIABLE"
num_solutions = 4
wall_clock_time = 1801.64
cpu_time = 1789.42
failures = "4914969"
propagations = "127264968"
solveTime = "1797.508252729"
nodes = "5445981"
peakDepth = "337"
restarts = "4099"
nogoods = "4914969"
AverageLbd = "9.06979637104527"
AverageLearnedNogoodLength = "27.61712311918956"
AverageConflictSize = "20.66979995194273"
NumUnitNogoodsLearned = "235"

[[solution_objectives]]
nodes = 51119
restarts = 34
peakDepth = 337
solveTime = 9.360662643
failures = 38486
propagations = 1280397
nogoods = 38486
AverageConflictSize = 21.810372603024476
NumUnitNogoodsLearned = 235
AverageLearnedNogoodLength = 29.56872629007951
AverageLbd = 14.008002910149145
value = 738
time = 12.04

[[solution_objectives]]
nodes = 52669
restarts = 35
peakDepth = 337
solveTime = 9.49363956
failures = 39128
propagations = 1302537
nogoods = 39128
AverageConflictSize = 21.817930893477815
NumUnitNogoodsLearned = 235
AverageLearnedNogoodLength = 29.5019679002249
AverageLbd = 14.019091187896136
value = 737
time = 12.17

[[solution_objectives]]
nodes = 81490
restarts = 36
peakDepth = 337
solveTime = 15.238974486
failures = 62702
propagations = 1994095
nogoods = 62702
AverageConflictSize = 19.266418934005294
NumUnitNogoodsLearned = 235
AverageLearnedNogoodLength = 26.533252527830054
AverageLbd = 12.415696469012152
value = 658
time = 17.91

[[solution_objectives]]
nodes = 94086
restarts = 40
peakDepth = 337
solveTime = 18.387255156
failures = 73259
propagations = 2317328
nogoods = 73259
AverageConflictSize = 19.96732142125882
NumUnitNogoodsLearned = 235
AverageLearnedNogoodLength = 27.046547181916214
AverageLbd = 12.245225842558593
value = 315
time = 21.06
