instance = "pumpkin-v0/opt/n50_k5/instance_n50_k5_0020.fzn"
directory = "experiments/20260602-11.16.13.665988-pumpkin-v0/206"
status = "OPTIMAL"
num_solutions = 3
wall_clock_time = 1209.28
cpu_time = 1204.04
failures = "3568227"
propagations = "623525788"
solveTime = "1204.143038191"
nodes = "4740134"
peakDepth = "325"
restarts = "8325"
nogoods = "3568227"
AverageLbd = "13.184293207803202"
AverageLearnedNogoodLength = "44.77705930704521"
AverageConflictSize = "24.18290876673485"
NumUnitNogoodsLearned = "236"

[[solution_objectives]]
nodes = 27588
restarts = 9
peakDepth = 325
solveTime = 4.338381832
failures = 20973
propagations = 5669693
nogoods = 20973
AverageConflictSize = 18.520192628617746
NumUnitNogoodsLearned = 235
AverageLearnedNogoodLength = 38.74967815763124
AverageLbd = 11.987317026653317
value = 432
time = 4.69

[[solution_objectives]]
nodes = 28194
restarts = 10
peakDepth = 325
solveTime = 4.3969761
failures = 21128
propagations = 5709510
nogoods = 21128
AverageConflictSize = 18.519168875425976
NumUnitNogoodsLearned = 235
AverageLearnedNogoodLength = 38.732819007951534
AverageLbd = 11.984712230215827
value = 360
time = 4.74

[[solution_objectives]]
nodes = 29029
restarts = 11
peakDepth = 325
solveTime = 4.504202926
failures = 21439
propagations = 5788598
nogoods = 21439
AverageConflictSize = 18.43383553337376
NumUnitNogoodsLearned = 235
AverageLearnedNogoodLength = 38.746210177713515
AverageLbd = 11.980083026260553
value = 352
time = 4.84
