instance = "pumpkin-v1/opt/n150_k10/instance_n150_k10_0005.fzn"
directory = "experiments/20260602-15.07.06.641281-pumpkin-v1/137"
status = "OPTIMAL"
num_solutions = 2
wall_clock_time = 1234.52
cpu_time = 1225.99
failures = "931356"
propagations = "33831300"
solveTime = "1231.455285394"
nodes = "2179469"
peakDepth = "1609"
restarts = "1497"
nogoods = "931356"
AverageLbd = "58.69449061368585"
AverageLearnedNogoodLength = "100.0957292377995"
AverageConflictSize = "64.7317792551935"
NumUnitNogoodsLearned = "169"

[[solution_objectives]]
nodes = 2174077
restarts = 1496
peakDepth = 1539
solveTime = 1230.741688621
failures = 931130
propagations = 33807776
nogoods = 931130
AverageConflictSize = 64.73280315315799
NumUnitNogoodsLearned = 169
AverageLearnedNogoodLength = 100.103060797096
AverageLbd = 58.69857162802187
value = 175
time = 1232.29

[[solution_objectives]]
nodes = 2179469
restarts = 1497
peakDepth = 1609
solveTime = 1231.455280687
failures = 931356
propagations = 33831300
nogoods = 931356
AverageConflictSize = 64.7317792551935
NumUnitNogoodsLearned = 169
AverageLearnedNogoodLength = 100.0957292377995
AverageLbd = 58.69449061368585
value = 170
time = 1233.0
