instance = "pumpkin-v1/opt/n150_k7/instance_n150_k7_0011.fzn"
directory = "experiments/20260610-10.42.57.240042-pumpkin-v1/190"
status = "SATISFIABLE"
num_solutions = 5
wall_clock_time = 1801.31
cpu_time = 1793.02
failures = "1360384"
propagations = "38004446"
solveTime = "1799.22777336"
nodes = "2915655"
peakDepth = "1202"
restarts = "0"
nogoods = "1360384"
AverageLbd = "47.16960578777757"
AverageLearnedNogoodLength = "89.70840806713399"
AverageConflictSize = "66.74717506233534"
NumUnitNogoodsLearned = "0"
circuitNumberPropagationsThatFoundConflict = "105473"
circuitNumberTotalFixedEdgesAtConflict = "10006696"
circuitNumberNumberOfConflicts = "105473"
circuitNumberPropagationsThatPruned = "1473408"
circuitNumberPropagationsTotal = "11734253"
allDifferentNumberTotalHallSetSize = "189046583"
allDifferentNumberNumberOfConflicts = "3389858"
allDifferentNumberMaxHallSetSize = "624"
allDifferentNumberPropagationsTotal = "21429344"
allDifferentNumberPropagationsThatFoundConflict = "3389858"

[[solution_objectives]]
nodes = 1490000
restarts = 0
peakDepth = 1202
solveTime = 571.735749832
failures = 466388
propagations = 14544085
nogoods = 466388
AverageConflictSize = 44.62192423475733
NumUnitNogoodsLearned = 0
AverageLearnedNogoodLength = 52.47189893393484
AverageLbd = 48.76149686527098
value = 913
time = 572.5

[[solution_objectives]]
nodes = 1492316
restarts = 0
peakDepth = 1202
solveTime = 572.105299112
failures = 466706
propagations = 14558757
nogoods = 466706
AverageConflictSize = 44.61002644062857
NumUnitNogoodsLearned = 0
AverageLearnedNogoodLength = 52.46585859191868
AverageLbd = 48.74534932055727
value = 816
time = 572.88

[[solution_objectives]]
nodes = 1494046
restarts = 0
peakDepth = 1202
solveTime = 572.229015767
failures = 466748
propagations = 14566170
nogoods = 466748
AverageConflictSize = 44.6082511333739
NumUnitNogoodsLearned = 0
AverageLearnedNogoodLength = 52.463489934611395
AverageLbd = 48.742351333053385
value = 617
time = 573.02

[[solution_objectives]]
nodes = 1550765
restarts = 0
peakDepth = 1202
solveTime = 599.324121682
failures = 488613
propagations = 15127126
nogoods = 488613
AverageConflictSize = 45.42494776029291
NumUnitNogoodsLearned = 0
AverageLearnedNogoodLength = 53.28920638624024
AverageLbd = 48.18722178902321
value = 506
time = 600.12

[[solution_objectives]]
nodes = 1620431
restarts = 0
peakDepth = 1202
solveTime = 636.382128321
failures = 518677
propagations = 15859738
nogoods = 518677
AverageConflictSize = 46.933197346325365
NumUnitNogoodsLearned = 0
AverageLearnedNogoodLength = 54.5506933987819
AverageLbd = 47.53975017207241
value = 274
time = 637.19
