instance = "pumpkin-v1/opt/n100_k5/instance_n100_k5_0014.fzn"
directory = "experiments/20260602-15.07.06.641281-pumpkin-v1/221"
status = "SATISFIABLE"
num_solutions = 4
wall_clock_time = 1801.52
cpu_time = 1791.8300000000002
failures = "3253446"
propagations = "86582455"
solveTime = "1798.643375341"
nodes = "4177652"
peakDepth = "729"
restarts = "6775"
nogoods = "3253446"
AverageLbd = "19.401505050337395"
AverageLearnedNogoodLength = "40.90964657166586"
AverageConflictSize = "31.555530658876773"
NumUnitNogoodsLearned = "201"

[[solution_objectives]]
nodes = 147002
restarts = 164
peakDepth = 578
solveTime = 30.948278342000002
failures = 68686
propagations = 2296106
nogoods = 68686
AverageConflictSize = 24.585141076784208
NumUnitNogoodsLearned = 201
AverageLearnedNogoodLength = 32.76855545526017
AverageLbd = 20.447136243193665
value = 300
time = 32.56

[[solution_objectives]]
nodes = 147822
restarts = 165
peakDepth = 692
solveTime = 30.981812003
failures = 68691
propagations = 2298308
nogoods = 68691
AverageConflictSize = 24.586874554162844
NumUnitNogoodsLearned = 201
AverageLearnedNogoodLength = 32.76967870608959
AverageLbd = 20.448180984408438
value = 299
time = 32.58

[[solution_objectives]]
nodes = 148884
restarts = 166
peakDepth = 729
solveTime = 31.065624549
failures = 68790
propagations = 2303608
nogoods = 68790
AverageConflictSize = 24.586218927169647
NumUnitNogoodsLearned = 201
AverageLearnedNogoodLength = 32.77783108009885
AverageLbd = 20.4519552260503
value = 298
time = 32.66

[[solution_objectives]]
nodes = 182625
restarts = 174
peakDepth = 729
solveTime = 41.912229518
failures = 96739
propagations = 2940954
nogoods = 96739
AverageConflictSize = 22.49335841801135
NumUnitNogoodsLearned = 201
AverageLearnedNogoodLength = 30.88342860687003
AverageLbd = 17.70694342509226
value = 288
time = 43.51
