instance = "pumpkin-v3/opt/n150_k10/instance_n150_k10_0012.fzn"
directory = "experiments/20260605-18.05.57.686725-pumpkin-v3/4"
status = "OPTIMAL"
num_solutions = 2
wall_clock_time = 20.82
cpu_time = 16.88
failures = "11751"
propagations = "611730"
solveTime = "16.771981203"
nodes = "18579"
peakDepth = "1449"
restarts = "2"
nogoods = "11751"
AverageLbd = "16.810824610671432"
AverageLearnedNogoodLength = "57.25895668453749"
AverageConflictSize = "24.693898391626245"
NumUnitNogoodsLearned = "140"

[[solution_objectives]]
nodes = 17280
restarts = 2
peakDepth = 1449
solveTime = 16.660307663
failures = 11744
propagations = 607304
nogoods = 11744
AverageConflictSize = 24.70257152588556
NumUnitNogoodsLearned = 140
AverageLearnedNogoodLength = 57.27861035422343
AverageLbd = 16.813606948228884
value = 938
time = 20.55

[[solution_objectives]]
nodes = 18579
restarts = 2
peakDepth = 1449
solveTime = 16.771962336
failures = 11751
propagations = 611730
nogoods = 11751
AverageConflictSize = 24.693898391626245
NumUnitNogoodsLearned = 140
AverageLearnedNogoodLength = 57.25895668453749
AverageLbd = 16.810824610671432
value = 141
time = 20.67
