instance = "pumpkin-v1/opt/n50_k7/instance_n50_k7_0007.fzn"
directory = "experiments/20260610-10.42.57.240042-pumpkin-v1/247"
status = "OPTIMAL"
num_solutions = 6
wall_clock_time = 111.17
cpu_time = 103.86
failures = "396733"
propagations = "6080489"
solveTime = "103.772628143"
nodes = "454079"
peakDepth = "407"
restarts = "0"
nogoods = "396733"
AverageLbd = "13.501097715592099"
AverageLearnedNogoodLength = "25.768663055505844"
AverageConflictSize = "33.63615580251706"
NumUnitNogoodsLearned = "1"
circuitNumberPropagationsThatFoundConflict = "751589"
circuitNumberTotalFixedEdgesAtConflict = "34318436"
circuitNumberNumberOfConflicts = "751589"
circuitNumberPropagationsThatPruned = "170920"
circuitNumberPropagationsTotal = "2003997"
allDifferentNumberTotalHallSetSize = "11341202"
allDifferentNumberNumberOfConflicts = "301100"
allDifferentNumberMaxHallSetSize = "256"
allDifferentNumberPropagationsTotal = "3490911"
allDifferentNumberPropagationsThatFoundConflict = "301100"

[[solution_objectives]]
nodes = 121652
restarts = 0
peakDepth = 402
solveTime = 27.107617929
failures = 91259
propagations = 2296740
nogoods = 91259
AverageConflictSize = 39.77585772362178
NumUnitNogoodsLearned = 0
AverageLearnedNogoodLength = 27.581312528079422
AverageLbd = 27.322083301373016
value = 916
time = 33.19

[[solution_objectives]]
nodes = 122509
restarts = 0
peakDepth = 407
solveTime = 27.175090826
failures = 91509
propagations = 2306739
nogoods = 91509
AverageConflictSize = 39.705340458315575
NumUnitNogoodsLearned = 0
AverageLearnedNogoodLength = 27.5594094569933
AverageLbd = 27.278617403752637
value = 340
time = 33.24

[[solution_objectives]]
nodes = 122912
restarts = 0
peakDepth = 407
solveTime = 27.1813147
failures = 91516
propagations = 2307990
nogoods = 91516
AverageConflictSize = 39.703210367585996
NumUnitNogoodsLearned = 0
AverageLearnedNogoodLength = 27.558765680318196
AverageLbd = 27.27735040867171
value = 331
time = 33.25

[[solution_objectives]]
nodes = 178989
restarts = 0
peakDepth = 407
solveTime = 40.955415385
failures = 130016
propagations = 3474932
nogoods = 130016
AverageConflictSize = 39.51555962343096
NumUnitNogoodsLearned = 0
AverageLearnedNogoodLength = 30.529050270735908
AverageLbd = 27.19534518828452
value = 323
time = 47.03

[[solution_objectives]]
nodes = 179934
restarts = 0
peakDepth = 407
solveTime = 40.986300599
failures = 130059
propagations = 3481068
nogoods = 130059
AverageConflictSize = 39.50460175766383
NumUnitNogoodsLearned = 0
AverageLearnedNogoodLength = 30.520894363327415
AverageLbd = 27.187953159719818
value = 311
time = 47.06

[[solution_objectives]]
nodes = 180475
restarts = 0
peakDepth = 407
solveTime = 40.998788119
failures = 130078
propagations = 3483682
nogoods = 130078
AverageConflictSize = 39.49990005996402
NumUnitNogoodsLearned = 0
AverageLearnedNogoodLength = 30.517766263318933
AverageLbd = 27.184919817340365
value = 309
time = 47.08
