instance = "pumpkin-v0/opt/n20_k3/instance_n20_k3_0023.fzn"
directory = "experiments/20260609-14.46.48.023744-pumpkin-v0/401"
status = "OPTIMAL"
num_solutions = 4
wall_clock_time = 16.09
cpu_time = 0.14
failures = "121"
propagations = "18923"
solveTime = "0.009236328"
nodes = "433"
peakDepth = "77"
restarts = "0"
nogoods = "121"
AverageLbd = "3.6363636363636362"
AverageLearnedNogoodLength = "5.090909090909091"
AverageConflictSize = "6.56198347107438"
NumUnitNogoodsLearned = "1"
circuitNumberPropagationsThatFoundConflict = "282"
circuitNumberTotalFixedEdgesAtConflict = "3597"
circuitNumberNumberOfConflicts = "282"
circuitNumberPropagationsThatPruned = "228"
circuitNumberPropagationsTotal = "1111"

[[solution_objectives]]
nodes = 148
restarts = 0
peakDepth = 69
solveTime = 0.003309272
failures = 56
propagations = 8441
nogoods = 56
AverageConflictSize = 6.607142857142857
NumUnitNogoodsLearned = 0
AverageLearnedNogoodLength = 4.535714285714286
AverageLbd = 3.6607142857142856
value = 444
time = 15.12

[[solution_objectives]]
nodes = 288
restarts = 0
peakDepth = 77
solveTime = 0.006697042
failures = 108
propagations = 15675
nogoods = 108
AverageConflictSize = 6.592592592592593
NumUnitNogoodsLearned = 0
AverageLearnedNogoodLength = 4.916666666666667
AverageLbd = 3.6666666666666665
value = 408
time = 15.12

[[solution_objectives]]
nodes = 359
restarts = 0
peakDepth = 77
solveTime = 0.007360264
failures = 113
propagations = 16895
nogoods = 113
AverageConflictSize = 6.831858407079646
NumUnitNogoodsLearned = 0
AverageLearnedNogoodLength = 5.017699115044247
AverageLbd = 3.725663716814159
value = 390
time = 15.12

[[solution_objectives]]
nodes = 426
restarts = 0
peakDepth = 77
solveTime = 0.007638711
failures = 113
propagations = 17492
nogoods = 113
AverageConflictSize = 6.831858407079646
NumUnitNogoodsLearned = 0
AverageLearnedNogoodLength = 5.017699115044247
AverageLbd = 3.725663716814159
value = 376
time = 15.12
