instance = "pumpkin-v0/opt/n50_k5/instance_n50_k5_0013.fzn"
directory = "experiments/20260609-14.46.48.023744-pumpkin-v0/196"
status = "SATISFIABLE"
num_solutions = 4
wall_clock_time = 1802.09
cpu_time = 1780.79
failures = "4807000"
propagations = "2104912925"
solveTime = "1788.821720858"
nodes = "5173970"
peakDepth = "312"
restarts = "0"
nogoods = "4807000"
AverageLbd = "16.508976492614938"
AverageLearnedNogoodLength = "41.67459059704598"
AverageConflictSize = "17.211683170376535"
NumUnitNogoodsLearned = "0"
circuitNumberPropagationsThatFoundConflict = "217808"
circuitNumberTotalFixedEdgesAtConflict = "7063475"
circuitNumberNumberOfConflicts = "217808"
circuitNumberPropagationsThatPruned = "1191156"
circuitNumberPropagationsTotal = "6248841"

[[solution_objectives]]
nodes = 511
restarts = 0
peakDepth = 312
solveTime = 0.028128532
failures = 170
propagations = 86199
nogoods = 170
AverageConflictSize = 3.8823529411764706
NumUnitNogoodsLearned = 0
AverageLearnedNogoodLength = 21.54705882352941
AverageLbd = 12.2
value = 847
time = 10.71

[[solution_objectives]]
nodes = 901
restarts = 0
peakDepth = 312
solveTime = 0.040391426
failures = 251
propagations = 120936
nogoods = 251
AverageConflictSize = 3.99601593625498
NumUnitNogoodsLearned = 0
AverageLearnedNogoodLength = 20.8804780876494
AverageLbd = 11.565737051792828
value = 345
time = 10.72

[[solution_objectives]]
nodes = 1242
restarts = 0
peakDepth = 312
solveTime = 0.047626419
failures = 299
propagations = 140879
nogoods = 299
AverageConflictSize = 4.274247491638796
NumUnitNogoodsLearned = 0
AverageLearnedNogoodLength = 20.103678929765888
AverageLbd = 11.267558528428093
value = 280
time = 10.73

[[solution_objectives]]
nodes = 1972
restarts = 0
peakDepth = 312
solveTime = 0.086235718
failures = 543
propagations = 244444
nogoods = 543
AverageConflictSize = 7.038674033149171
NumUnitNogoodsLearned = 0
AverageLearnedNogoodLength = 19.773480662983424
AverageLbd = 11.267034990791897
value = 277
time = 10.77
