instance = "pumpkin-v0/opt/n50_k10/instance_n50_k10_0008.fzn"
directory = "experiments/20260609-14.46.48.023744-pumpkin-v0/349"
status = "SATISFIABLE"
num_solutions = 3
wall_clock_time = 1803.46
cpu_time = 1782.07
failures = "4136220"
propagations = "929750815"
solveTime = "1792.915467087"
nodes = "4577392"
peakDepth = "620"
restarts = "0"
nogoods = "4136220"
AverageLbd = "21.96379472078371"
AverageLearnedNogoodLength = "45.57257230031285"
AverageConflictSize = "18.261503981896514"
NumUnitNogoodsLearned = "0"
circuitNumberPropagationsThatFoundConflict = "75980"
circuitNumberTotalFixedEdgesAtConflict = "3293784"
circuitNumberNumberOfConflicts = "75980"
circuitNumberPropagationsThatPruned = "418383"
circuitNumberPropagationsTotal = "3103467"

[[solution_objectives]]
nodes = 6225
restarts = 0
peakDepth = 620
solveTime = 0.774702567
failures = 3915
propagations = 1141771
nogoods = 3915
AverageConflictSize = 11.256704980842912
NumUnitNogoodsLearned = 0
AverageLearnedNogoodLength = 32.41685823754789
AverageLbd = 20.09553001277139
value = 908
time = 8.61

[[solution_objectives]]
nodes = 6853
restarts = 0
peakDepth = 620
solveTime = 0.780274892
failures = 3926
propagations = 1148749
nogoods = 3926
AverageConflictSize = 11.269485481406011
NumUnitNogoodsLearned = 0
AverageLearnedNogoodLength = 32.38639836984208
AverageLbd = 20.080234335201222
value = 504
time = 8.61

[[solution_objectives]]
nodes = 16477
restarts = 0
peakDepth = 620
solveTime = 3.072453222
failures = 12357
propagations = 3307229
nogoods = 12357
AverageConflictSize = 12.854090798737557
NumUnitNogoodsLearned = 0
AverageLearnedNogoodLength = 38.43724204904103
AverageLbd = 22.152140487173263
value = 449
time = 10.9
