instance = "pumpkin-v3/opt/n50_k3/instance_n50_k3_0011.fzn"
directory = "experiments/20260605-18.05.57.686725-pumpkin-v3/182"
status = "OPTIMAL"
num_solutions = 4
wall_clock_time = 9.49
cpu_time = 4.25
failures = "13093"
propagations = "406007"
solveTime = "4.14770478"
nodes = "14820"
peakDepth = "180"
restarts = "7"
nogoods = "13093"
AverageLbd = "9.02848850530818"
AverageLearnedNogoodLength = "33.884212938211256"
AverageConflictSize = "36.145726724203776"
NumUnitNogoodsLearned = "459"

[[solution_objectives]]
nodes = 11134
restarts = 2
peakDepth = 163
solveTime = 3.292042653
failures = 10282
propagations = 323710
nogoods = 10282
AverageConflictSize = 36.076930558257146
NumUnitNogoodsLearned = 458
AverageLearnedNogoodLength = 33.73234779225832
AverageLbd = 9.179731569733514
value = 1076
time = 8.03

[[solution_objectives]]
nodes = 11374
restarts = 3
peakDepth = 180
solveTime = 3.30399673
failures = 10301
propagations = 325250
nogoods = 10301
AverageConflictSize = 36.07504125813028
NumUnitNogoodsLearned = 458
AverageLearnedNogoodLength = 33.73934569459276
AverageLbd = 9.184351033880207
value = 852
time = 8.04

[[solution_objectives]]
nodes = 12631
restarts = 4
peakDepth = 180
solveTime = 3.608155746
failures = 11284
propagations = 352719
nogoods = 11284
AverageConflictSize = 35.84012761432116
NumUnitNogoodsLearned = 458
AverageLearnedNogoodLength = 33.78677773839064
AverageLbd = 9.21951435661113
value = 814
time = 8.36

[[solution_objectives]]
nodes = 13014
restarts = 5
peakDepth = 180
solveTime = 3.6663130280000003
failures = 11452
propagations = 358536
nogoods = 11452
AverageConflictSize = 35.81845965770171
NumUnitNogoodsLearned = 458
AverageLearnedNogoodLength = 33.79112818721621
AverageLbd = 9.235766678309465
value = 771
time = 8.41
