instance = "pumpkin-v3/opt/n50_k5/instance_n50_k5_0012.fzn"
directory = "experiments/20260605-18.05.57.686725-pumpkin-v3/208"
status = "OPTIMAL"
num_solutions = 3
wall_clock_time = 44.9
cpu_time = 38.93
failures = "131430"
propagations = "3590006"
solveTime = "38.902421929"
nodes = "138551"
peakDepth = "284"
restarts = "38"
nogoods = "131430"
AverageLbd = "16.82217910674884"
AverageLearnedNogoodLength = "42.14698318496538"
AverageConflictSize = "34.52726166019934"
NumUnitNogoodsLearned = "247"

[[solution_objectives]]
nodes = 15462
restarts = 32
peakDepth = 275
solveTime = 4.180290416
failures = 12881
propagations = 445466
nogoods = 12881
AverageConflictSize = 37.49421628755531
NumUnitNogoodsLearned = 246
AverageLearnedNogoodLength = 45.98750097042155
AverageLbd = 21.086872137256425
value = 279
time = 9.29

[[solution_objectives]]
nodes = 137790
restarts = 38
peakDepth = 275
solveTime = 38.842023487
failures = 131119
propagations = 3581381
nogoods = 131119
AverageConflictSize = 34.59553535338128
NumUnitNogoodsLearned = 246
AverageLearnedNogoodLength = 42.22048673342536
AverageLbd = 16.848824350399255
value = 275
time = 43.95

[[solution_objectives]]
nodes = 138551
restarts = 38
peakDepth = 284
solveTime = 38.902070454
failures = 131429
propagations = 3589948
nogoods = 131429
AverageConflictSize = 34.52744828005996
NumUnitNogoodsLearned = 246
AverageLearnedNogoodLength = 42.147296258816546
AverageLbd = 16.822299492501656
value = 262
time = 44.01
