instance = "pumpkin-v0/opt/n100_k10/instance_n100_k10_0013.fzn"
directory = "experiments/20260602-11.16.13.665988-pumpkin-v0/382"
status = "SATISFIABLE"
num_solutions = 2
wall_clock_time = 1801.9
cpu_time = 1786.31
failures = "4146351"
propagations = "1601437430"
solveTime = "1795.996539207"
nodes = "7245062"
peakDepth = "1003"
restarts = "11135"
nogoods = "4146351"
AverageLbd = "15.213760484821472"
AverageLearnedNogoodLength = "43.03193410302215"
AverageConflictSize = "13.403816271222576"
NumUnitNogoodsLearned = "156"

[[solution_objectives]]
nodes = 212403
restarts = 46
peakDepth = 902
solveTime = 62.923453131
failures = 152517
propagations = 58633312
nogoods = 152517
AverageConflictSize = 19.676370502960324
NumUnitNogoodsLearned = 156
AverageLearnedNogoodLength = 58.68673000386842
AverageLbd = 17.058596746592183
value = 197
time = 67.3

[[solution_objectives]]
nodes = 213856
restarts = 47
peakDepth = 1003
solveTime = 63.048200338
failures = 152670
propagations = 58767322
nogoods = 152670
AverageConflictSize = 19.668539988209865
NumUnitNogoodsLearned = 156
AverageLearnedNogoodLength = 58.70720508285845
AverageLbd = 17.060286893299274
value = 196
time = 67.41
