instance = "pumpkin-v0/opt/n50_k3/instance_n50_k3_0011.fzn"
directory = "experiments/20260602-11.16.13.665988-pumpkin-v0/367"
status = "OPTIMAL"
num_solutions = 2
wall_clock_time = 4.49
cpu_time = 2.6999999999999997
failures = "10352"
propagations = "3648743"
solveTime = "2.623054436"
nodes = "12406"
peakDepth = "169"
restarts = "3"
nogoods = "10352"
AverageLbd = "9.028883307573416"
AverageLearnedNogoodLength = "25.39258114374034"
AverageConflictSize = "34.19976816074188"
NumUnitNogoodsLearned = "459"

[[solution_objectives]]
nodes = 11866
restarts = 3
peakDepth = 162
solveTime = 2.595073379
failures = 10141
propagations = 3575678
nogoods = 10141
AverageConflictSize = 34.790257371067945
NumUnitNogoodsLearned = 458
AverageLearnedNogoodLength = 25.830884528153042
AverageLbd = 9.162311409131249
value = 874
time = 4.27

[[solution_objectives]]
nodes = 12406
restarts = 3
peakDepth = 169
solveTime = 2.622981995
failures = 10351
propagations = 3648729
nogoods = 10351
AverageConflictSize = 34.202589121823976
NumUnitNogoodsLearned = 458
AverageLearnedNogoodLength = 25.394937687179983
AverageLbd = 9.029658970147812
value = 771
time = 4.29
