instance = "pumpkin-v2/opt/n150_k15/instance_n150_k15_0009.fzn"
directory = "experiments/20260603-09.01.52.920058-pumpkin-v2/153"
status = "OPTIMAL"
num_solutions = 3
wall_clock_time = 19.34
cpu_time = 15.46
failures = "15567"
propagations = "1378706"
solveTime = "15.352163973"
nodes = "26525"
peakDepth = "2004"
restarts = "4"
nogoods = "15567"
AverageLbd = "31.189310721397828"
AverageLearnedNogoodLength = "67.86066679514357"
AverageConflictSize = "34.314896897282715"
NumUnitNogoodsLearned = "178"

[[solution_objectives]]
nodes = 20285
restarts = 2
peakDepth = 1983
solveTime = 14.326221371
failures = 14720
propagations = 1310007
nogoods = 14720
AverageConflictSize = 34.71107336956522
NumUnitNogoodsLearned = 178
AverageLearnedNogoodLength = 67.94741847826087
AverageLbd = 31.044429347826085
value = 233
time = 17.96

[[solution_objectives]]
nodes = 24574
restarts = 4
peakDepth = 2004
solveTime = 15.252687172
failures = 15563
propagations = 1372833
nogoods = 15563
AverageConflictSize = 34.31921865964146
NumUnitNogoodsLearned = 178
AverageLearnedNogoodLength = 67.85362719270064
AverageLbd = 31.18839555355651
value = 205
time = 18.88

[[solution_objectives]]
nodes = 26525
restarts = 4
peakDepth = 2004
solveTime = 15.352158607
failures = 15567
propagations = 1378706
nogoods = 15567
AverageConflictSize = 34.314896897282715
NumUnitNogoodsLearned = 178
AverageLearnedNogoodLength = 67.86066679514357
AverageLbd = 31.189310721397828
value = 179
time = 18.99
