instance = "pumpkin-v0/opt/n20_k10/instance_n20_k10_0017.fzn"
directory = "experiments/20260602-11.16.13.665988-pumpkin-v0/291"
status = "OPTIMAL"
num_solutions = 2
wall_clock_time = 11.39
cpu_time = 7.37
failures = "32658"
propagations = "3491023"
solveTime = "7.296728803"
nodes = "41274"
peakDepth = "176"
restarts = "19"
nogoods = "32658"
AverageLbd = "9.893747320717742"
AverageLearnedNogoodLength = "51.123002020944334"
AverageConflictSize = "19.46102027068406"
NumUnitNogoodsLearned = "375"

[[solution_objectives]]
nodes = 24883
restarts = 1
peakDepth = 176
solveTime = 3.702071775
failures = 20258
propagations = 2165633
nogoods = 20258
AverageConflictSize = 16.110079968407543
NumUnitNogoodsLearned = 374
AverageLearnedNogoodLength = 48.63856254319281
AverageLbd = 10.034406160529173
value = 476
time = 7.03

[[solution_objectives]]
nodes = 25146
restarts = 2
peakDepth = 176
solveTime = 3.72694195
failures = 20333
propagations = 2175033
nogoods = 20333
AverageConflictSize = 16.09039492450696
NumUnitNogoodsLearned = 374
AverageLearnedNogoodLength = 48.581419367530614
AverageLbd = 10.041410514926474
value = 379
time = 7.05
