instance = "pumpkin-v3/opt/n100_k7/instance_n100_k7_0019.fzn"
directory = "experiments/20260610-15.09.41.739715-pumpkin-v3/136"
status = "SATISFIABLE"
num_solutions = 5
wall_clock_time = 1802.78
cpu_time = 1777.72
failures = "795292"
propagations = "23087629"
solveTime = "1785.520521897"
nodes = "1066731"
peakDepth = "848"
restarts = "0"
nogoods = "795292"
AverageLbd = "55.41929379397756"
AverageLearnedNogoodLength = "81.84727622055799"
AverageConflictSize = "76.45359063086262"
NumUnitNogoodsLearned = "0"
circuitNumberPropagationsTotal = "4243240"
circuitNumberCircuitConflicts = "687138"
circuitNumberAlldiffConflicts = "0"
circuitNumberTotalFixedEdgesAtConflict = "65264781"
circuitNumberNumberOfConflicts = "687138"
circuitNumberGacPrunings = "5140061"
circuitNumberPropagationsThatGacPruned = "2070016"
circuitNumberTotalPruningHallSetSize = "10316231"
circuitNumberNumberOfPruningExplanations = "5140061"
circuitNumberMaxPruningHallSetSize = "356"
circuitNumberTotalSccSizeAtPruning = "6928562"
circuitNumberNumberOfSccPruningCalls = "2070016"
circuitNumberTotalVarsInvolvedInPruning = "4624584"
circuitNumberMaxValuesPrunedFromSingleVar = "27"
circuitNumberHallCircuitChecks = "8259040"
circuitNumberHallCircuitPrunings = "168685"
circuitNumberCircuitPreventPrunings = "1993285"

[[solution_objectives]]
nodes = 1613
restarts = 0
peakDepth = 848
solveTime = 0.855314713
failures = 608
propagations = 19078
nogoods = 608
AverageConflictSize = 88.85361842105263
NumUnitNogoodsLearned = 0
AverageLearnedNogoodLength = 64.01809210526316
AverageLbd = 62.01151315789474
value = 998
time = 16.02

[[solution_objectives]]
nodes = 2544
restarts = 0
peakDepth = 848
solveTime = 0.917171499
failures = 644
propagations = 22576
nogoods = 644
AverageConflictSize = 85.16304347826087
NumUnitNogoodsLearned = 0
AverageLearnedNogoodLength = 62.43633540372671
AverageLbd = 59.88509316770186
value = 350
time = 16.07

[[solution_objectives]]
nodes = 3387
restarts = 0
peakDepth = 848
solveTime = 0.953434956
failures = 658
propagations = 25025
nogoods = 658
AverageConflictSize = 83.91033434650456
NumUnitNogoodsLearned = 0
AverageLearnedNogoodLength = 62.20668693009119
AverageLbd = 59.28115501519757
value = 313
time = 16.11

[[solution_objectives]]
nodes = 4178
restarts = 0
peakDepth = 848
solveTime = 0.972522211
failures = 659
propagations = 26977
nogoods = 659
AverageConflictSize = 83.78603945371775
NumUnitNogoodsLearned = 0
AverageLearnedNogoodLength = 62.23368740515933
AverageLbd = 59.23672230652504
value = 286
time = 16.13

[[solution_objectives]]
nodes = 4968
restarts = 0
peakDepth = 848
solveTime = 0.990179767
failures = 659
propagations = 28887
nogoods = 659
AverageConflictSize = 83.78603945371775
NumUnitNogoodsLearned = 0
AverageLearnedNogoodLength = 62.23368740515933
AverageLbd = 59.23672230652504
value = 276
time = 16.15
