instance = "pumpkin-v1/opt/n100_k7/instance_n100_k7_0017.fzn"
directory = "experiments/20260610-10.42.57.240042-pumpkin-v1/16"
status = "SATISFIABLE"
num_solutions = 4
wall_clock_time = 1801.29
cpu_time = 1793.1100000000001
failures = "2023541"
propagations = "63995640"
solveTime = "1798.11429498"
nodes = "2214113"
peakDepth = "853"
restarts = "3"
nogoods = "2023541"
AverageLbd = "57.50133256504316"
AverageLearnedNogoodLength = "74.13048907830382"
AverageConflictSize = "86.40558852032156"
NumUnitNogoodsLearned = "0"
circuitNumberPropagationsThatFoundConflict = "1777766"
circuitNumberTotalFixedEdgesAtConflict = "173546664"
circuitNumberNumberOfConflicts = "1777766"
circuitNumberPropagationsThatPruned = "1071934"
circuitNumberPropagationsTotal = "6343315"
allDifferentNumberTotalHallSetSize = "29160429"
allDifferentNumberNumberOfConflicts = "775740"
allDifferentNumberMaxHallSetSize = "475"
allDifferentNumberPropagationsTotal = "8742222"
allDifferentNumberPropagationsThatFoundConflict = "775740"

[[solution_objectives]]
nodes = 70378
restarts = 0
peakDepth = 827
solveTime = 24.781994115
failures = 53942
propagations = 1088241
nogoods = 53942
AverageConflictSize = 52.052982833413665
NumUnitNogoodsLearned = 0
AverageLearnedNogoodLength = 54.446053168217716
AverageLbd = 42.14165214489637
value = 738
time = 26.73

[[solution_objectives]]
nodes = 145623
restarts = 1
peakDepth = 839
solveTime = 48.893306512
failures = 100632
propagations = 2572722
nogoods = 100632
AverageConflictSize = 47.61052150409412
NumUnitNogoodsLearned = 0
AverageLearnedNogoodLength = 53.00500834724541
AverageLbd = 40.667153589315525
value = 557
time = 50.83

[[solution_objectives]]
nodes = 198313
restarts = 2
peakDepth = 853
solveTime = 67.923278899
failures = 135159
propagations = 3633163
nogoods = 135159
AverageConflictSize = 47.49273818243698
NumUnitNogoodsLearned = 0
AverageLearnedNogoodLength = 53.31275756701366
AverageLbd = 40.59257615105172
value = 481
time = 69.86

[[solution_objectives]]
nodes = 469741
restarts = 3
peakDepth = 853
solveTime = 141.385137103
failures = 309202
propagations = 9068876
nogoods = 309202
AverageConflictSize = 41.8163239565074
NumUnitNogoodsLearned = 0
AverageLearnedNogoodLength = 48.8862588210943
AverageLbd = 33.3987781450314
value = 241
time = 143.33
