instance = "pumpkin-v3/opt/n150_k15/instance_n150_k15_0010.fzn"
directory = "experiments/20260605-18.05.57.686725-pumpkin-v3/162"
status = "OPTIMAL"
num_solutions = 3
wall_clock_time = 22.55
cpu_time = 20.22
failures = "10401"
propagations = "930319"
solveTime = "20.077806607"
nodes = "17249"
peakDepth = "1618"
restarts = "2"
nogoods = "10401"
AverageLbd = "41.09422170945101"
AverageLearnedNogoodLength = "139.0268243438131"
AverageConflictSize = "55.628016536871456"
NumUnitNogoodsLearned = "142"

[[solution_objectives]]
nodes = 13837
restarts = 1
peakDepth = 1618
solveTime = 19.209465627
failures = 10003
propagations = 887013
nogoods = 10003
AverageConflictSize = 55.056782965110465
NumUnitNogoodsLearned = 142
AverageLearnedNogoodLength = 140.69869039288213
AverageLbd = 41.00249925022493
value = 456
time = 21.24

[[solution_objectives]]
nodes = 16110
restarts = 2
peakDepth = 1618
solveTime = 19.985083946
failures = 10401
propagations = 924637
nogoods = 10401
AverageConflictSize = 55.628016536871456
NumUnitNogoodsLearned = 142
AverageLearnedNogoodLength = 139.0268243438131
AverageLbd = 41.09422170945101
value = 434
time = 22.02

[[solution_objectives]]
nodes = 17249
restarts = 2
peakDepth = 1618
solveTime = 20.077797219
failures = 10401
propagations = 930319
nogoods = 10401
AverageConflictSize = 55.628016536871456
NumUnitNogoodsLearned = 142
AverageLearnedNogoodLength = 139.0268243438131
AverageLbd = 41.09422170945101
value = 143
time = 22.13
