instance = "pumpkin-v1/opt/n50_k3/instance_n50_k3_0006.fzn"
directory = "experiments/20260602-15.07.06.641281-pumpkin-v1/365"
status = "OPTIMAL"
num_solutions = 2
wall_clock_time = 95.42
cpu_time = 88.08
failures = "267693"
propagations = "8426350"
solveTime = "88.102573956"
nodes = "302396"
peakDepth = "182"
restarts = "295"
nogoods = "267693"
AverageLbd = "8.866761551478746"
AverageLearnedNogoodLength = "36.96620008741357"
AverageConflictSize = "35.92413697780667"
NumUnitNogoodsLearned = "660"

[[solution_objectives]]
nodes = 21934
restarts = 13
peakDepth = 181
solveTime = 4.126957667
failures = 16053
propagations = 589226
nogoods = 16053
AverageConflictSize = 30.418301875038935
NumUnitNogoodsLearned = 659
AverageLearnedNogoodLength = 29.87628480657821
AverageLbd = 10.99862953964991
value = 923
time = 10.27

[[solution_objectives]]
nodes = 24206
restarts = 14
peakDepth = 182
solveTime = 4.607295255
failures = 17650
propagations = 647135
nogoods = 17650
AverageConflictSize = 30.49869688385269
NumUnitNogoodsLearned = 659
AverageLearnedNogoodLength = 30.13903682719547
AverageLbd = 10.972124645892352
value = 833
time = 10.74
