instance = "pumpkin-v0/opt/n150_k15/instance_n150_k15_0004.fzn"
directory = "experiments/20260609-14.46.48.023744-pumpkin-v0/26"
status = "SATISFIABLE"
num_solutions = 3
wall_clock_time = 1800.0
cpu_time = 1800.0
failures = "85228"
propagations = "101757849"
solveTime = "150.418112095"
nodes = "141308"
peakDepth = "2504"
restarts = "0"
nogoods = "85228"
AverageLbd = "98.93283897310742"
AverageLearnedNogoodLength = "109.28502370113108"
AverageConflictSize = "99.80626085324072"
NumUnitNogoodsLearned = "0"
circuitNumberPropagationsThatFoundConflict = "138164"
circuitNumberTotalFixedEdgesAtConflict = "20036202"
circuitNumberNumberOfConflicts = "138164"
circuitNumberPropagationsThatPruned = "74566"
circuitNumberPropagationsTotal = "452059"

[[solution_objectives]]
nodes = 7351
restarts = 0
peakDepth = 2504
solveTime = 0.992065675
failures = 2867
propagations = 3004172
nogoods = 2867
AverageConflictSize = 8.663062434600628
NumUnitNogoodsLearned = 0
AverageLearnedNogoodLength = 26.803976281827694
AverageLbd = 13.540983606557377
value = 824
time = 4.56

[[solution_objectives]]
nodes = 137560
restarts = 0
peakDepth = 2504
solveTime = 149.101651116
failures = 84480
propagations = 100976039
nogoods = 84480
AverageConflictSize = 99.65404829545454
NumUnitNogoodsLearned = 0
AverageLearnedNogoodLength = 109.22974668560606
AverageLbd = 98.88620975378788
value = 291
time = 152.67

[[solution_objectives]]
nodes = 141308
restarts = 0
peakDepth = 2504
solveTime = 150.418112095
failures = 85228
propagations = 101757849
nogoods = 85228
AverageConflictSize = 99.80626085324072
NumUnitNogoodsLearned = 0
AverageLearnedNogoodLength = 109.28502370113108
AverageLbd = 98.93283897310742
value = 278
time = 153.99
