instance = "pumpkin-v1/opt/n100_k5/instance_n100_k5_0018.fzn"
directory = "experiments/20260610-10.42.57.240042-pumpkin-v1/224"
status = "SATISFIABLE"
num_solutions = 7
wall_clock_time = 1801.73
cpu_time = 1789.3300000000002
failures = "1946047"
propagations = "65862579"
solveTime = "1797.201953967"
nodes = "3116692"
peakDepth = "582"
restarts = "0"
nogoods = "1946047"
AverageLbd = "35.62040382375143"
AverageLearnedNogoodLength = "62.726744523642026"
AverageConflictSize = "36.6696395308027"
NumUnitNogoodsLearned = "0"
circuitNumberPropagationsThatFoundConflict = "402571"
circuitNumberTotalFixedEdgesAtConflict = "34574624"
circuitNumberNumberOfConflicts = "402571"
circuitNumberPropagationsThatPruned = "4700957"
circuitNumberPropagationsTotal = "18425526"
allDifferentNumberTotalHallSetSize = "303193976"
allDifferentNumberNumberOfConflicts = "7276890"
allDifferentNumberMaxHallSetSize = "748"
allDifferentNumberPropagationsTotal = "33622069"
allDifferentNumberPropagationsThatFoundConflict = "7276890"

[[solution_objectives]]
nodes = 29393
restarts = 0
peakDepth = 582
solveTime = 12.370961823
failures = 21183
propagations = 543559
nogoods = 21183
AverageConflictSize = 51.71580984751924
NumUnitNogoodsLearned = 0
AverageLearnedNogoodLength = 45.52518529009111
AverageLbd = 36.72322145116367
value = 1056
time = 15.12

[[solution_objectives]]
nodes = 1151249
restarts = 0
peakDepth = 582
solveTime = 711.472912494
failures = 997325
propagations = 28985562
nogoods = 997325
AverageConflictSize = 46.56414609079287
NumUnitNogoodsLearned = 0
AverageLearnedNogoodLength = 54.33900182989497
AverageLbd = 32.717953525681196
value = 293
time = 714.2

[[solution_objectives]]
nodes = 1159350
restarts = 0
peakDepth = 582
solveTime = 714.934185055
failures = 1002789
propagations = 29106005
nogoods = 1002789
AverageConflictSize = 46.53464686987991
NumUnitNogoodsLearned = 0
AverageLearnedNogoodLength = 54.283384640238374
AverageLbd = 32.65753712894737
value = 222
time = 717.67

[[solution_objectives]]
nodes = 1159964
restarts = 0
peakDepth = 582
solveTime = 714.9485038
failures = 1002797
propagations = 29108347
nogoods = 1002797
AverageConflictSize = 46.53431153064878
NumUnitNogoodsLearned = 0
AverageLearnedNogoodLength = 54.28302836965009
AverageLbd = 32.65732645789726
value = 209
time = 717.69

[[solution_objectives]]
nodes = 1171925
restarts = 0
peakDepth = 582
solveTime = 717.57405597
failures = 1006996
propagations = 29306435
nogoods = 1006996
AverageConflictSize = 46.4299818469984
NumUnitNogoodsLearned = 0
AverageLearnedNogoodLength = 54.22182809067762
AverageLbd = 32.61119110701532
value = 201
time = 720.32

[[solution_objectives]]
nodes = 1172694
restarts = 0
peakDepth = 582
solveTime = 717.619010876
failures = 1007039
propagations = 29311127
nogoods = 1007039
AverageConflictSize = 46.4287132871716
NumUnitNogoodsLearned = 0
AverageLearnedNogoodLength = 54.22050188721589
AverageLbd = 32.6102941395517
value = 200
time = 720.36

[[solution_objectives]]
nodes = 1173250
restarts = 0
peakDepth = 582
solveTime = 717.632870372
failures = 1007044
propagations = 29313259
nogoods = 1007044
AverageConflictSize = 46.42850659951303
NumUnitNogoodsLearned = 0
AverageLearnedNogoodLength = 54.220270415195365
AverageLbd = 32.61016499775581
value = 181
time = 720.38
