instance = "pumpkin-v2/opt/n100_k20/instance_n100_k20_0017.fzn"
directory = "experiments/20260603-09.01.52.920058-pumpkin-v2/409"
status = "OPTIMAL"
num_solutions = 3
wall_clock_time = 15.65
cpu_time = 13.93
failures = "10566"
propagations = "1156658"
solveTime = "13.829566464"
nodes = "20059"
peakDepth = "1673"
restarts = "4"
nogoods = "10566"
AverageLbd = "19.52375544198372"
AverageLearnedNogoodLength = "358.7148400530002"
AverageConflictSize = "74.02574294908196"
NumUnitNogoodsLearned = "144"

[[solution_objectives]]
nodes = 16843
restarts = 3
peakDepth = 1673
solveTime = 13.420112005
failures = 10365
propagations = 1085568
nogoods = 10365
AverageConflictSize = 74.7438494934877
NumUnitNogoodsLearned = 143
AverageLearnedNogoodLength = 362.4621321755909
AverageLbd = 19.63386396526773
value = 356
time = 15.02

[[solution_objectives]]
nodes = 19227
restarts = 4
peakDepth = 1673
solveTime = 13.774795852
failures = 10546
propagations = 1146137
nogoods = 10546
AverageConflictSize = 74.0963398444908
NumUnitNogoodsLearned = 143
AverageLearnedNogoodLength = 359.2367722359188
AverageLbd = 19.529774322017825
value = 348
time = 15.35

[[solution_objectives]]
nodes = 20059
restarts = 4
peakDepth = 1673
solveTime = 13.825724759
failures = 10565
propagations = 1154540
nogoods = 10565
AverageConflictSize = 74.02460955986749
NumUnitNogoodsLearned = 143
AverageLearnedNogoodLength = 358.74869853289164
AverageLbd = 19.525508755324182
value = 158
time = 15.4
