instance = "pumpkin-v3/opt/n50_k7/instance_n50_k7_0014.fzn"
directory = "experiments/20260605-18.05.57.686725-pumpkin-v3/374"
status = "OPTIMAL"
num_solutions = 3
wall_clock_time = 11.78
cpu_time = 2.4299999999999997
failures = "10350"
propagations = "376443"
solveTime = "2.334057207"
nodes = "12669"
peakDepth = "444"
restarts = "3"
nogoods = "10350"
AverageLbd = "15.355265700483091"
AverageLearnedNogoodLength = "32.97169082125604"
AverageConflictSize = "18.27487922705314"
NumUnitNogoodsLearned = "291"

[[solution_objectives]]
nodes = 11608
restarts = 2
peakDepth = 430
solveTime = 2.298970585
failures = 10283
propagations = 371198
nogoods = 10283
AverageConflictSize = 18.2664592045123
NumUnitNogoodsLearned = 291
AverageLearnedNogoodLength = 32.94709715063697
AverageLbd = 15.339978605465332
value = 770
time = 10.65

[[solution_objectives]]
nodes = 12289
restarts = 3
peakDepth = 444
solveTime = 2.327664782
failures = 10348
propagations = 375157
nogoods = 10348
AverageConflictSize = 18.277444916892154
NumUnitNogoodsLearned = 291
AverageLearnedNogoodLength = 32.97033243138771
AverageLbd = 15.356010823347507
value = 416
time = 10.68

[[solution_objectives]]
nodes = 12669
restarts = 3
peakDepth = 444
solveTime = 2.33404626
failures = 10350
propagations = 376443
nogoods = 10350
AverageConflictSize = 18.27487922705314
NumUnitNogoodsLearned = 291
AverageLearnedNogoodLength = 32.97169082125604
AverageLbd = 15.355265700483091
value = 292
time = 10.69
