instance = "pumpkin-v3/opt/n100_k7/instance_n100_k7_0012.fzn"
directory = "experiments/20260605-18.05.57.686725-pumpkin-v3/145"
status = "OPTIMAL"
num_solutions = 2
wall_clock_time = 30.13
cpu_time = 28.47
failures = "44630"
propagations = "1658611"
solveTime = "29.588508545"
nodes = "49868"
peakDepth = "998"
restarts = "5"
nogoods = "44630"
AverageLbd = "27.441855254313243"
AverageLearnedNogoodLength = "66.7109567555456"
AverageConflictSize = "26.29894689670625"
NumUnitNogoodsLearned = "202"

[[solution_objectives]]
nodes = 13127
restarts = 4
peakDepth = 998
solveTime = 9.443050712
failures = 10632
propagations = 545113
nogoods = 10632
AverageConflictSize = 25.654063205417607
NumUnitNogoodsLearned = 202
AverageLearnedNogoodLength = 82.16770127915726
AverageLbd = 38.918077501881115
value = 295
time = 9.93

[[solution_objectives]]
nodes = 49868
restarts = 5
peakDepth = 998
solveTime = 29.588503526
failures = 44630
propagations = 1658611
nogoods = 44630
AverageConflictSize = 26.29894689670625
NumUnitNogoodsLearned = 202
AverageLearnedNogoodLength = 66.7109567555456
AverageLbd = 27.441855254313243
value = 203
time = 30.08
