instance = "pumpkin-v1/opt/n50_k5/instance_n50_k5_0024.fzn"
directory = "experiments/20260602-15.07.06.641281-pumpkin-v1/214"
status = "SATISFIABLE"
num_solutions = 2
wall_clock_time = 1800.0
cpu_time = 1800.0
failures = "3179455"
propagations = "87930589"
solveTime = "1798.702498062"
nodes = "3313087"
peakDepth = "295"
restarts = "1189"
nogoods = "3179455"
AverageLbd = "17.733141057193766"
AverageLearnedNogoodLength = "48.21727025543686"
AverageConflictSize = "44.43737590247385"
NumUnitNogoodsLearned = "227"

[[solution_objectives]]
nodes = 21843
restarts = 6
peakDepth = 280
solveTime = 3.276689126
failures = 13119
propagations = 445834
nogoods = 13119
AverageConflictSize = 24.184541504687857
NumUnitNogoodsLearned = 227
AverageLearnedNogoodLength = 29.686713926366338
AverageLbd = 13.199481667810046
value = 312
time = 4.79

[[solution_objectives]]
nodes = 22737
restarts = 7
peakDepth = 295
solveTime = 3.310779343
failures = 13177
propagations = 450979
nogoods = 13177
AverageConflictSize = 24.150413599453593
NumUnitNogoodsLearned = 227
AverageLearnedNogoodLength = 29.66623662442134
AverageLbd = 13.207558624876679
value = 239
time = 4.82
