instance = "pumpkin-v3/opt/n100_k15/instance_n100_k15_0006.fzn"
directory = "experiments/20260605-18.05.57.686725-pumpkin-v3/119"
status = "OPTIMAL"
num_solutions = 2
wall_clock_time = 181.3
cpu_time = 179.99
failures = "99028"
propagations = "9390614"
solveTime = "180.707462371"
nodes = "102608"
peakDepth = "766"
restarts = "2"
nogoods = "99028"
AverageLbd = "40.81009411479582"
AverageLearnedNogoodLength = "130.10818152441735"
AverageConflictSize = "92.4100557418104"
NumUnitNogoodsLearned = "174"

[[solution_objectives]]
nodes = 101956
restarts = 2
peakDepth = 766
solveTime = 180.643032736
failures = 99027
propagations = 9386401
nogoods = 99027
AverageConflictSize = 92.41093843093297
NumUnitNogoodsLearned = 174
AverageLearnedNogoodLength = 130.1088793965282
AverageLbd = 40.81030426045422
value = 219
time = 181.05

[[solution_objectives]]
nodes = 102608
restarts = 2
peakDepth = 766
solveTime = 180.707451999
failures = 99028
propagations = 9390614
nogoods = 99028
AverageConflictSize = 92.4100557418104
NumUnitNogoodsLearned = 174
AverageLearnedNogoodLength = 130.10818152441735
AverageLbd = 40.81009411479582
value = 175
time = 181.1
