instance = "pumpkin-v2/opt/n150_k10/instance_n150_k10_0016.fzn"
directory = "experiments/20260603-09.01.52.920058-pumpkin-v2/20"
status = "OPTIMAL"
num_solutions = 2
wall_clock_time = 386.0
cpu_time = 377.98
failures = "169183"
propagations = "8802123"
solveTime = "379.194997498"
nodes = "180403"
peakDepth = "1284"
restarts = "3"
nogoods = "169183"
AverageLbd = "79.32348403799436"
AverageLearnedNogoodLength = "161.1106021290555"
AverageConflictSize = "124.48244208933522"
NumUnitNogoodsLearned = "168"

[[solution_objectives]]
nodes = 179120
restarts = 3
peakDepth = 1276
solveTime = 379.093016177
failures = 169183
propagations = 8798259
nogoods = 169183
AverageConflictSize = 124.48244208933522
NumUnitNogoodsLearned = 168
AverageLearnedNogoodLength = 161.1106021290555
AverageLbd = 79.32348403799436
value = 404
time = 384.8

[[solution_objectives]]
nodes = 180403
restarts = 3
peakDepth = 1284
solveTime = 379.194991913
failures = 169183
propagations = 8802123
nogoods = 169183
AverageConflictSize = 124.48244208933522
NumUnitNogoodsLearned = 168
AverageLearnedNogoodLength = 161.1106021290555
AverageLbd = 79.32348403799436
value = 169
time = 384.9
