instance = "pumpkin-v0/opt/n100_k5/instance_n100_k5_0013.fzn"
directory = "experiments/20260602-11.16.13.665988-pumpkin-v0/228"
status = "OPTIMAL"
num_solutions = 4
wall_clock_time = 1128.75
cpu_time = 1120.8300000000002
failures = "2116437"
propagations = "876181730"
solveTime = "1123.960780886"
nodes = "2956977"
peakDepth = "614"
restarts = "4628"
nogoods = "2116437"
AverageLbd = "10.998311312833787"
AverageLearnedNogoodLength = "61.19986798567593"
AverageConflictSize = "29.713258178722068"
NumUnitNogoodsLearned = "161"

[[solution_objectives]]
nodes = 102597
restarts = 138
peakDepth = 550
solveTime = 18.637707447
failures = 64948
propagations = 31533882
nogoods = 64948
AverageConflictSize = 9.087747120773543
NumUnitNogoodsLearned = 160
AverageLearnedNogoodLength = 23.475642052103222
AverageLbd = 10.924647410235881
value = 208
time = 21.26

[[solution_objectives]]
nodes = 103644
restarts = 139
peakDepth = 569
solveTime = 18.734583963
failures = 65185
propagations = 31652656
nogoods = 65185
AverageConflictSize = 9.091861624606889
NumUnitNogoodsLearned = 160
AverageLearnedNogoodLength = 23.508844059216077
AverageLbd = 10.926808314796348
value = 202
time = 21.34

[[solution_objectives]]
nodes = 109562
restarts = 140
peakDepth = 614
solveTime = 20.322392978
failures = 68998
propagations = 33506337
nogoods = 68998
AverageConflictSize = 9.613336618452708
NumUnitNogoodsLearned = 160
AverageLearnedNogoodLength = 24.977071799182585
AverageLbd = 10.814096060755384
value = 198
time = 22.93

[[solution_objectives]]
nodes = 113387
restarts = 141
peakDepth = 614
solveTime = 21.215749635
failures = 71523
propagations = 34534543
nogoods = 71523
AverageConflictSize = 9.66972861876599
NumUnitNogoodsLearned = 160
AverageLearnedNogoodLength = 25.24748682242076
AverageLbd = 10.78454483173245
value = 196
time = 23.83
