instance = "pumpkin-v2/opt/n150_k7/instance_n150_k7_0015.fzn"
directory = "experiments/20260603-09.01.52.920058-pumpkin-v2/258"
status = "OPTIMAL"
num_solutions = 3
wall_clock_time = 84.77
cpu_time = 75.06
failures = "55715"
propagations = "1584664"
solveTime = "75.2023154"
nodes = "70514"
peakDepth = "1315"
restarts = "4"
nogoods = "55715"
AverageLbd = "44.97261060755631"
AverageLearnedNogoodLength = "156.590918065153"
AverageConflictSize = "53.117365161985106"
NumUnitNogoodsLearned = "150"

[[solution_objectives]]
nodes = 41449
restarts = 2
peakDepth = 1315
solveTime = 46.577274501
failures = 32240
propagations = 1107466
nogoods = 32240
AverageConflictSize = 79.54928660049627
NumUnitNogoodsLearned = 149
AverageLearnedNogoodLength = 184.39916253101737
AverageLbd = 47.815043424317615
value = 357
time = 55.44

[[solution_objectives]]
nodes = 68943
restarts = 4
peakDepth = 1315
solveTime = 74.988456822
failures = 55557
propagations = 1575198
nogoods = 55557
AverageConflictSize = 53.18733912918264
NumUnitNogoodsLearned = 149
AverageLearnedNogoodLength = 156.87502924923953
AverageLbd = 45.059812444876435
value = 204
time = 83.84

[[solution_objectives]]
nodes = 70514
restarts = 4
peakDepth = 1315
solveTime = 75.201635296
failures = 55714
propagations = 1584472
nogoods = 55714
AverageConflictSize = 53.11785188641993
NumUnitNogoodsLearned = 149
AverageLearnedNogoodLength = 156.59371073697812
AverageLbd = 44.973399863589044
value = 166
time = 84.06
