instance = "pumpkin-v2/opt/n150_k15/instance_n150_k15_0018.fzn"
directory = "experiments/20260603-09.01.52.920058-pumpkin-v2/164"
status = "OPTIMAL"
num_solutions = 2
wall_clock_time = 10.92
cpu_time = 9.23
failures = "11072"
propagations = "915985"
solveTime = "9.097074864"
nodes = "18604"
peakDepth = "1809"
restarts = "3"
nogoods = "11072"
AverageLbd = "18.60359465317919"
AverageLearnedNogoodLength = "33.10007225433526"
AverageConflictSize = "15.083634393063583"
NumUnitNogoodsLearned = "164"

[[solution_objectives]]
nodes = 16593
restarts = 3
peakDepth = 1809
solveTime = 8.854063982
failures = 10890
propagations = 898313
nogoods = 10890
AverageConflictSize = 15.000918273645546
NumUnitNogoodsLearned = 164
AverageLearnedNogoodLength = 33.11946740128558
AverageLbd = 18.655188246097335
value = 225
time = 10.42

[[solution_objectives]]
nodes = 18604
restarts = 3
peakDepth = 1809
solveTime = 9.097068186
failures = 11072
propagations = 915985
nogoods = 11072
AverageConflictSize = 15.083634393063583
NumUnitNogoodsLearned = 164
AverageLearnedNogoodLength = 33.10007225433526
AverageLbd = 18.60359465317919
value = 165
time = 10.66
