instance = "pumpkin-v1/opt/n20_k5/instance_n20_k5_0012.fzn"
directory = "experiments/20260610-10.42.57.240042-pumpkin-v1/315"
status = "OPTIMAL"
num_solutions = 4
wall_clock_time = 0.54
cpu_time = 0.13999999999999999
failures = "1491"
propagations = "56974"
solveTime = "0.089332973"
nodes = "3011"
peakDepth = "125"
restarts = "0"
nogoods = "1491"
AverageLbd = "5.525821596244131"
AverageLearnedNogoodLength = "12.539235412474849"
AverageConflictSize = "7.3796109993293095"
NumUnitNogoodsLearned = "1"
circuitNumberPropagationsThatFoundConflict = "463"
circuitNumberTotalFixedEdgesAtConflict = "6674"
circuitNumberNumberOfConflicts = "463"
circuitNumberPropagationsThatPruned = "1264"
circuitNumberPropagationsTotal = "6709"
allDifferentNumberTotalHallSetSize = "10085"
allDifferentNumberNumberOfConflicts = "2058"
allDifferentNumberMaxHallSetSize = "80"
allDifferentNumberPropagationsTotal = "13084"
allDifferentNumberPropagationsThatFoundConflict = "2058"

[[solution_objectives]]
nodes = 520
restarts = 0
peakDepth = 125
solveTime = 0.005457511
failures = 129
propagations = 4588
nogoods = 129
AverageConflictSize = 4.6976744186046515
NumUnitNogoodsLearned = 0
AverageLearnedNogoodLength = 4.705426356589148
AverageLbd = 4.488372093023256
value = 741
time = 0.38

[[solution_objectives]]
nodes = 738
restarts = 0
peakDepth = 125
solveTime = 0.00728619
failures = 165
propagations = 6164
nogoods = 165
AverageConflictSize = 4.672727272727273
NumUnitNogoodsLearned = 0
AverageLearnedNogoodLength = 4.793939393939394
AverageLbd = 4.454545454545454
value = 497
time = 0.38

[[solution_objectives]]
nodes = 1207
restarts = 0
peakDepth = 125
solveTime = 0.017169068
failures = 359
propagations = 11909
nogoods = 359
AverageConflictSize = 5.857938718662953
NumUnitNogoodsLearned = 0
AverageLearnedNogoodLength = 6.721448467966574
AverageLbd = 5.540389972144847
value = 396
time = 0.39

[[solution_objectives]]
nodes = 1550
restarts = 0
peakDepth = 125
solveTime = 0.02776967
failures = 549
propagations = 17922
nogoods = 549
AverageConflictSize = 6.619307832422587
NumUnitNogoodsLearned = 0
AverageLearnedNogoodLength = 9.032786885245901
AverageLbd = 5.910746812386157
value = 386
time = 0.4
