instance = "pumpkin-v3/opt/n100_k10/instance_n100_k10_0017.fzn"
directory = "experiments/20260605-18.05.57.686725-pumpkin-v3/343"
status = "OPTIMAL"
num_solutions = 2
wall_clock_time = 18.22
cpu_time = 11.62
failures = "14552"
propagations = "775303"
solveTime = "11.521359708"
nodes = "17793"
peakDepth = "800"
restarts = "2"
nogoods = "14552"
AverageLbd = "25.694131390874105"
AverageLearnedNogoodLength = "77.84696261682242"
AverageConflictSize = "43.92138537658054"
NumUnitNogoodsLearned = "157"

[[solution_objectives]]
nodes = 16965
restarts = 2
peakDepth = 800
solveTime = 11.46609107
failures = 14525
propagations = 770316
nogoods = 14525
AverageConflictSize = 43.93810671256455
NumUnitNogoodsLearned = 157
AverageLearnedNogoodLength = 77.86464716006884
AverageLbd = 25.697831325301205
value = 662
time = 16.98

[[solution_objectives]]
nodes = 17793
restarts = 2
peakDepth = 800
solveTime = 11.521347801
failures = 14552
propagations = 775303
nogoods = 14552
AverageConflictSize = 43.92138537658054
NumUnitNogoodsLearned = 157
AverageLearnedNogoodLength = 77.84696261682242
AverageLbd = 25.694131390874105
value = 158
time = 17.05
