instance = "pumpkin-v1/opt/n100_k10/instance_n100_k10_0002.fzn"
directory = "experiments/20260602-15.07.06.641281-pumpkin-v1/395"
status = "OPTIMAL"
num_solutions = 3
wall_clock_time = 555.59
cpu_time = 543.0
failures = "715608"
propagations = "37247435"
solveTime = "544.623106317"
nodes = "1255845"
peakDepth = "956"
restarts = "993"
nogoods = "715608"
AverageLbd = "26.471899419794077"
AverageLearnedNogoodLength = "68.27188488669775"
AverageConflictSize = "41.841309767358666"
NumUnitNogoodsLearned = "181"

[[solution_objectives]]
nodes = 1250586
restarts = 991
peakDepth = 928
solveTime = 544.003177193
failures = 714956
propagations = 37210142
nogoods = 714956
AverageConflictSize = 41.83931039112896
NumUnitNogoodsLearned = 181
AverageLearnedNogoodLength = 68.27696109970404
AverageLbd = 26.472539568868573
value = 186
time = 552.47

[[solution_objectives]]
nodes = 1254269
restarts = 993
peakDepth = 956
solveTime = 544.438916446
failures = 715351
propagations = 37235422
nogoods = 715351
AverageConflictSize = 41.842077525578354
NumUnitNogoodsLearned = 181
AverageLearnedNogoodLength = 68.27340144907885
AverageLbd = 26.47199486685557
value = 185
time = 552.89

[[solution_objectives]]
nodes = 1255845
restarts = 993
peakDepth = 956
solveTime = 544.623100284
failures = 715608
propagations = 37247435
nogoods = 715608
AverageConflictSize = 41.841309767358666
NumUnitNogoodsLearned = 181
AverageLearnedNogoodLength = 68.27188488669775
AverageLbd = 26.471899419794077
value = 182
time = 553.08
