instance = "pumpkin-v0/opt/n20_k5/instance_n20_k5_0012.fzn"
directory = "experiments/20260609-14.46.48.023744-pumpkin-v0/306"
status = "OPTIMAL"
num_solutions = 4
wall_clock_time = 12.83
cpu_time = 0.19
failures = "959"
propagations = "160633"
solveTime = "0.074537823"
nodes = "1858"
peakDepth = "123"
restarts = "0"
nogoods = "959"
AverageLbd = "5.9478623566214806"
AverageLearnedNogoodLength = "14.305526590198124"
AverageConflictSize = "9.145985401459853"
NumUnitNogoodsLearned = "1"
circuitNumberPropagationsThatFoundConflict = "888"
circuitNumberTotalFixedEdgesAtConflict = "12938"
circuitNumberNumberOfConflicts = "888"
circuitNumberPropagationsThatPruned = "726"
circuitNumberPropagationsTotal = "3588"

[[solution_objectives]]
nodes = 171
restarts = 0
peakDepth = 123
solveTime = 0.001842569
failures = 29
propagations = 5256
nogoods = 29
AverageConflictSize = 7.413793103448276
NumUnitNogoodsLearned = 0
AverageLearnedNogoodLength = 8.137931034482758
AverageLbd = 7.103448275862069
value = 741
time = 10.8

[[solution_objectives]]
nodes = 333
restarts = 0
peakDepth = 123
solveTime = 0.003482133
failures = 55
propagations = 9473
nogoods = 55
AverageConflictSize = 6.454545454545454
NumUnitNogoodsLearned = 0
AverageLearnedNogoodLength = 8.618181818181819
AverageLbd = 6.581818181818182
value = 497
time = 10.8

[[solution_objectives]]
nodes = 685
restarts = 0
peakDepth = 123
solveTime = 0.013934215
failures = 221
propagations = 32055
nogoods = 221
AverageConflictSize = 6.203619909502263
NumUnitNogoodsLearned = 0
AverageLearnedNogoodLength = 9.592760180995475
AverageLbd = 6.665158371040724
value = 396
time = 10.8

[[solution_objectives]]
nodes = 833
restarts = 0
peakDepth = 123
solveTime = 0.0175642
failures = 265
propagations = 39529
nogoods = 265
AverageConflictSize = 6.166037735849057
NumUnitNogoodsLearned = 0
AverageLearnedNogoodLength = 10.407547169811322
AverageLbd = 6.6415094339622645
value = 386
time = 10.8
