instance = "pumpkin-v0/opt/n20_k5/instance_n20_k5_0011.fzn"
directory = "experiments/20260609-14.46.48.023744-pumpkin-v0/297"
status = "OPTIMAL"
num_solutions = 3
wall_clock_time = 14.33
cpu_time = 0.46
failures = "3424"
propagations = "466549"
solveTime = "0.319878646"
nodes = "4071"
peakDepth = "126"
restarts = "0"
nogoods = "3424"
AverageLbd = "5.68428738317757"
AverageLearnedNogoodLength = "19.14748831775701"
AverageConflictSize = "7.488317757009346"
NumUnitNogoodsLearned = "1"
circuitNumberPropagationsThatFoundConflict = "628"
circuitNumberTotalFixedEdgesAtConflict = "8319"
circuitNumberNumberOfConflicts = "628"
circuitNumberPropagationsThatPruned = "1325"
circuitNumberPropagationsTotal = "4940"

[[solution_objectives]]
nodes = 264
restarts = 0
peakDepth = 126
solveTime = 0.00877539
failures = 133
propagations = 18686
nogoods = 133
AverageConflictSize = 3.2781954887218046
NumUnitNogoodsLearned = 0
AverageLearnedNogoodLength = 15.436090225563909
AverageLbd = 7.052631578947368
value = 861
time = 12.11

[[solution_objectives]]
nodes = 382
restarts = 0
peakDepth = 126
solveTime = 0.009739344
failures = 137
propagations = 19968
nogoods = 137
AverageConflictSize = 3.291970802919708
NumUnitNogoodsLearned = 0
AverageLearnedNogoodLength = 15.364963503649635
AverageLbd = 7
value = 487
time = 12.13

[[solution_objectives]]
nodes = 543
restarts = 0
peakDepth = 126
solveTime = 0.013643478
failures = 191
propagations = 27815
nogoods = 191
AverageConflictSize = 3.81151832460733
NumUnitNogoodsLearned = 0
AverageLearnedNogoodLength = 14.827225130890053
AverageLbd = 7.209424083769633
value = 368
time = 12.13
