instance = "pumpkin-v1/opt/n100_k15/instance_n100_k15_0000.fzn"
directory = "experiments/20260610-10.42.57.240042-pumpkin-v1/175"
status = "SATISFIABLE"
num_solutions = 6
wall_clock_time = 1800.0
cpu_time = 1800.0
failures = "1313876"
propagations = "28453900"
solveTime = "1033.356642031"
nodes = "1487979"
peakDepth = "1727"
restarts = "0"
nogoods = "1313876"
AverageLbd = "43.4920487169261"
AverageLearnedNogoodLength = "71.38350042165318"
AverageConflictSize = "52.78660162755085"
NumUnitNogoodsLearned = "0"
circuitNumberPropagationsThatFoundConflict = "623909"
circuitNumberTotalFixedEdgesAtConflict = "59672861"
circuitNumberNumberOfConflicts = "623909"
circuitNumberPropagationsThatPruned = "494607"
circuitNumberPropagationsTotal = "5706180"
allDifferentNumberTotalHallSetSize = "65253680"
allDifferentNumberNumberOfConflicts = "2329421"
allDifferentNumberMaxHallSetSize = "600"
allDifferentNumberPropagationsTotal = "12220833"
allDifferentNumberPropagationsThatFoundConflict = "2329421"

[[solution_objectives]]
nodes = 136410
restarts = 0
peakDepth = 1727
solveTime = 76.662524492
failures = 100200
propagations = 2391335
nogoods = 100200
AverageConflictSize = 40.42965069860279
NumUnitNogoodsLearned = 0
AverageLearnedNogoodLength = 65.80904191616766
AverageLbd = 53.83375249500998
value = 403
time = 79.13

[[solution_objectives]]
nodes = 458540
restarts = 0
peakDepth = 1727
solveTime = 322.692780696
failures = 404833
propagations = 9246028
nogoods = 404833
AverageConflictSize = 35.363883379072355
NumUnitNogoodsLearned = 0
AverageLearnedNogoodLength = 67.0777234069357
AverageLbd = 50.5674982029627
value = 364
time = 325.18

[[solution_objectives]]
nodes = 467207
restarts = 0
peakDepth = 1727
solveTime = 323.366457509
failures = 405077
propagations = 9303118
nogoods = 405077
AverageConflictSize = 35.34447524791583
NumUnitNogoodsLearned = 0
AverageLearnedNogoodLength = 67.03930363856749
AverageLbd = 50.53891482360144
value = 362
time = 325.86

[[solution_objectives]]
nodes = 1321604
restarts = 0
peakDepth = 1727
solveTime = 925.422084118
failures = 1153875
propagations = 26316234
nogoods = 1153875
AverageConflictSize = 50.00290499404181
NumUnitNogoodsLearned = 0
AverageLearnedNogoodLength = 70.65544361390965
AverageLbd = 44.39180933809988
value = 351
time = 927.93

[[solution_objectives]]
nodes = 1462804
restarts = 0
peakDepth = 1727
solveTime = 1018.953699743
failures = 1292055
propagations = 28136312
nogoods = 1292055
AverageConflictSize = 52.395079930807896
NumUnitNogoodsLearned = 0
AverageLearnedNogoodLength = 71.2364543305045
AverageLbd = 43.529121438328865
value = 327
time = 1021.46

[[solution_objectives]]
nodes = 1487979
restarts = 0
peakDepth = 1727
solveTime = 1033.356642031
failures = 1313876
propagations = 28453900
nogoods = 1313876
AverageConflictSize = 52.78660162755085
NumUnitNogoodsLearned = 0
AverageLearnedNogoodLength = 71.38350042165318
AverageLbd = 43.4920487169261
value = 319
time = 1035.88
