instance = "pumpkin-v1/opt/n50_k3/instance_n50_k3_0013.fzn"
directory = "experiments/20260610-10.42.57.240042-pumpkin-v1/375"
status = "OPTIMAL"
num_solutions = 4
wall_clock_time = 0.72
cpu_time = 0.42000000000000004
failures = "2394"
propagations = "75321"
solveTime = "0.354514225"
nodes = "5782"
peakDepth = "188"
restarts = "0"
nogoods = "2394"
AverageLbd = "6.646198830409356"
AverageLearnedNogoodLength = "10.893065998329156"
AverageConflictSize = "11.142439431913116"
NumUnitNogoodsLearned = "1"
circuitNumberPropagationsThatFoundConflict = "191"
circuitNumberTotalFixedEdgesAtConflict = "3514"
circuitNumberNumberOfConflicts = "191"
circuitNumberPropagationsThatPruned = "3581"
circuitNumberPropagationsTotal = "22847"
allDifferentNumberTotalHallSetSize = "189167"
allDifferentNumberNumberOfConflicts = "8891"
allDifferentNumberMaxHallSetSize = "220"
allDifferentNumberPropagationsTotal = "44171"
allDifferentNumberPropagationsThatFoundConflict = "8891"

[[solution_objectives]]
nodes = 3887
restarts = 0
peakDepth = 188
solveTime = 0.227163056
failures = 1609
propagations = 48491
nogoods = 1609
AverageConflictSize = 11.631448104412678
NumUnitNogoodsLearned = 0
AverageLearnedNogoodLength = 9.64760720944686
AverageLbd = 7.2970789310130515
value = 784
time = 0.53

[[solution_objectives]]
nodes = 4228
restarts = 0
peakDepth = 188
solveTime = 0.234865855
failures = 1644
propagations = 50843
nogoods = 1644
AverageConflictSize = 11.492700729927007
NumUnitNogoodsLearned = 0
AverageLearnedNogoodLength = 9.539537712895378
AverageLbd = 7.213503649635037
value = 472
time = 0.53

[[solution_objectives]]
nodes = 4821
restarts = 0
peakDepth = 188
solveTime = 0.264833246
failures = 1832
propagations = 57959
nogoods = 1832
AverageConflictSize = 11.439410480349345
NumUnitNogoodsLearned = 0
AverageLearnedNogoodLength = 9.794213973799126
AverageLbd = 7.055131004366812
value = 429
time = 0.55

[[solution_objectives]]
nodes = 5068
restarts = 0
peakDepth = 188
solveTime = 0.274948942
failures = 1894
propagations = 60196
nogoods = 1894
AverageConflictSize = 11.34582893347413
NumUnitNogoodsLearned = 0
AverageLearnedNogoodLength = 9.785110876451954
AverageLbd = 6.994192185850053
value = 344
time = 0.57
