instance = "pumpkin-v3/opt/n100_k10/instance_n100_k10_0003.fzn"
directory = "experiments/20260605-18.05.57.686725-pumpkin-v3/346"
status = "OPTIMAL"
num_solutions = 2
wall_clock_time = 346.62
cpu_time = 320.26
failures = "241070"
propagations = "9405643"
solveTime = "338.310627827"
nodes = "252768"
peakDepth = "994"
restarts = "1"
nogoods = "241070"
AverageLbd = "41.1114406603891"
AverageLearnedNogoodLength = "95.20949516737878"
AverageConflictSize = "74.35819886340067"
NumUnitNogoodsLearned = "165"

[[solution_objectives]]
nodes = 252076
restarts = 1
peakDepth = 994
solveTime = 338.273879078
failures = 241070
propagations = 9402870
nogoods = 241070
AverageConflictSize = 74.35819886340067
NumUnitNogoodsLearned = 165
AverageLearnedNogoodLength = 95.20949516737878
AverageLbd = 41.1114406603891
value = 834
time = 345.07

[[solution_objectives]]
nodes = 252768
restarts = 1
peakDepth = 994
solveTime = 338.310608692
failures = 241070
propagations = 9405643
nogoods = 241070
AverageConflictSize = 74.35819886340067
NumUnitNogoodsLearned = 165
AverageLearnedNogoodLength = 95.20949516737878
AverageLbd = 41.1114406603891
value = 166
time = 345.1
