instance = "pumpkin-v0/opt/n100_k7/instance_n100_k7_0001.fzn"
directory = "experiments/20260609-14.46.48.023744-pumpkin-v0/2"
status = "SATISFIABLE"
num_solutions = 4
wall_clock_time = 1801.48
cpu_time = 1789.19
failures = "3242699"
propagations = "3416931332"
solveTime = "1795.383489358"
nodes = "5086371"
peakDepth = "784"
restarts = "0"
nogoods = "3242699"
AverageLbd = "27.912734422775596"
AverageLearnedNogoodLength = "55.54022220378765"
AverageConflictSize = "15.003349987155762"
NumUnitNogoodsLearned = "0"
circuitNumberPropagationsThatFoundConflict = "207349"
circuitNumberTotalFixedEdgesAtConflict = "15707621"
circuitNumberNumberOfConflicts = "207349"
circuitNumberPropagationsThatPruned = "1724498"
circuitNumberPropagationsTotal = "7768310"

[[solution_objectives]]
nodes = 2331
restarts = 0
peakDepth = 784
solveTime = 0.151324033
failures = 602
propagations = 593922
nogoods = 602
AverageConflictSize = 8.993355481727574
NumUnitNogoodsLearned = 0
AverageLearnedNogoodLength = 26.39202657807309
AverageLbd = 14.885382059800664
value = 763
time = 5.38

[[solution_objectives]]
nodes = 3169
restarts = 0
peakDepth = 784
solveTime = 0.181048265
failures = 644
propagations = 636336
nogoods = 644
AverageConflictSize = 12.563664596273291
NumUnitNogoodsLearned = 0
AverageLearnedNogoodLength = 28.295031055900623
AverageLbd = 17.045031055900623
value = 565
time = 5.41

[[solution_objectives]]
nodes = 3934
restarts = 0
peakDepth = 784
solveTime = 0.184212071
failures = 644
propagations = 647947
nogoods = 644
AverageConflictSize = 12.563664596273291
NumUnitNogoodsLearned = 0
AverageLearnedNogoodLength = 28.295031055900623
AverageLbd = 17.045031055900623
value = 243
time = 5.42

[[solution_objectives]]
nodes = 5087
restarts = 0
peakDepth = 784
solveTime = 0.223007713
failures = 780
propagations = 807486
nogoods = 780
AverageConflictSize = 11.242307692307692
NumUnitNogoodsLearned = 0
AverageLearnedNogoodLength = 26.874358974358973
AverageLbd = 15.735897435897435
value = 240
time = 5.45
