instance = "pumpkin-v3/opt/n100_k10/instance_n100_k10_0004.fzn"
directory = "experiments/20260610-15.09.41.739715-pumpkin-v3/353"
status = "SATISFIABLE"
num_solutions = 5
wall_clock_time = 1800.0
cpu_time = 1800.0
failures = "3973"
propagations = "141847"
solveTime = "4.931433018"
nodes = "12481"
peakDepth = "1174"
restarts = "0"
nogoods = "3973"
AverageLbd = "21.082557261515227"
AverageLearnedNogoodLength = "57.50994210923735"
AverageConflictSize = "12.546941857538384"
NumUnitNogoodsLearned = "0"
circuitNumberPropagationsTotal = "124949"
circuitNumberCircuitConflicts = "6962"
circuitNumberAlldiffConflicts = "110"
circuitNumberTotalFixedEdgesAtConflict = "541579"
circuitNumberNumberOfConflicts = "7072"
circuitNumberGacPrunings = "549077"
circuitNumberPropagationsThatGacPruned = "74903"
circuitNumberTotalPruningHallSetSize = "3350247"
circuitNumberNumberOfPruningExplanations = "549077"
circuitNumberMaxPruningHallSetSize = "256"
circuitNumberTotalSccSizeAtPruning = "737003"
circuitNumberNumberOfSccPruningCalls = "74903"
circuitNumberTotalVarsInvolvedInPruning = "406380"
circuitNumberMaxValuesPrunedFromSingleVar = "35"
circuitNumberHallCircuitChecks = "290010"
circuitNumberHallCircuitPrunings = "14495"
circuitNumberCircuitPreventPrunings = "53209"

[[solution_objectives]]
nodes = 7934
restarts = 0
peakDepth = 1174
solveTime = 4.825664806
failures = 3962
propagations = 131640
nogoods = 3962
AverageConflictSize = 12.57193336698637
NumUnitNogoodsLearned = 0
AverageLearnedNogoodLength = 57.59061080262494
AverageLbd = 21.113831398283693
value = 1013
time = 7.77

[[solution_objectives]]
nodes = 9097
restarts = 0
peakDepth = 1174
solveTime = 4.856635992
failures = 3969
propagations = 134352
nogoods = 3969
AverageConflictSize = 12.55681531872008
NumUnitNogoodsLearned = 0
AverageLearnedNogoodLength = 57.53489543965735
AverageLbd = 21.09297052154195
value = 496
time = 7.78

[[solution_objectives]]
nodes = 10217
restarts = 0
peakDepth = 1174
solveTime = 4.884133183
failures = 3972
propagations = 136852
nogoods = 3972
AverageConflictSize = 12.549345417925478
NumUnitNogoodsLearned = 0
AverageLearnedNogoodLength = 57.51611278952669
AverageLbd = 21.085095669687814
value = 311
time = 7.81

[[solution_objectives]]
nodes = 11341
restarts = 0
peakDepth = 1174
solveTime = 4.907144581
failures = 3972
propagations = 139332
nogoods = 3972
AverageConflictSize = 12.549345417925478
NumUnitNogoodsLearned = 0
AverageLearnedNogoodLength = 57.51611278952669
AverageLbd = 21.085095669687814
value = 301
time = 7.84

[[solution_objectives]]
nodes = 12481
restarts = 0
peakDepth = 1174
solveTime = 4.931433018
failures = 3973
propagations = 141847
nogoods = 3973
AverageConflictSize = 12.546941857538384
NumUnitNogoodsLearned = 0
AverageLearnedNogoodLength = 57.50994210923735
AverageLbd = 21.082557261515227
value = 291
time = 7.87
