instance = "pumpkin-v1/opt/n100_k5/instance_n100_k5_0005.fzn"
directory = "experiments/20260610-10.42.57.240042-pumpkin-v1/229"
status = "SATISFIABLE"
num_solutions = 4
wall_clock_time = 1802.15
cpu_time = 1785.65
failures = "2041561"
propagations = "90166620"
solveTime = "1792.00980959"
nodes = "4277633"
peakDepth = "576"
restarts = "0"
nogoods = "2041561"
AverageLbd = "28.151888187519255"
AverageLearnedNogoodLength = "52.34003833341252"
AverageConflictSize = "30.688601516192758"
NumUnitNogoodsLearned = "0"
circuitNumberPropagationsThatFoundConflict = "962427"
circuitNumberTotalFixedEdgesAtConflict = "89196058"
circuitNumberNumberOfConflicts = "962427"
circuitNumberPropagationsThatPruned = "2332423"
circuitNumberPropagationsTotal = "8179947"
allDifferentNumberTotalHallSetSize = "2349392"
allDifferentNumberNumberOfConflicts = "950898"
allDifferentNumberMaxHallSetSize = "385"
allDifferentNumberPropagationsTotal = "10062801"
allDifferentNumberPropagationsThatFoundConflict = "950898"

[[solution_objectives]]
nodes = 17256
restarts = 0
peakDepth = 576
solveTime = 1.9028139419999999
failures = 4417
propagations = 186901
nogoods = 4417
AverageConflictSize = 16.125198098256735
NumUnitNogoodsLearned = 0
AverageLearnedNogoodLength = 22.624179307222096
AverageLbd = 16.295902196060673
value = 848
time = 10.14

[[solution_objectives]]
nodes = 22014
restarts = 0
peakDepth = 576
solveTime = 2.770020515
failures = 6452
propagations = 268315
nogoods = 6452
AverageConflictSize = 16.362368257904524
NumUnitNogoodsLearned = 0
AverageLearnedNogoodLength = 25.845009299442033
AverageLbd = 17.89724116553007
value = 728
time = 10.99

[[solution_objectives]]
nodes = 24928
restarts = 0
peakDepth = 576
solveTime = 3.56387739
failures = 7860
propagations = 344878
nogoods = 7860
AverageConflictSize = 16.350127226463105
NumUnitNogoodsLearned = 0
AverageLearnedNogoodLength = 29.324300254452925
AverageLbd = 19.723409669211197
value = 621
time = 11.79

[[solution_objectives]]
nodes = 31489
restarts = 0
peakDepth = 576
solveTime = 5.291599482
failures = 11028
propagations = 505461
nogoods = 11028
AverageConflictSize = 16.580612985128763
NumUnitNogoodsLearned = 0
AverageLearnedNogoodLength = 33.55522306855278
AverageLbd = 21.02511788175553
value = 610
time = 13.52
