instance = "pumpkin-v0/opt/n100_k20/instance_n100_k20_0019.fzn"
directory = "experiments/20260609-14.46.48.023744-pumpkin-v0/97"
status = "SATISFIABLE"
num_solutions = 4
wall_clock_time = 1800.0
cpu_time = 1800.0
failures = "7115"
propagations = "4010772"
solveTime = "4.194976701"
nodes = "16397"
peakDepth = "2327"
restarts = "0"
nogoods = "7115"
AverageLbd = "41.817006324666195"
AverageLearnedNogoodLength = "54.16205200281096"
AverageConflictSize = "6.733520730850317"
NumUnitNogoodsLearned = "0"
circuitNumberPropagationsThatFoundConflict = "271"
circuitNumberTotalFixedEdgesAtConflict = "25629"
circuitNumberNumberOfConflicts = "271"
circuitNumberPropagationsThatPruned = "6432"
circuitNumberPropagationsTotal = "31016"

[[solution_objectives]]
nodes = 8361
restarts = 0
peakDepth = 2320
solveTime = 3.849382162
failures = 6006
propagations = 3496282
nogoods = 6006
AverageConflictSize = 6.713120213120213
NumUnitNogoodsLearned = 0
AverageLearnedNogoodLength = 58.03862803862804
AverageLbd = 46.30769230769231
value = 430
time = 8.34

[[solution_objectives]]
nodes = 11680
restarts = 0
peakDepth = 2327
solveTime = 4.146270237
failures = 6998
propagations = 3938547
nogoods = 6998
AverageConflictSize = 6.6516147470705915
NumUnitNogoodsLearned = 0
AverageLearnedNogoodLength = 54.55230065733067
AverageLbd = 42.2716490425836
value = 428
time = 8.65

[[solution_objectives]]
nodes = 13985
restarts = 0
peakDepth = 2327
solveTime = 4.1551028
failures = 6998
propagations = 3952819
nogoods = 6998
AverageConflictSize = 6.6516147470705915
NumUnitNogoodsLearned = 0
AverageLearnedNogoodLength = 54.55230065733067
AverageLbd = 42.2716490425836
value = 416
time = 8.66

[[solution_objectives]]
nodes = 16397
restarts = 0
peakDepth = 2327
solveTime = 4.194976701
failures = 7115
propagations = 4010772
nogoods = 7115
AverageConflictSize = 6.733520730850317
NumUnitNogoodsLearned = 0
AverageLearnedNogoodLength = 54.16205200281096
AverageLbd = 41.817006324666195
value = 407
time = 8.72
