instance = "pumpkin-v0/opt/n50_k7/instance_n50_k7_0007.fzn"
directory = "experiments/20260609-14.46.48.023744-pumpkin-v0/260"
status = "SATISFIABLE"
num_solutions = 3
wall_clock_time = 1801.49
cpu_time = 1773.69
failures = "3846587"
propagations = "1125305365"
solveTime = "1781.849339015"
nodes = "4570779"
peakDepth = "402"
restarts = "1"
nogoods = "3846587"
AverageLbd = "16.345912623320363"
AverageLearnedNogoodLength = "40.80879933301912"
AverageConflictSize = "16.3329494432337"
NumUnitNogoodsLearned = "0"
circuitNumberPropagationsThatFoundConflict = "20776"
circuitNumberTotalFixedEdgesAtConflict = "734050"
circuitNumberNumberOfConflicts = "20776"
circuitNumberPropagationsThatPruned = "437023"
circuitNumberPropagationsTotal = "4072323"

[[solution_objectives]]
nodes = 2184
restarts = 0
peakDepth = 402
solveTime = 0.175452018
failures = 1050
propagations = 385341
nogoods = 1050
AverageConflictSize = 6.836190476190477
NumUnitNogoodsLearned = 0
AverageLearnedNogoodLength = 26.77047619047619
AverageLbd = 12.143809523809523
value = 916
time = 18.34

[[solution_objectives]]
nodes = 3092
restarts = 0
peakDepth = 402
solveTime = 0.228877436
failures = 1344
propagations = 510527
nogoods = 1344
AverageConflictSize = 7.958333333333333
NumUnitNogoodsLearned = 0
AverageLearnedNogoodLength = 25.334821428571427
AverageLbd = 11.811011904761905
value = 340
time = 18.4

[[solution_objectives]]
nodes = 3491
restarts = 0
peakDepth = 402
solveTime = 0.232445157
failures = 1353
propagations = 516727
nogoods = 1353
AverageConflictSize = 8
NumUnitNogoodsLearned = 0
AverageLearnedNogoodLength = 25.298595713229858
AverageLbd = 11.80561714708056
value = 331
time = 18.4
