instance = "pumpkin-v1/opt/n150_k15/instance_n150_k15_0004.fzn"
directory = "experiments/20260610-10.42.57.240042-pumpkin-v1/36"
status = "SATISFIABLE"
num_solutions = 3
wall_clock_time = 1800.0
cpu_time = 1800.0
failures = "2090"
propagations = "446168"
solveTime = "7.712570864"
nodes = "72326"
peakDepth = "2509"
restarts = "0"
nogoods = "2090"
AverageLbd = "16.435406698564595"
AverageLearnedNogoodLength = "18.964114832535884"
AverageConflictSize = "10.09377990430622"
NumUnitNogoodsLearned = "0"
circuitNumberPropagationsThatFoundConflict = "144"
circuitNumberTotalFixedEdgesAtConflict = "20661"
circuitNumberNumberOfConflicts = "144"
circuitNumberPropagationsThatPruned = "2951"
circuitNumberPropagationsTotal = "184416"
allDifferentNumberTotalHallSetSize = "27662"
allDifferentNumberNumberOfConflicts = "5007"
allDifferentNumberMaxHallSetSize = "234"
allDifferentNumberPropagationsTotal = "264704"
allDifferentNumberPropagationsThatFoundConflict = "5007"

[[solution_objectives]]
nodes = 59575
restarts = 0
peakDepth = 2509
solveTime = 6.601135038
failures = 1282
propagations = 371946
nogoods = 1282
AverageConflictSize = 4.697347893915756
NumUnitNogoodsLearned = 0
AverageLearnedNogoodLength = 6.75585023400936
AverageLbd = 6.522620904836193
value = 824
time = 10.47

[[solution_objectives]]
nodes = 66712
restarts = 0
peakDepth = 2509
solveTime = 7.273935374
failures = 1873
propagations = 416559
nogoods = 1873
AverageConflictSize = 8.362520021356113
NumUnitNogoodsLearned = 0
AverageLearnedNogoodLength = 16.56166577682862
AverageLbd = 14.040042712226375
value = 291
time = 11.15

[[solution_objectives]]
nodes = 72326
restarts = 0
peakDepth = 2509
solveTime = 7.712570864
failures = 2090
propagations = 446168
nogoods = 2090
AverageConflictSize = 10.09377990430622
NumUnitNogoodsLearned = 0
AverageLearnedNogoodLength = 18.964114832535884
AverageLbd = 16.435406698564595
value = 278
time = 11.59
