instance = "pumpkin-v0/opt/n100_k20/instance_n100_k20_0014.fzn"
directory = "experiments/20260609-14.46.48.023744-pumpkin-v0/90"
status = "SATISFIABLE"
num_solutions = 4
wall_clock_time = 1801.82
cpu_time = 1791.6499999999999
failures = "1951221"
propagations = "1155881423"
solveTime = "1797.041935616"
nodes = "2010884"
peakDepth = "2319"
restarts = "0"
nogoods = "1951221"
AverageLbd = "74.16830692166597"
AverageLearnedNogoodLength = "90.191879341192"
AverageConflictSize = "6.5162936438260965"
NumUnitNogoodsLearned = "0"
circuitNumberPropagationsThatFoundConflict = "16239"
circuitNumberTotalFixedEdgesAtConflict = "1508894"
circuitNumberNumberOfConflicts = "16239"
circuitNumberPropagationsThatPruned = "962673"
circuitNumberPropagationsTotal = "3032407"

[[solution_objectives]]
nodes = 5876
restarts = 0
peakDepth = 2319
solveTime = 0.824046242
failures = 3368
propagations = 1649123
nogoods = 3368
AverageConflictSize = 5.949524940617577
NumUnitNogoodsLearned = 0
AverageLearnedNogoodLength = 29.624109263657957
AverageLbd = 18.052256532066508
value = 491
time = 3.81

[[solution_objectives]]
nodes = 8169
restarts = 0
peakDepth = 2319
solveTime = 0.830578364
failures = 3372
propagations = 1663803
nogoods = 3372
AverageConflictSize = 5.95729537366548
NumUnitNogoodsLearned = 0
AverageLearnedNogoodLength = 29.623665480427047
AverageLbd = 18.06079478054567
value = 427
time = 3.81

[[solution_objectives]]
nodes = 10590
restarts = 0
peakDepth = 2319
solveTime = 0.864744426
failures = 3539
propagations = 1727187
nogoods = 3539
AverageConflictSize = 6.227465385702176
NumUnitNogoodsLearned = 0
AverageLearnedNogoodLength = 29.352076857869456
AverageLbd = 17.73608363944617
value = 424
time = 3.84

[[solution_objectives]]
nodes = 12972
restarts = 0
peakDepth = 2319
solveTime = 0.901557512
failures = 3663
propagations = 1800246
nogoods = 3663
AverageConflictSize = 6.467649467649467
NumUnitNogoodsLearned = 0
AverageLearnedNogoodLength = 29.4002184002184
AverageLbd = 17.62080262080262
value = 416
time = 3.88
