instance = "pumpkin-v1/opt/n150_k15/instance_n150_k15_0010.fzn"
directory = "experiments/20260610-10.42.57.240042-pumpkin-v1/35"
status = "SATISFIABLE"
num_solutions = 3
wall_clock_time = 1800.0
cpu_time = 1800.0
failures = "1508"
propagations = "423349"
solveTime = "8.966396251"
nodes = "71427"
peakDepth = "2504"
restarts = "0"
nogoods = "1508"
AverageLbd = "7.860079575596817"
AverageLearnedNogoodLength = "8.974137931034482"
AverageConflictSize = "5.787135278514588"
NumUnitNogoodsLearned = "0"
circuitNumberPropagationsThatFoundConflict = "1"
circuitNumberTotalFixedEdgesAtConflict = "144"
circuitNumberNumberOfConflicts = "1"
circuitNumberPropagationsThatPruned = "1534"
circuitNumberPropagationsTotal = "171990"
allDifferentNumberTotalHallSetSize = "21758"
allDifferentNumberNumberOfConflicts = "4015"
allDifferentNumberMaxHallSetSize = "447"
allDifferentNumberPropagationsTotal = "230888"
allDifferentNumberPropagationsThatFoundConflict = "4015"

[[solution_objectives]]
nodes = 57106
restarts = 0
peakDepth = 2504
solveTime = 7.605550287
failures = 1214
propagations = 350596
nogoods = 1214
AverageConflictSize = 5.274299835255354
NumUnitNogoodsLearned = 0
AverageLearnedNogoodLength = 5.612850082372323
AverageLbd = 5.127677100494234
value = 521
time = 11.5

[[solution_objectives]]
nodes = 59817
restarts = 0
peakDepth = 2504
solveTime = 7.722804053
failures = 1300
propagations = 357671
nogoods = 1300
AverageConflictSize = 5.5430769230769235
NumUnitNogoodsLearned = 0
AverageLearnedNogoodLength = 8.933076923076923
AverageLbd = 7.946923076923077
value = 359
time = 11.62

[[solution_objectives]]
nodes = 71427
restarts = 0
peakDepth = 2504
solveTime = 8.966396251
failures = 1508
propagations = 423349
nogoods = 1508
AverageConflictSize = 5.787135278514588
NumUnitNogoodsLearned = 0
AverageLearnedNogoodLength = 8.974137931034482
AverageLbd = 7.860079575596817
value = 307
time = 12.88
