instance = "pumpkin-v0/opt/n100_k5/instance_n100_k5_0011.fzn"
directory = "experiments/20260602-11.16.13.665988-pumpkin-v0/238"
status = "SATISFIABLE"
num_solutions = 2
wall_clock_time = 1801.8
cpu_time = 1781.72
failures = "4041679"
propagations = "1807507537"
solveTime = "1797.106547729"
nodes = "6578123"
peakDepth = "630"
restarts = "12094"
nogoods = "4041679"
AverageLbd = "16.004276687980415"
AverageLearnedNogoodLength = "38.0795216542432"
AverageConflictSize = "18.397975692775205"
NumUnitNogoodsLearned = "175"

[[solution_objectives]]
nodes = 1392895
restarts = 2690
peakDepth = 586
solveTime = 311.457730925
failures = 810483
propagations = 350228782
nogoods = 810483
AverageConflictSize = 16.866637548227416
NumUnitNogoodsLearned = 175
AverageLearnedNogoodLength = 33.985412402234225
AverageLbd = 14.428417375811707
value = 747
time = 314.88

[[solution_objectives]]
nodes = 1396034
restarts = 2691
peakDepth = 630
solveTime = 312.174973317
failures = 812067
propagations = 350886455
nogoods = 812067
AverageConflictSize = 16.871068520208308
NumUnitNogoodsLearned = 175
AverageLearnedNogoodLength = 33.976940326352384
AverageLbd = 14.428150632891128
value = 690
time = 315.59
