instance = "pumpkin-v3/opt/n150_k7/instance_n150_k7_0002.fzn"
directory = "experiments/20260605-18.05.57.686725-pumpkin-v3/260"
status = "OPTIMAL"
num_solutions = 3
wall_clock_time = 17.37
cpu_time = 11.59
failures = "11878"
propagations = "434903"
solveTime = "11.805558395"
nodes = "17827"
peakDepth = "1264"
restarts = "5"
nogoods = "11878"
AverageLbd = "21.137817814446876"
AverageLearnedNogoodLength = "40.92591345344334"
AverageConflictSize = "24.395015995958914"
NumUnitNogoodsLearned = "174"

[[solution_objectives]]
nodes = 14892
restarts = 4
peakDepth = 1206
solveTime = 11.534039291
failures = 11812
propagations = 425878
nogoods = 11812
AverageConflictSize = 24.353369454791736
NumUnitNogoodsLearned = 174
AverageLearnedNogoodLength = 40.88046054859465
AverageLbd = 21.11852353538774
value = 931
time = 16.2

[[solution_objectives]]
nodes = 16383
restarts = 5
peakDepth = 1264
solveTime = 11.704860965
failures = 11864
propagations = 431239
nogoods = 11864
AverageConflictSize = 24.405006743088336
NumUnitNogoodsLearned = 174
AverageLearnedNogoodLength = 40.94167228590695
AverageLbd = 21.14236345246123
value = 853
time = 16.37

[[solution_objectives]]
nodes = 17827
restarts = 5
peakDepth = 1264
solveTime = 11.805542705
failures = 11878
propagations = 434903
nogoods = 11878
AverageConflictSize = 24.395015995958914
NumUnitNogoodsLearned = 174
AverageLearnedNogoodLength = 40.92591345344334
AverageLbd = 21.137817814446876
value = 175
time = 16.46
