instance = "pumpkin-v2/opt/n50_k3/instance_n50_k3_0005.fzn"
directory = "experiments/20260603-09.01.52.920058-pumpkin-v2/168"
status = "OPTIMAL"
num_solutions = 2
wall_clock_time = 13.95
cpu_time = 4.699999999999999
failures = "14690"
propagations = "545011"
solveTime = "4.600608866"
nodes = "15434"
peakDepth = "163"
restarts = "2"
nogoods = "14690"
AverageLbd = "8.341660993873383"
AverageLearnedNogoodLength = "36.27351940095303"
AverageConflictSize = "38.48386657590198"
NumUnitNogoodsLearned = "284"

[[solution_objectives]]
nodes = 11919
restarts = 2
peakDepth = 163
solveTime = 3.452961448
failures = 11502
propagations = 404983
nogoods = 11502
AverageConflictSize = 39.490349504434015
NumUnitNogoodsLearned = 283
AverageLearnedNogoodLength = 37.39297513475917
AverageLbd = 8.782559554860024
value = 659
time = 11.67

[[solution_objectives]]
nodes = 15434
restarts = 2
peakDepth = 163
solveTime = 4.600410614
failures = 14689
propagations = 544997
nogoods = 14689
AverageConflictSize = 38.486146095717885
NumUnitNogoodsLearned = 283
AverageLearnedNogoodLength = 36.27592075702907
AverageLbd = 8.342160800599087
value = 621
time = 12.81
