instance = "pumpkin-v0/opt/n20_k10/instance_n20_k10_0024.fzn"
directory = "experiments/20260602-11.16.13.665988-pumpkin-v0/270"
status = "OPTIMAL"
num_solutions = 2
wall_clock_time = 3.01
cpu_time = 2.36
failures = "13904"
propagations = "2151615"
solveTime = "2.277973331"
nodes = "16791"
peakDepth = "203"
restarts = "7"
nogoods = "13904"
AverageLbd = "9.89521001150748"
AverageLearnedNogoodLength = "51.919951093210585"
AverageConflictSize = "20.096878596087457"
NumUnitNogoodsLearned = "368"

[[solution_objectives]]
nodes = 16279
restarts = 5
peakDepth = 203
solveTime = 2.233036165
failures = 13728
propagations = 2122155
nogoods = 13728
AverageConflictSize = 20.016754079254078
NumUnitNogoodsLearned = 367
AverageLearnedNogoodLength = 51.84593531468531
AverageLbd = 9.893648018648019
value = 481
time = 2.91

[[solution_objectives]]
nodes = 16694
restarts = 7
peakDepth = 203
solveTime = 2.264325894
failures = 13859
propagations = 2146534
nogoods = 13859
AverageConflictSize = 20.02871780070712
NumUnitNogoodsLearned = 367
AverageLearnedNogoodLength = 51.823291723789595
AverageLbd = 9.911104697308609
value = 377
time = 2.93
