instance = "pumpkin-v3/opt/n100_k20/instance_n100_k20_0005.fzn"
directory = "experiments/20260605-18.05.57.686725-pumpkin-v3/413"
status = "SATISFIABLE"
num_solutions = 2
wall_clock_time = 1800.0
cpu_time = 1800.0
failures = "220760"
propagations = "23628592"
solveTime = "271.828749511"
nodes = "236382"
peakDepth = "1454"
restarts = "3"
nogoods = "220760"
AverageLbd = "43.73429516216706"
AverageLearnedNogoodLength = "118.52564323246965"
AverageConflictSize = "78.51928791447726"
NumUnitNogoodsLearned = "171"

[[solution_objectives]]
nodes = 41761
restarts = 2
peakDepth = 1346
solveTime = 45.916379094
failures = 38031
propagations = 3925026
nogoods = 38031
AverageConflictSize = 77.85906234387737
NumUnitNogoodsLearned = 171
AverageLearnedNogoodLength = 121.6779995267019
AverageLbd = 45.920301859009754
value = 965
time = 51.31

[[solution_objectives]]
nodes = 236382
restarts = 3
peakDepth = 1454
solveTime = 271.828749511
failures = 220760
propagations = 23628592
nogoods = 220760
AverageConflictSize = 78.51928791447726
NumUnitNogoodsLearned = 171
AverageLearnedNogoodLength = 118.52564323246965
AverageLbd = 43.73429516216706
value = 716
time = 277.23
