instance = "pumpkin-v1/opt/n150_k10/instance_n150_k10_0004.fzn"
directory = "experiments/20260610-10.42.57.240042-pumpkin-v1/136"
status = "SATISFIABLE"
num_solutions = 3
wall_clock_time = 1801.29
cpu_time = 1792.6899999999998
failures = "1186396"
propagations = "49086201"
solveTime = "1799.753300041"
nodes = "2019644"
peakDepth = "1828"
restarts = "4"
nogoods = "1186396"
AverageLbd = "49.89873532951898"
AverageLearnedNogoodLength = "74.68072127687552"
AverageConflictSize = "40.659327914119736"
NumUnitNogoodsLearned = "0"
circuitNumberPropagationsThatFoundConflict = "629129"
circuitNumberTotalFixedEdgesAtConflict = "85085321"
circuitNumberNumberOfConflicts = "629129"
circuitNumberPropagationsThatPruned = "930476"
circuitNumberPropagationsTotal = "3960650"
allDifferentNumberTotalHallSetSize = "17874897"
allDifferentNumberNumberOfConflicts = "453802"
allDifferentNumberMaxHallSetSize = "596"
allDifferentNumberPropagationsTotal = "5919923"
allDifferentNumberPropagationsThatFoundConflict = "453802"

[[solution_objectives]]
nodes = 144118
restarts = 0
peakDepth = 1720
solveTime = 87.052556798
failures = 73363
propagations = 1821891
nogoods = 73363
AverageConflictSize = 48.668252388806344
NumUnitNogoodsLearned = 0
AverageLearnedNogoodLength = 73.00451181113095
AverageLbd = 67.55695650395977
value = 798
time = 87.34

[[solution_objectives]]
nodes = 156495
restarts = 2
peakDepth = 1811
solveTime = 91.320903851
failures = 74993
propagations = 1931343
nogoods = 74993
AverageConflictSize = 49.5467310282293
NumUnitNogoodsLearned = 0
AverageLearnedNogoodLength = 73.4420545917619
AverageLbd = 67.8423186164042
value = 797
time = 91.6

[[solution_objectives]]
nodes = 160992
restarts = 3
peakDepth = 1828
solveTime = 92.052504709
failures = 75226
propagations = 1957333
nogoods = 75226
AverageConflictSize = 49.53873660702417
NumUnitNogoodsLearned = 0
AverageLearnedNogoodLength = 73.39135405311993
AverageLbd = 67.79819477308378
value = 543
time = 92.34
