instance = "pumpkin-v1/opt/n150_k20/instance_n150_k20_0017.fzn"
directory = "experiments/20260610-10.42.57.240042-pumpkin-v1/58"
status = "SATISFIABLE"
num_solutions = 5
wall_clock_time = 1801.96
cpu_time = 1751.18
failures = "1263829"
propagations = "37066576"
solveTime = "1796.873194856"
nodes = "1407586"
peakDepth = "3364"
restarts = "0"
nogoods = "1263829"
AverageLbd = "70.85335911741224"
AverageLearnedNogoodLength = "103.48088784163048"
AverageConflictSize = "32.700662035765916"
NumUnitNogoodsLearned = "0"
circuitNumberPropagationsThatFoundConflict = "68695"
circuitNumberTotalFixedEdgesAtConflict = "9622328"
circuitNumberNumberOfConflicts = "68695"
circuitNumberPropagationsThatPruned = "422021"
circuitNumberPropagationsTotal = "1869430"
allDifferentNumberTotalHallSetSize = "11033766"
allDifferentNumberNumberOfConflicts = "898040"
allDifferentNumberMaxHallSetSize = "750"
allDifferentNumberPropagationsTotal = "3981086"
allDifferentNumberPropagationsThatFoundConflict = "898040"

[[solution_objectives]]
nodes = 87040
restarts = 0
peakDepth = 3364
solveTime = 10.810072491
failures = 1761
propagations = 536278
nogoods = 1761
AverageConflictSize = 3.812038614423623
NumUnitNogoodsLearned = 0
AverageLearnedNogoodLength = 5.095968199886428
AverageLbd = 4.760931289040318
value = 758
time = 14.03

[[solution_objectives]]
nodes = 93769
restarts = 0
peakDepth = 3364
solveTime = 13.692940753
failures = 4303
propagations = 610272
nogoods = 4303
AverageConflictSize = 18.468045549616548
NumUnitNogoodsLearned = 0
AverageLearnedNogoodLength = 51.46781315361376
AverageLbd = 42.03323262839879
value = 332
time = 16.93

[[solution_objectives]]
nodes = 101887
restarts = 0
peakDepth = 3364
solveTime = 16.176633568
failures = 6019
propagations = 681446
nogoods = 6019
AverageConflictSize = 22.085894666888187
NumUnitNogoodsLearned = 0
AverageLearnedNogoodLength = 62.124771556737
AverageLbd = 50.64462535304868
value = 316
time = 19.42

[[solution_objectives]]
nodes = 105255
restarts = 0
peakDepth = 3364
solveTime = 16.225876648
failures = 6056
propagations = 688992
nogoods = 6056
AverageConflictSize = 22.023282694848085
NumUnitNogoodsLearned = 0
AverageLearnedNogoodLength = 61.95904887714663
AverageLbd = 50.488936591809775
value = 315
time = 19.48

[[solution_objectives]]
nodes = 108564
restarts = 0
peakDepth = 3364
solveTime = 16.258948824
failures = 6063
propagations = 695404
nogoods = 6063
AverageConflictSize = 22.052614217384132
NumUnitNogoodsLearned = 0
AverageLearnedNogoodLength = 61.94623123866073
AverageLbd = 50.46264225630876
value = 307
time = 19.51
