instance = "pumpkin-v0/opt/n20_k3/instance_n20_k3_0014.fzn"
directory = "experiments/20260609-14.46.48.023744-pumpkin-v0/425"
status = "OPTIMAL"
num_solutions = 4
wall_clock_time = 10.64
cpu_time = 0.12000000000000001
failures = "189"
propagations = "35008"
solveTime = "0.01513904"
nodes = "512"
peakDepth = "80"
restarts = "0"
nogoods = "189"
AverageLbd = "4.322751322751323"
AverageLearnedNogoodLength = "11.253968253968255"
AverageConflictSize = "3.4021164021164023"
NumUnitNogoodsLearned = "1"
circuitNumberPropagationsThatFoundConflict = "28"
circuitNumberTotalFixedEdgesAtConflict = "371"
circuitNumberNumberOfConflicts = "28"
circuitNumberPropagationsThatPruned = "123"
circuitNumberPropagationsTotal = "475"

[[solution_objectives]]
nodes = 83
restarts = 0
peakDepth = 80
solveTime = 0.000269889
failures = 1
propagations = 1087
nogoods = 1
AverageConflictSize = 2
NumUnitNogoodsLearned = 0
AverageLearnedNogoodLength = 7
AverageLbd = 4
value = 847
time = 9.74

[[solution_objectives]]
nodes = 167
restarts = 0
peakDepth = 80
solveTime = 0.000657386
failures = 7
propagations = 2161
nogoods = 7
AverageConflictSize = 2.2857142857142856
NumUnitNogoodsLearned = 0
AverageLearnedNogoodLength = 5.571428571428571
AverageLbd = 3.4285714285714284
value = 472
time = 9.74

[[solution_objectives]]
nodes = 234
restarts = 0
peakDepth = 80
solveTime = 0.000821968
failures = 7
propagations = 2772
nogoods = 7
AverageConflictSize = 2.2857142857142856
NumUnitNogoodsLearned = 0
AverageLearnedNogoodLength = 5.571428571428571
AverageLbd = 3.4285714285714284
value = 425
time = 9.74

[[solution_objectives]]
nodes = 322
restarts = 0
peakDepth = 80
solveTime = 0.001743754
failures = 18
propagations = 4878
nogoods = 18
AverageConflictSize = 3.6666666666666665
NumUnitNogoodsLearned = 0
AverageLearnedNogoodLength = 7.833333333333333
AverageLbd = 4.277777777777778
value = 416
time = 9.74
