instance = "pumpkin-v2/opt/n150_k20/instance_n150_k20_0015.fzn"
directory = "experiments/20260603-09.01.52.920058-pumpkin-v2/274"
status = "OPTIMAL"
num_solutions = 2
wall_clock_time = 30.38
cpu_time = 19.84
failures = "12592"
propagations = "1617735"
solveTime = "19.720214679"
nodes = "19533"
peakDepth = "2590"
restarts = "1"
nogoods = "12592"
AverageLbd = "107.27239517153748"
AverageLearnedNogoodLength = "301.0757623888183"
AverageConflictSize = "50.3617376111817"
NumUnitNogoodsLearned = "165"

[[solution_objectives]]
nodes = 14715
restarts = 1
peakDepth = 2590
solveTime = 15.748971696
failures = 10009
propagations = 1333735
nogoods = 10009
AverageConflictSize = 42.31082026176441
NumUnitNogoodsLearned = 165
AverageLearnedNogoodLength = 315.0510540513538
AverageLbd = 116.67759016884804
value = 229
time = 25.21

[[solution_objectives]]
nodes = 19533
restarts = 1
peakDepth = 2590
solveTime = 19.720209486
failures = 12592
propagations = 1617735
nogoods = 12592
AverageConflictSize = 50.3617376111817
NumUnitNogoodsLearned = 165
AverageLearnedNogoodLength = 301.0757623888183
AverageLbd = 107.27239517153748
value = 166
time = 29.17
