instance = "pumpkin-v2/opt/n150_k20/instance_n150_k20_0016.fzn"
directory = "experiments/20260603-09.01.52.920058-pumpkin-v2/276"
status = "OPTIMAL"
num_solutions = 2
wall_clock_time = 26.41
cpu_time = 15.82
failures = "11179"
propagations = "2082585"
solveTime = "15.698391067"
nodes = "18646"
peakDepth = "1873"
restarts = "10"
nogoods = "11179"
AverageLbd = "53.01789068789695"
AverageLearnedNogoodLength = "139.05698184095178"
AverageConflictSize = "81.29367564182843"
NumUnitNogoodsLearned = "168"

[[solution_objectives]]
nodes = 17122
restarts = 10
peakDepth = 1873
solveTime = 15.638083355
failures = 11173
propagations = 2074346
nogoods = 11173
AverageConflictSize = 81.32211581491094
NumUnitNogoodsLearned = 168
AverageLearnedNogoodLength = 139.07741877740983
AverageLbd = 53.03275754049942
value = 225
time = 25.07

[[solution_objectives]]
nodes = 18646
restarts = 10
peakDepth = 1873
solveTime = 15.698386246
failures = 11179
propagations = 2082585
nogoods = 11179
AverageConflictSize = 81.29367564182843
NumUnitNogoodsLearned = 168
AverageLearnedNogoodLength = 139.05698184095178
AverageLbd = 53.01789068789695
value = 169
time = 25.13
