instance = "pumpkin-v0/random/n150_p010/instance_n150_p0.100_0016.fzn"
directory = "experiments/20260612-11.19.59.708870-pumpkin-v0/114"
status = "SATISFIABLE"
num_solutions = 3
wall_clock_time = 301.0
cpu_time = 295.78000000000003
failures = "513020"
propagations = "744856015"
solveTime = "296.716848879"
nodes = "584730"
peakDepth = "2283"
restarts = "0"
nogoods = "513020"
AverageLbd = "23.915131963666134"
AverageLearnedNogoodLength = "45.27048653073954"
AverageConflictSize = "14.196633659506452"
NumUnitNogoodsLearned = "0"
circuitNumberPropagationsThatFoundConflict = "2366"
circuitNumberTotalFixedEdgesAtConflict = "322469"
circuitNumberNumberOfConflicts = "2366"
circuitNumberPropagationsThatPruned = "46932"
circuitNumberPropagationsTotal = "471384"

[[solution_objectives]]
nodes = 2410
restarts = 0
peakDepth = 2268
solveTime = 0.051543401
failures = 88
propagations = 155494
nogoods = 88
AverageConflictSize = 6.465909090909091
NumUnitNogoodsLearned = 0
AverageLearnedNogoodLength = 37.80681818181818
AverageLbd = 32.22727272727273
value = 1362
time = 3.38

[[solution_objectives]]
nodes = 5718
restarts = 0
peakDepth = 2270
solveTime = 0.43238959
failures = 781
propagations = 1342161
nogoods = 781
AverageConflictSize = 10.335467349551857
NumUnitNogoodsLearned = 0
AverageLearnedNogoodLength = 51.58130601792573
AverageLbd = 37.27144686299616
value = 1130
time = 3.77

[[solution_objectives]]
nodes = 9705
restarts = 0
peakDepth = 2283
solveTime = 0.9730394
failures = 2105
propagations = 3392144
nogoods = 2105
AverageConflictSize = 9.78479809976247
NumUnitNogoodsLearned = 0
AverageLearnedNogoodLength = 44.13681710213777
AverageLbd = 28.12874109263658
value = 1114
time = 4.32
