instance = "pumpkin-v3/opt/n100_k15/instance_n100_k15_0001.fzn"
directory = "experiments/20260605-18.05.57.686725-pumpkin-v3/107"
status = "OPTIMAL"
num_solutions = 3
wall_clock_time = 20.75
cpu_time = 13.950000000000001
failures = "19337"
propagations = "1724900"
solveTime = "13.876628516"
nodes = "28799"
peakDepth = "1455"
restarts = "5"
nogoods = "19337"
AverageLbd = "13.616072813776697"
AverageLearnedNogoodLength = "172.36717174329007"
AverageConflictSize = "48.027460309251694"
NumUnitNogoodsLearned = "150"

[[solution_objectives]]
nodes = 23135
restarts = 4
peakDepth = 1455
solveTime = 12.542755156
failures = 16312
propagations = 1451895
nogoods = 16312
AverageConflictSize = 54.184588033349684
NumUnitNogoodsLearned = 149
AverageLearnedNogoodLength = 195.0295487984306
AverageLbd = 14.727072094163805
value = 382
time = 18.28

[[solution_objectives]]
nodes = 28163
restarts = 5
peakDepth = 1455
solveTime = 13.856908851
failures = 19334
propagations = 1719391
nogoods = 19334
AverageConflictSize = 48.02524050894797
NumUnitNogoodsLearned = 149
AverageLearnedNogoodLength = 172.37421123409538
AverageLbd = 13.616271852694736
value = 327
time = 19.6

[[solution_objectives]]
nodes = 28799
restarts = 5
peakDepth = 1455
solveTime = 13.875622323
failures = 19336
propagations = 1723456
nogoods = 19336
AverageConflictSize = 48.02916839056682
NumUnitNogoodsLearned = 149
AverageLearnedNogoodLength = 172.37603434009102
AverageLbd = 13.616725279271824
value = 164
time = 19.62
