instance = "pumpkin-v1/opt/n50_k5/instance_n50_k5_0008.fzn"
directory = "experiments/20260610-10.42.57.240042-pumpkin-v1/215"
status = "SATISFIABLE"
num_solutions = 4
wall_clock_time = 1801.3
cpu_time = 1793.42
failures = "4978033"
propagations = "199216554"
solveTime = "1799.355509817"
nodes = "8428162"
peakDepth = "299"
restarts = "0"
nogoods = "4978033"
AverageLbd = "22.60252895069197"
AverageLearnedNogoodLength = "32.17938832466559"
AverageConflictSize = "43.74846591012956"
NumUnitNogoodsLearned = "0"
circuitNumberPropagationsThatFoundConflict = "4827426"
circuitNumberTotalFixedEdgesAtConflict = "227310984"
circuitNumberNumberOfConflicts = "4827426"
circuitNumberPropagationsThatPruned = "2782617"
circuitNumberPropagationsTotal = "15605925"
allDifferentNumberTotalHallSetSize = "2586078"
allDifferentNumberNumberOfConflicts = "139052"
allDifferentNumberMaxHallSetSize = "220"
allDifferentNumberPropagationsTotal = "20939847"
allDifferentNumberPropagationsThatFoundConflict = "139052"

[[solution_objectives]]
nodes = 2681
restarts = 0
peakDepth = 299
solveTime = 0.125166988
failures = 790
propagations = 23846
nogoods = 790
AverageConflictSize = 14.381012658227847
NumUnitNogoodsLearned = 0
AverageLearnedNogoodLength = 14.09746835443038
AverageLbd = 13.070886075949367
value = 1002
time = 0.79

[[solution_objectives]]
nodes = 43279
restarts = 0
peakDepth = 299
solveTime = 6.606424243
failures = 34590
propagations = 796151
nogoods = 34590
AverageConflictSize = 20.66062445793582
NumUnitNogoodsLearned = 0
AverageLearnedNogoodLength = 25.159699335067938
AverageLbd = 16.949609713790114
value = 334
time = 7.26

[[solution_objectives]]
nodes = 43671
restarts = 0
peakDepth = 299
solveTime = 6.63362657
failures = 34659
propagations = 799708
nogoods = 34659
AverageConflictSize = 20.635707896938747
NumUnitNogoodsLearned = 0
AverageLearnedNogoodLength = 25.16526731873395
AverageLbd = 16.960529732537005
value = 318
time = 7.29

[[solution_objectives]]
nodes = 43961
restarts = 0
peakDepth = 299
solveTime = 6.638696219
failures = 34669
propagations = 800733
nogoods = 34669
AverageConflictSize = 20.631313276990973
NumUnitNogoodsLearned = 0
AverageLearnedNogoodLength = 25.163229398021286
AverageLbd = 16.960137298451066
value = 317
time = 7.3
