instance = "pumpkin-v2/opt/n150_k7/instance_n150_k7_0004.fzn"
directory = "experiments/20260603-09.01.52.920058-pumpkin-v2/254"
status = "OPTIMAL"
num_solutions = 2
wall_clock_time = 17.91
cpu_time = 9.67
failures = "10610"
propagations = "489960"
solveTime = "9.548275877"
nodes = "15300"
peakDepth = "1081"
restarts = "5"
nogoods = "10610"
AverageLbd = "23.476531573986804"
AverageLearnedNogoodLength = "45.66540999057493"
AverageConflictSize = "23.54439208294062"
NumUnitNogoodsLearned = "137"

[[solution_objectives]]
nodes = 14051
restarts = 5
peakDepth = 1052
solveTime = 9.453735778
failures = 10558
propagations = 484711
nogoods = 10558
AverageConflictSize = 23.63307444591779
NumUnitNogoodsLearned = 137
AverageLearnedNogoodLength = 45.80858117067626
AverageLbd = 23.551809054745217
value = 150
time = 17.38

[[solution_objectives]]
nodes = 15300
restarts = 5
peakDepth = 1081
solveTime = 9.548270267
failures = 10610
propagations = 489960
nogoods = 10610
AverageConflictSize = 23.54439208294062
NumUnitNogoodsLearned = 137
AverageLearnedNogoodLength = 45.66540999057493
AverageLbd = 23.476531573986804
value = 138
time = 17.47
