instance = "pumpkin-v3/opt/n50_k10/instance_n50_k10_0014.fzn"
directory = "experiments/20260605-18.05.57.686725-pumpkin-v3/294"
status = "OPTIMAL"
num_solutions = 2
wall_clock_time = 10.14
cpu_time = 2.5
failures = "10272"
propagations = "598525"
solveTime = "2.409226033"
nodes = "12357"
peakDepth = "517"
restarts = "6"
nogoods = "10272"
AverageLbd = "15.090245327102803"
AverageLearnedNogoodLength = "31.87402647975078"
AverageConflictSize = "18.431756230529594"
NumUnitNogoodsLearned = "291"

[[solution_objectives]]
nodes = 11835
restarts = 6
peakDepth = 517
solveTime = 2.399632808
failures = 10269
propagations = 596640
nogoods = 10269
AverageConflictSize = 18.428181906709515
NumUnitNogoodsLearned = 291
AverageLearnedNogoodLength = 31.872334209757522
AverageLbd = 15.087545038465285
value = 318
time = 9.1

[[solution_objectives]]
nodes = 12357
restarts = 6
peakDepth = 517
solveTime = 2.409222426
failures = 10272
propagations = 598525
nogoods = 10272
AverageConflictSize = 18.431756230529594
NumUnitNogoodsLearned = 291
AverageLearnedNogoodLength = 31.87402647975078
AverageLbd = 15.090245327102803
value = 292
time = 9.11
