instance = "pumpkin-v3/opt/n50_k7/instance_n50_k7_0003.fzn"
directory = "experiments/20260605-18.05.57.686725-pumpkin-v3/361"
status = "SATISFIABLE"
num_solutions = 3
wall_clock_time = 1801.76
cpu_time = 1786.27
failures = "4333350"
propagations = "144270222"
solveTime = "1792.936087913"
nodes = "4749146"
peakDepth = "426"
restarts = "5048"
nogoods = "4333350"
AverageLbd = "16.038709081888147"
AverageLearnedNogoodLength = "41.170732574105486"
AverageConflictSize = "27.442803143064836"
NumUnitNogoodsLearned = "235"

[[solution_objectives]]
nodes = 25206
restarts = 2
peakDepth = 426
solveTime = 6.6037331649999995
failures = 22043
propagations = 849462
nogoods = 22043
AverageConflictSize = 19.49262804518441
NumUnitNogoodsLearned = 235
AverageLearnedNogoodLength = 35.893208728394505
AverageLbd = 15.862496030485868
value = 388
time = 13.6

[[solution_objectives]]
nodes = 25769
restarts = 3
peakDepth = 426
solveTime = 6.630855968
failures = 22095
propagations = 853206
nogoods = 22095
AverageConflictSize = 19.502195066757185
NumUnitNogoodsLearned = 235
AverageLearnedNogoodLength = 35.91672324055216
AverageLbd = 15.87766463000679
value = 315
time = 13.63

[[solution_objectives]]
nodes = 45471
restarts = 5
peakDepth = 426
solveTime = 11.420769287
failures = 40452
propagations = 1343549
nogoods = 40452
AverageConflictSize = 19.659547117571442
NumUnitNogoodsLearned = 235
AverageLearnedNogoodLength = 35.40556709186196
AverageLbd = 13.851676060516168
value = 299
time = 18.42
