instance = "pumpkin-v3/opt/n100_k5/instance_n100_k5_0011.fzn"
directory = "experiments/20260605-18.05.57.686725-pumpkin-v3/404"
status = "OPTIMAL"
num_solutions = 2
wall_clock_time = 13.13
cpu_time = 6.33
failures = "14543"
propagations = "398652"
solveTime = "6.252874149"
nodes = "19235"
peakDepth = "592"
restarts = "19"
nogoods = "14543"
AverageLbd = "10.62965000343808"
AverageLearnedNogoodLength = "24.11682596438149"
AverageConflictSize = "14.276421646152789"
NumUnitNogoodsLearned = "215"

[[solution_objectives]]
nodes = 12480
restarts = 2
peakDepth = 592
solveTime = 3.9912424
failures = 10245
propagations = 284554
nogoods = 10245
AverageConflictSize = 9.728843338213762
NumUnitNogoodsLearned = 214
AverageLearnedNogoodLength = 20.78204001952172
AverageLbd = 8.3734504636408
value = 809
time = 9.83

[[solution_objectives]]
nodes = 15394
restarts = 18
peakDepth = 592
solveTime = 5.018308634
failures = 11278
propagations = 328060
nogoods = 11278
AverageConflictSize = 15.53839333215109
NumUnitNogoodsLearned = 214
AverageLearnedNogoodLength = 26.432434828870367
AverageLbd = 11.578205355559497
value = 690
time = 10.84
