instance = "pumpkin-v0/opt/n100_k5/instance_n100_k5_0014.fzn"
directory = "experiments/20260602-11.16.13.665988-pumpkin-v0/234"
status = "SATISFIABLE"
num_solutions = 3
wall_clock_time = 1802.15
cpu_time = 1789.8600000000001
failures = "3541731"
propagations = "1360069344"
solveTime = "1797.912195417"
nodes = "4843217"
peakDepth = "662"
restarts = "7890"
nogoods = "3541731"
AverageLbd = "11.090127680504251"
AverageLearnedNogoodLength = "35.46643350384318"
AverageConflictSize = "17.001362328194887"
NumUnitNogoodsLearned = "170"

[[solution_objectives]]
nodes = 491537
restarts = 750
peakDepth = 618
solveTime = 105.793418116
failures = 318048
propagations = 144516012
nogoods = 318048
AverageConflictSize = 12.044974343495321
NumUnitNogoodsLearned = 170
AverageLearnedNogoodLength = 25.86498264412919
AverageLbd = 11.663198636683772
value = 298
time = 107.94

[[solution_objectives]]
nodes = 586704
restarts = 842
peakDepth = 641
solveTime = 128.573955357
failures = 384405
propagations = 174998662
nogoods = 384405
AverageConflictSize = 12.031841417255238
NumUnitNogoodsLearned = 170
AverageLearnedNogoodLength = 25.230108869551646
AverageLbd = 11.44895617902993
value = 289
time = 130.69

[[solution_objectives]]
nodes = 587846
restarts = 843
peakDepth = 662
solveTime = 128.65094584
failures = 384566
propagations = 175092982
nogoods = 384566
AverageConflictSize = 12.029815428300994
NumUnitNogoodsLearned = 170
AverageLearnedNogoodLength = 25.231146279182248
AverageLbd = 11.448617402474477
value = 288
time = 130.77
