instance = "pumpkin-v3/opt/n150_k10/instance_n150_k10_0002.fzn"
directory = "experiments/20260605-18.05.57.686725-pumpkin-v3/11"
status = "OPTIMAL"
num_solutions = 2
wall_clock_time = 34.36
cpu_time = 27.5
failures = "16394"
propagations = "952745"
solveTime = "29.045121921"
nodes = "21344"
peakDepth = "1571"
restarts = "2"
nogoods = "16394"
AverageLbd = "57.735512992558256"
AverageLearnedNogoodLength = "107.61351714041723"
AverageConflictSize = "85.54147858972794"
NumUnitNogoodsLearned = "174"

[[solution_objectives]]
nodes = 19774
restarts = 2
peakDepth = 1529
solveTime = 28.949021598
failures = 16394
propagations = 948917
nogoods = 16394
AverageConflictSize = 85.54147858972794
NumUnitNogoodsLearned = 174
AverageLearnedNogoodLength = 107.61351714041723
AverageLbd = 57.735512992558256
value = 684
time = 33.34

[[solution_objectives]]
nodes = 21344
restarts = 2
peakDepth = 1571
solveTime = 29.045101594
failures = 16394
propagations = 952745
nogoods = 16394
AverageConflictSize = 85.54147858972794
NumUnitNogoodsLearned = 174
AverageLearnedNogoodLength = 107.61351714041723
AverageLbd = 57.735512992558256
value = 175
time = 33.45
