instance = "pumpkin-v3/opt/n150_k7/instance_n150_k7_0003.fzn"
directory = "experiments/20260605-18.05.57.686725-pumpkin-v3/250"
status = "OPTIMAL"
num_solutions = 2
wall_clock_time = 37.17
cpu_time = 26.65
failures = "29049"
propagations = "897290"
solveTime = "26.606508413"
nodes = "34512"
peakDepth = "1060"
restarts = "5"
nogoods = "29049"
AverageLbd = "17.04275534441805"
AverageLearnedNogoodLength = "41.0908120761472"
AverageConflictSize = "22.925505180901236"
NumUnitNogoodsLearned = "136"

[[solution_objectives]]
nodes = 23541
restarts = 5
peakDepth = 1028
solveTime = 17.915641479
failures = 19839
propagations = 669921
nogoods = 19839
AverageConflictSize = 20.25500277231715
NumUnitNogoodsLearned = 136
AverageLearnedNogoodLength = 43.706386410605376
AverageLbd = 18.535258833610566
value = 158
time = 25.12

[[solution_objectives]]
nodes = 34512
restarts = 5
peakDepth = 1060
solveTime = 26.606498002
failures = 29049
propagations = 897290
nogoods = 29049
AverageConflictSize = 22.925505180901236
NumUnitNogoodsLearned = 136
AverageLearnedNogoodLength = 41.0908120761472
AverageLbd = 17.04275534441805
value = 137
time = 33.81
