instance = "pumpkin-v1/opt/n100_k5/instance_n100_k5_0011.fzn"
directory = "experiments/20260610-10.42.57.240042-pumpkin-v1/230"
status = "SATISFIABLE"
num_solutions = 3
wall_clock_time = 1802.38
cpu_time = 1786.3500000000001
failures = "2849170"
propagations = "52101710"
solveTime = "1792.559864587"
nodes = "3337018"
peakDepth = "583"
restarts = "0"
nogoods = "2849170"
AverageLbd = "30.576885198145426"
AverageLearnedNogoodLength = "63.40407311603028"
AverageConflictSize = "57.2521397459611"
NumUnitNogoodsLearned = "0"
circuitNumberPropagationsThatFoundConflict = "63280"
circuitNumberTotalFixedEdgesAtConflict = "2954509"
circuitNumberNumberOfConflicts = "63280"
circuitNumberPropagationsThatPruned = "133980"
circuitNumberPropagationsTotal = "3537732"
allDifferentNumberTotalHallSetSize = "124009740"
allDifferentNumberNumberOfConflicts = "2426717"
allDifferentNumberMaxHallSetSize = "340"
allDifferentNumberPropagationsTotal = "8786087"
allDifferentNumberPropagationsThatFoundConflict = "2426717"

[[solution_objectives]]
nodes = 8504
restarts = 0
peakDepth = 566
solveTime = 0.664055879
failures = 942
propagations = 85561
nogoods = 942
AverageConflictSize = 18.826963906581742
NumUnitNogoodsLearned = 0
AverageLearnedNogoodLength = 25.694267515923567
AverageLbd = 22.046709129511676
value = 935
time = 7.83

[[solution_objectives]]
nodes = 10498
restarts = 0
peakDepth = 579
solveTime = 0.859972884
failures = 1370
propagations = 108452
nogoods = 1370
AverageConflictSize = 20.50802919708029
NumUnitNogoodsLearned = 0
AverageLearnedNogoodLength = 28.447445255474452
AverageLbd = 22.294160583941604
value = 809
time = 8.0

[[solution_objectives]]
nodes = 11310
restarts = 0
peakDepth = 583
solveTime = 0.882646836
failures = 1393
propagations = 112232
nogoods = 1393
AverageConflictSize = 20.394113424264177
NumUnitNogoodsLearned = 0
AverageLearnedNogoodLength = 28.246231155778894
AverageLbd = 22.105527638190956
value = 690
time = 8.03
