instance = "pumpkin-v0/random/n50_p010/instance_n50_p0.100_0010.fzn"
directory = "experiments/20260612-11.19.59.708870-pumpkin-v0/215"
status = "SATISFIABLE"
num_solutions = 4
wall_clock_time = 300.84
cpu_time = 296.0
failures = "767404"
propagations = "344992630"
solveTime = "296.799047635"
nodes = "1012508"
peakDepth = "255"
restarts = "0"
nogoods = "767404"
AverageLbd = "10.567823467169834"
AverageLearnedNogoodLength = "29.487810853214214"
AverageConflictSize = "11.554872010049465"
NumUnitNogoodsLearned = "0"
circuitNumberPropagationsThatFoundConflict = "1151"
circuitNumberTotalFixedEdgesAtConflict = "37555"
circuitNumberNumberOfConflicts = "1151"
circuitNumberPropagationsThatPruned = "37192"
circuitNumberPropagationsTotal = "901053"

[[solution_objectives]]
nodes = 1652
restarts = 0
peakDepth = 255
solveTime = 0.175701886
failures = 1052
propagations = 527327
nogoods = 1052
AverageConflictSize = 6.413498098859316
NumUnitNogoodsLearned = 0
AverageLearnedNogoodLength = 23.49334600760456
AverageLbd = 11.152091254752852
value = 1031
time = 3.6

[[solution_objectives]]
nodes = 2128
restarts = 0
peakDepth = 255
solveTime = 0.203106141
failures = 1207
propagations = 610252
nogoods = 1207
AverageConflictSize = 6.582435791217896
NumUnitNogoodsLearned = 0
AverageLearnedNogoodLength = 23.447390223695113
AverageLbd = 10.989229494614747
value = 991
time = 3.63

[[solution_objectives]]
nodes = 2490
restarts = 0
peakDepth = 255
solveTime = 0.219013406
failures = 1292
propagations = 656183
nogoods = 1292
AverageConflictSize = 6.629256965944273
NumUnitNogoodsLearned = 0
AverageLearnedNogoodLength = 23.441950464396285
AverageLbd = 10.913312693498453
value = 975
time = 3.65

[[solution_objectives]]
nodes = 54989
restarts = 0
peakDepth = 255
solveTime = 11.919421251
failures = 39494
propagations = 19140123
nogoods = 39494
AverageConflictSize = 9.14252797893351
NumUnitNogoodsLearned = 0
AverageLearnedNogoodLength = 25.928976553400517
AverageLbd = 9.56854205702132
value = 958
time = 15.35
