instance = "pumpkin-v0/random/n50_p015/instance_n50_p0.150_0002.fzn"
directory = "experiments/20260612-11.19.59.708870-pumpkin-v0/100"
status = "SATISFIABLE"
num_solutions = 3
wall_clock_time = 301.06
cpu_time = 297.68
failures = "884168"
propagations = "440086503"
solveTime = "298.43803474"
nodes = "988292"
peakDepth = "413"
restarts = "0"
nogoods = "884168"
AverageLbd = "18.3965411550746"
AverageLearnedNogoodLength = "37.900453307516216"
AverageConflictSize = "11.810641190362013"
NumUnitNogoodsLearned = "0"
circuitNumberPropagationsThatFoundConflict = "2115"
circuitNumberTotalFixedEdgesAtConflict = "75952"
circuitNumberNumberOfConflicts = "2115"
circuitNumberPropagationsThatPruned = "65091"
circuitNumberPropagationsTotal = "742939"

[[solution_objectives]]
nodes = 421
restarts = 0
peakDepth = 413
solveTime = 0.001663819
failures = 7
propagations = 7759
nogoods = 7
AverageConflictSize = 7.428571428571429
NumUnitNogoodsLearned = 0
AverageLearnedNogoodLength = 13
AverageLbd = 8.714285714285714
value = 1027
time = 1.52

[[solution_objectives]]
nodes = 888
restarts = 0
peakDepth = 413
solveTime = 0.008472888
failures = 60
propagations = 41493
nogoods = 60
AverageConflictSize = 5.15
NumUnitNogoodsLearned = 0
AverageLearnedNogoodLength = 15.233333333333333
AverageLbd = 11.383333333333333
value = 977
time = 1.52

[[solution_objectives]]
nodes = 1389
restarts = 0
peakDepth = 413
solveTime = 0.044956718
failures = 156
propagations = 104013
nogoods = 156
AverageConflictSize = 5.044871794871795
NumUnitNogoodsLearned = 0
AverageLearnedNogoodLength = 21.724358974358974
AverageLbd = 14.85897435897436
value = 943
time = 1.56
