instance = "pumpkin-v1/opt/n150_k7/instance_n150_k7_0008.fzn"
directory = "experiments/20260602-15.07.06.641281-pumpkin-v1/186"
status = "OPTIMAL"
num_solutions = 2
wall_clock_time = 1280.86
cpu_time = 1220.56
failures = "1164588"
propagations = "33760012"
solveTime = "1278.491115892"
nodes = "2028249"
peakDepth = "1291"
restarts = "1859"
nogoods = "1164588"
AverageLbd = "27.213446300322516"
AverageLearnedNogoodLength = "43.5580754739015"
AverageConflictSize = "33.01132074175588"
NumUnitNogoodsLearned = "229"

[[solution_objectives]]
nodes = 2025949
restarts = 1859
peakDepth = 1182
solveTime = 1278.382419126
failures = 1164575
propagations = 33754994
nogoods = 1164575
AverageConflictSize = 33.011456539939466
NumUnitNogoodsLearned = 229
AverageLearnedNogoodLength = 43.55825773350793
AverageLbd = 27.21357147457227
value = 462
time = 1279.08

[[solution_objectives]]
nodes = 2028249
restarts = 1859
peakDepth = 1291
solveTime = 1278.49110985
failures = 1164588
propagations = 33760012
nogoods = 1164588
AverageConflictSize = 33.01132074175588
NumUnitNogoodsLearned = 229
AverageLearnedNogoodLength = 43.5580754739015
AverageLbd = 27.213446300322516
value = 230
time = 1279.19
