instance = "pumpkin-v1/opt/n100_k10/instance_n100_k10_0008.fzn"
directory = "experiments/20260610-10.42.57.240042-pumpkin-v1/379"
status = "SATISFIABLE"
num_solutions = 5
wall_clock_time = 1801.37
cpu_time = 1794.6000000000001
failures = "2541051"
propagations = "63993456"
solveTime = "1799.692334931"
nodes = "2582074"
peakDepth = "1157"
restarts = "0"
nogoods = "2541051"
AverageLbd = "34.87945066824712"
AverageLearnedNogoodLength = "95.41269380268243"
AverageConflictSize = "95.19508856768321"
NumUnitNogoodsLearned = "0"
circuitNumberPropagationsThatFoundConflict = "7459"
circuitNumberTotalFixedEdgesAtConflict = "643175"
circuitNumberNumberOfConflicts = "7459"
circuitNumberPropagationsThatPruned = "1239715"
circuitNumberPropagationsTotal = "5500493"
allDifferentNumberTotalHallSetSize = "195114227"
allDifferentNumberNumberOfConflicts = "2902606"
allDifferentNumberMaxHallSetSize = "510"
allDifferentNumberPropagationsTotal = "10797647"
allDifferentNumberPropagationsThatFoundConflict = "2902606"

[[solution_objectives]]
nodes = 20451
restarts = 0
peakDepth = 1147
solveTime = 2.20735915
failures = 2473
propagations = 172259
nogoods = 2473
AverageConflictSize = 27.112818439142742
NumUnitNogoodsLearned = 0
AverageLearnedNogoodLength = 49.58390618681763
AverageLbd = 44.48443186413263
value = 853
time = 2.59

[[solution_objectives]]
nodes = 54546
restarts = 0
peakDepth = 1147
solveTime = 18.214467079
failures = 34047
propagations = 995008
nogoods = 34047
AverageConflictSize = 21.47372749434605
NumUnitNogoodsLearned = 0
AverageLearnedNogoodLength = 63.46112726525098
AverageLbd = 50.27030281669457
value = 437
time = 18.59

[[solution_objectives]]
nodes = 111393
restarts = 0
peakDepth = 1147
solveTime = 44.033111079
failures = 82870
propagations = 2061548
nogoods = 82870
AverageConflictSize = 25.487619162543744
NumUnitNogoodsLearned = 0
AverageLearnedNogoodLength = 69.24870278749849
AverageLbd = 50.70164112465307
value = 436
time = 44.41

[[solution_objectives]]
nodes = 171579
restarts = 0
peakDepth = 1157
solveTime = 75.029204042
failures = 135639
propagations = 3350541
nogoods = 135639
AverageConflictSize = 25.841299331313266
NumUnitNogoodsLearned = 0
AverageLearnedNogoodLength = 73.0881973473706
AverageLbd = 52.3278408127456
value = 340
time = 75.41

[[solution_objectives]]
nodes = 226931
restarts = 0
peakDepth = 1157
solveTime = 106.173418124
failures = 185953
propagations = 4594056
nogoods = 185953
AverageConflictSize = 25.620737498185026
NumUnitNogoodsLearned = 0
AverageLearnedNogoodLength = 75.39660559388663
AverageLbd = 53.0171333616559
value = 334
time = 106.56
