instance = "pumpkin-v2/opt/n100_k20/instance_n100_k20_0009.fzn"
directory = "experiments/20260603-09.01.52.920058-pumpkin-v2/406"
status = "OPTIMAL"
num_solutions = 2
wall_clock_time = 12.37
cpu_time = 10.409999999999998
failures = "14511"
propagations = "1827653"
solveTime = "10.304850246"
nodes = "19762"
peakDepth = "1947"
restarts = "1"
nogoods = "14511"
AverageLbd = "34.15684653021845"
AverageLearnedNogoodLength = "163.73923230652608"
AverageConflictSize = "35.10502377506719"
NumUnitNogoodsLearned = "190"

[[solution_objectives]]
nodes = 18806
restarts = 1
peakDepth = 1947
solveTime = 10.279866002
failures = 14511
propagations = 1822144
nogoods = 14511
AverageConflictSize = 35.10502377506719
NumUnitNogoodsLearned = 190
AverageLearnedNogoodLength = 163.73923230652608
AverageLbd = 34.15684653021845
value = 362
time = 12.12

[[solution_objectives]]
nodes = 19762
restarts = 1
peakDepth = 1947
solveTime = 10.304845529
failures = 14511
propagations = 1827653
nogoods = 14511
AverageConflictSize = 35.10502377506719
NumUnitNogoodsLearned = 190
AverageLearnedNogoodLength = 163.73923230652608
AverageLbd = 34.15684653021845
value = 191
time = 12.14
