instance = "pumpkin-v2/opt/n150_k15/instance_n150_k15_0011.fzn"
directory = "experiments/20260603-09.01.52.920058-pumpkin-v2/156"
status = "OPTIMAL"
num_solutions = 2
wall_clock_time = 118.93
cpu_time = 116.42
failures = "76126"
propagations = "7056695"
solveTime = "116.847514698"
nodes = "90379"
peakDepth = "1969"
restarts = "23"
nogoods = "76126"
AverageLbd = "39.99432519769855"
AverageLearnedNogoodLength = "108.11501983553582"
AverageConflictSize = "40.256390720647346"
NumUnitNogoodsLearned = "175"

[[solution_objectives]]
nodes = 88315
restarts = 23
peakDepth = 1950
solveTime = 116.70842399
failures = 76123
propagations = 7050406
nogoods = 76123
AverageConflictSize = 40.25783271810097
NumUnitNogoodsLearned = 175
AverageLearnedNogoodLength = 108.11476163577368
AverageLbd = 39.9939308750312
value = 271
time = 118.43

[[solution_objectives]]
nodes = 90379
restarts = 23
peakDepth = 1969
solveTime = 116.847507736
failures = 76126
propagations = 7056695
nogoods = 76126
AverageConflictSize = 40.256390720647346
NumUnitNogoodsLearned = 175
AverageLearnedNogoodLength = 108.11501983553582
AverageLbd = 39.99432519769855
value = 176
time = 118.57
