instance = "pumpkin-v0/opt/n50_k5/instance_n50_k5_0015.fzn"
directory = "experiments/20260609-14.46.48.023744-pumpkin-v0/213"
status = "OPTIMAL"
num_solutions = 4
wall_clock_time = 31.21
cpu_time = 6.3
failures = "28145"
propagations = "11758805"
solveTime = "6.151880642"
nodes = "32774"
peakDepth = "288"
restarts = "0"
nogoods = "28145"
AverageLbd = "14.703783975839404"
AverageLearnedNogoodLength = "32.35874933380707"
AverageConflictSize = "10.670385503641855"
NumUnitNogoodsLearned = "1"
circuitNumberPropagationsThatFoundConflict = "3126"
circuitNumberTotalFixedEdgesAtConflict = "114795"
circuitNumberNumberOfConflicts = "3126"
circuitNumberPropagationsThatPruned = "19207"
circuitNumberPropagationsTotal = "111338"

[[solution_objectives]]
nodes = 1152
restarts = 0
peakDepth = 288
solveTime = 0.130366172
failures = 773
propagations = 341958
nogoods = 773
AverageConflictSize = 9.858990944372575
NumUnitNogoodsLearned = 0
AverageLearnedNogoodLength = 24.579560155239328
AverageLbd = 16.54333764553687
value = 368
time = 20.34

[[solution_objectives]]
nodes = 1602
restarts = 0
peakDepth = 288
solveTime = 0.164593052
failures = 938
propagations = 426857
nogoods = 938
AverageConflictSize = 9.649253731343284
NumUnitNogoodsLearned = 0
AverageLearnedNogoodLength = 25.65778251599147
AverageLbd = 16.905117270788914
value = 356
time = 20.38

[[solution_objectives]]
nodes = 31508
restarts = 0
peakDepth = 288
solveTime = 5.960016144
failures = 27259
propagations = 11440110
nogoods = 27259
AverageConflictSize = 10.673098793059173
NumUnitNogoodsLearned = 0
AverageLearnedNogoodLength = 32.53167761106423
AverageLbd = 14.788180050625481
value = 331
time = 26.18

[[solution_objectives]]
nodes = 32760
restarts = 0
peakDepth = 288
solveTime = 6.151126508
failures = 28139
propagations = 11757103
nogoods = 28139
AverageConflictSize = 10.671807811222857
NumUnitNogoodsLearned = 0
AverageLearnedNogoodLength = 32.364547425281636
AverageLbd = 14.706457230178755
value = 305
time = 26.37
