instance = "pumpkin-v0/opt/n50_k5/instance_n50_k5_0024.fzn"
directory = "experiments/20260602-11.16.13.665988-pumpkin-v0/201"
status = "OPTIMAL"
num_solutions = 3
wall_clock_time = 27.61
cpu_time = 23.72
failures = "76701"
propagations = "16416052"
solveTime = "23.677248153"
nodes = "116828"
peakDepth = "293"
restarts = "280"
nogoods = "76701"
AverageLbd = "11.07722193974003"
AverageLearnedNogoodLength = "39.64455482979361"
AverageConflictSize = "18.89655936689222"
NumUnitNogoodsLearned = "228"

[[solution_objectives]]
nodes = 33909
restarts = 16
peakDepth = 282
solveTime = 5.17926498
failures = 22421
propagations = 5069864
nogoods = 22421
AverageConflictSize = 14.549038847509031
NumUnitNogoodsLearned = 227
AverageLearnedNogoodLength = 34.977744079211455
AverageLbd = 10.482137282012399
value = 255
time = 8.54

[[solution_objectives]]
nodes = 34639
restarts = 18
peakDepth = 293
solveTime = 5.256945999
failures = 22589
propagations = 5122337
nogoods = 22589
AverageConflictSize = 14.542387887910044
NumUnitNogoodsLearned = 227
AverageLearnedNogoodLength = 34.971800433839476
AverageLbd = 10.49316038779937
value = 246
time = 8.61

[[solution_objectives]]
nodes = 37328
restarts = 19
peakDepth = 293
solveTime = 5.993949985
failures = 24484
propagations = 5547823
nogoods = 24484
AverageConflictSize = 14.4888498611338
NumUnitNogoodsLearned = 227
AverageLearnedNogoodLength = 35.03598268256821
AverageLbd = 10.456297990524424
value = 239
time = 9.35
