instance = "pumpkin-v2/opt/n100_k20/instance_n100_k20_0003.fzn"
directory = "experiments/20260603-09.01.52.920058-pumpkin-v2/420"
status = "OPTIMAL"
num_solutions = 3
wall_clock_time = 10.87
cpu_time = 5.79
failures = "11561"
propagations = "1419662"
solveTime = "5.661465822"
nodes = "17748"
peakDepth = "1952"
restarts = "2"
nogoods = "11561"
AverageLbd = "10.049303693452124"
AverageLearnedNogoodLength = "58.563100077847935"
AverageConflictSize = "15.958135109419601"
NumUnitNogoodsLearned = "165"

[[solution_objectives]]
nodes = 14398
restarts = 1
peakDepth = 1880
solveTime = 5.47449008
failures = 11479
propagations = 1391861
nogoods = 11479
AverageConflictSize = 15.88195835874205
NumUnitNogoodsLearned = 165
AverageLearnedNogoodLength = 58.096262740656854
AverageLbd = 9.9642826030142
value = 436
time = 9.69

[[solution_objectives]]
nodes = 16724
restarts = 2
peakDepth = 1952
solveTime = 5.590285562
failures = 11529
propagations = 1407999
nogoods = 11529
AverageConflictSize = 15.876138433515482
NumUnitNogoodsLearned = 165
AverageLearnedNogoodLength = 58.41460664411484
AverageLbd = 10.011969815248504
value = 417
time = 9.79

[[solution_objectives]]
nodes = 17748
restarts = 2
peakDepth = 1952
solveTime = 5.661461817
failures = 11561
propagations = 1419662
nogoods = 11561
AverageConflictSize = 15.958135109419601
NumUnitNogoodsLearned = 165
AverageLearnedNogoodLength = 58.563100077847935
AverageLbd = 10.049303693452124
value = 166
time = 9.87
