instance = "pumpkin-v1/opt/n100_k10/instance_n100_k10_0007.fzn"
directory = "experiments/20260610-10.42.57.240042-pumpkin-v1/376"
status = "SATISFIABLE"
num_solutions = 7
wall_clock_time = 1801.4
cpu_time = 1791.9499999999998
failures = "2089610"
propagations = "27355258"
solveTime = "1799.627673007"
nodes = "2343313"
peakDepth = "1179"
restarts = "3"
nogoods = "2089610"
AverageLbd = "42.13859859016754"
AverageLearnedNogoodLength = "76.69364187575673"
AverageConflictSize = "53.83929345667374"
NumUnitNogoodsLearned = "0"
circuitNumberPropagationsThatFoundConflict = "32292"
circuitNumberTotalFixedEdgesAtConflict = "2684622"
circuitNumberNumberOfConflicts = "32292"
circuitNumberPropagationsThatPruned = "332626"
circuitNumberPropagationsTotal = "6827937"
allDifferentNumberTotalHallSetSize = "159148121"
allDifferentNumberNumberOfConflicts = "5486640"
allDifferentNumberMaxHallSetSize = "472"
allDifferentNumberPropagationsTotal = "18272381"
allDifferentNumberPropagationsThatFoundConflict = "5486640"

[[solution_objectives]]
nodes = 47246
restarts = 0
peakDepth = 1153
solveTime = 18.725175923
failures = 26205
propagations = 641063
nogoods = 26205
AverageConflictSize = 35.14569738599504
NumUnitNogoodsLearned = 0
AverageLearnedNogoodLength = 52.81854607899256
AverageLbd = 45.40057240984545
value = 716
time = 19.14

[[solution_objectives]]
nodes = 59870
restarts = 0
peakDepth = 1153
solveTime = 23.38430948
failures = 32291
propagations = 847102
nogoods = 32291
AverageConflictSize = 32.96032950357685
NumUnitNogoodsLearned = 0
AverageLearnedNogoodLength = 52.52308692824626
AverageLbd = 43.73175188132916
value = 638
time = 23.78

[[solution_objectives]]
nodes = 389133
restarts = 0
peakDepth = 1153
solveTime = 159.847847926
failures = 215876
propagations = 4327269
nogoods = 215876
AverageConflictSize = 40.695000833812
NumUnitNogoodsLearned = 0
AverageLearnedNogoodLength = 57.50446552650596
AverageLbd = 32.87669310159536
value = 430
time = 160.25

[[solution_objectives]]
nodes = 989907
restarts = 0
peakDepth = 1153
solveTime = 563.850325984
failures = 790490
propagations = 11701090
nogoods = 790490
AverageConflictSize = 42.80643777909904
NumUnitNogoodsLearned = 0
AverageLearnedNogoodLength = 59.38849447810851
AverageLbd = 32.10917405659781
value = 338
time = 564.26

[[solution_objectives]]
nodes = 991043
restarts = 0
peakDepth = 1153
solveTime = 563.867133987
failures = 790492
propagations = 11703611
nogoods = 790492
AverageConflictSize = 42.80646230448885
NumUnitNogoodsLearned = 0
AverageLearnedNogoodLength = 59.38855548190241
AverageLbd = 32.109283838419614
value = 318
time = 564.29

[[solution_objectives]]
nodes = 1006344
restarts = 1
peakDepth = 1153
solveTime = 570.197308697
failures = 797900
propagations = 11947710
nogoods = 797900
AverageConflictSize = 42.77336758992355
NumUnitNogoodsLearned = 0
AverageLearnedNogoodLength = 59.41373605715002
AverageLbd = 32.19256172452688
value = 277
time = 570.63

[[solution_objectives]]
nodes = 1012636
restarts = 3
peakDepth = 1179
solveTime = 573.654908396
failures = 801240
propagations = 12017113
nogoods = 801240
AverageConflictSize = 42.82675852428736
NumUnitNogoodsLearned = 0
AverageLearnedNogoodLength = 59.50784409165793
AverageLbd = 32.26266162448205
value = 273
time = 574.1
