instance = "pumpkin-v2/opt/n100_k10/instance_n100_k10_0004.fzn"
directory = "experiments/20260603-09.01.52.920058-pumpkin-v2/353"
status = "OPTIMAL"
num_solutions = 2
wall_clock_time = 36.65
cpu_time = 25.65
failures = "23638"
propagations = "1081803"
solveTime = "25.613393799"
nodes = "35866"
peakDepth = "1072"
restarts = "3"
nogoods = "23638"
AverageLbd = "41.14925120568576"
AverageLearnedNogoodLength = "155.06967594551148"
AverageConflictSize = "71.92571283526524"
NumUnitNogoodsLearned = "187"

[[solution_objectives]]
nodes = 34981
restarts = 3
peakDepth = 1072
solveTime = 25.585056373
failures = 23632
propagations = 1078621
nogoods = 23632
AverageConflictSize = 71.93614590385917
NumUnitNogoodsLearned = 187
AverageLearnedNogoodLength = 155.0839539607312
AverageLbd = 41.15203960731212
value = 428
time = 36.31

[[solution_objectives]]
nodes = 35866
restarts = 3
peakDepth = 1072
solveTime = 25.61338711
failures = 23638
propagations = 1081803
nogoods = 23638
AverageConflictSize = 71.92571283526524
NumUnitNogoodsLearned = 187
AverageLearnedNogoodLength = 155.06967594551148
AverageLbd = 41.14925120568576
value = 188
time = 36.34
