instance = "pumpkin-v2/opt/n150_k7/instance_n150_k7_0018.fzn"
directory = "experiments/20260603-09.01.52.920058-pumpkin-v2/246"
status = "OPTIMAL"
num_solutions = 2
wall_clock_time = 32.83
cpu_time = 30.139999999999997
failures = "38976"
propagations = "1323124"
solveTime = "30.136218256"
nodes = "46160"
peakDepth = "1206"
restarts = "1"
nogoods = "38976"
AverageLbd = "15.361530172413794"
AverageLearnedNogoodLength = "31.438808497536947"
AverageConflictSize = "14.383492405582922"
NumUnitNogoodsLearned = "164"

[[solution_objectives]]
nodes = 44902
restarts = 1
peakDepth = 1206
solveTime = 30.062800441
failures = 38968
propagations = 1319793
nogoods = 38968
AverageConflictSize = 14.384520632313693
NumUnitNogoodsLearned = 164
AverageLearnedNogoodLength = 31.437102237733527
AverageLbd = 15.360321289262986
value = 661
time = 32.49

[[solution_objectives]]
nodes = 46160
restarts = 1
peakDepth = 1206
solveTime = 30.1362122
failures = 38976
propagations = 1323124
nogoods = 38976
AverageConflictSize = 14.383492405582922
NumUnitNogoodsLearned = 164
AverageLearnedNogoodLength = 31.438808497536947
AverageLbd = 15.361530172413794
value = 165
time = 32.56
