instance = "pumpkin-v0/random/n50_p010/instance_n50_p0.100_0002.fzn"
directory = "experiments/20260612-11.19.59.708870-pumpkin-v0/204"
status = "SATISFIABLE"
num_solutions = 3
wall_clock_time = 302.73
cpu_time = 296.15
failures = "762359"
propagations = "363640037"
solveTime = "296.809352698"
nodes = "815671"
peakDepth = "305"
restarts = "0"
nogoods = "762359"
AverageLbd = "12.36654253442276"
AverageLearnedNogoodLength = "27.577062774886898"
AverageConflictSize = "10.496890572551777"
NumUnitNogoodsLearned = "0"
circuitNumberPropagationsThatFoundConflict = "1587"
circuitNumberTotalFixedEdgesAtConflict = "54817"
circuitNumberNumberOfConflicts = "1587"
circuitNumberPropagationsThatPruned = "40044"
circuitNumberPropagationsTotal = "554117"

[[solution_objectives]]
nodes = 368
restarts = 0
peakDepth = 302
solveTime = 0.0069103
failures = 44
propagations = 26486
nogoods = 44
AverageConflictSize = 6.113636363636363
NumUnitNogoodsLearned = 0
AverageLearnedNogoodLength = 15.636363636363637
AverageLbd = 9.75
value = 1063
time = 3.15

[[solution_objectives]]
nodes = 673
restarts = 0
peakDepth = 305
solveTime = 0.007930435
failures = 45
propagations = 30139
nogoods = 45
AverageConflictSize = 6.022222222222222
NumUnitNogoodsLearned = 0
AverageLearnedNogoodLength = 15.777777777777779
AverageLbd = 9.911111111111111
value = 1006
time = 3.15

[[solution_objectives]]
nodes = 1497
restarts = 0
peakDepth = 305
solveTime = 0.053537197
failures = 361
propagations = 175110
nogoods = 361
AverageConflictSize = 5.81994459833795
NumUnitNogoodsLearned = 0
AverageLearnedNogoodLength = 18.127423822714682
AverageLbd = 10.878116343490305
value = 992
time = 3.18
