instance = "pumpkin-v0/opt/n20_k7/instance_n20_k7_0027.fzn"
directory = "experiments/20260602-11.16.13.665988-pumpkin-v0/134"
status = "OPTIMAL"
num_solutions = 4
wall_clock_time = 15.98
cpu_time = 15.690000000000001
failures = "76849"
propagations = "5526875"
solveTime = "15.667299499"
nodes = "96502"
peakDepth = "197"
restarts = "157"
nogoods = "76849"
AverageLbd = "9.94149566032089"
AverageLearnedNogoodLength = "42.31027079077151"
AverageConflictSize = "20.958151700087186"
NumUnitNogoodsLearned = "356"

[[solution_objectives]]
nodes = 13675
restarts = 2
peakDepth = 197
solveTime = 1.482704283
failures = 10465
propagations = 1020296
nogoods = 10465
AverageConflictSize = 14.696321070234113
NumUnitNogoodsLearned = 355
AverageLearnedNogoodLength = 41.11199235547062
AverageLbd = 9.658480649784998
value = 470
time = 1.7

[[solution_objectives]]
nodes = 14045
restarts = 3
peakDepth = 197
solveTime = 1.496936807
failures = 10510
propagations = 1027191
nogoods = 10510
AverageConflictSize = 14.705137963843958
NumUnitNogoodsLearned = 355
AverageLearnedNogoodLength = 41.12312083729781
AverageLbd = 9.67174119885823
value = 433
time = 1.72

[[solution_objectives]]
nodes = 14466
restarts = 5
peakDepth = 197
solveTime = 1.5294165309999999
failures = 10678
propagations = 1042688
nogoods = 10678
AverageConflictSize = 14.899232065929949
NumUnitNogoodsLearned = 355
AverageLearnedNogoodLength = 41.160423300243494
AverageLbd = 9.755197602547293
value = 432
time = 1.75

[[solution_objectives]]
nodes = 15330
restarts = 9
peakDepth = 197
solveTime = 1.605151252
failures = 11094
propagations = 1074549
nogoods = 11094
AverageConflictSize = 15.228772309356408
NumUnitNogoodsLearned = 355
AverageLearnedNogoodLength = 41.15386695511087
AverageLbd = 9.950153235983414
value = 392
time = 1.82
