instance = "pumpkin-v2/opt/n100_k5/instance_n100_k5_0008.fzn"
directory = "experiments/20260603-09.01.52.920058-pumpkin-v2/387"
status = "OPTIMAL"
num_solutions = 2
wall_clock_time = 19.85
cpu_time = 10.65
failures = "17277"
propagations = "526617"
solveTime = "10.580171757"
nodes = "20532"
peakDepth = "596"
restarts = "5"
nogoods = "17277"
AverageLbd = "22.92510273774382"
AverageLearnedNogoodLength = "55.08983041037217"
AverageConflictSize = "46.099612201192336"
NumUnitNogoodsLearned = "229"

[[solution_objectives]]
nodes = 19804
restarts = 5
peakDepth = 562
solveTime = 10.546031571
failures = 17264
propagations = 524111
nogoods = 17264
AverageConflictSize = 46.11955514365153
NumUnitNogoodsLearned = 229
AverageLearnedNogoodLength = 55.107101482854496
AverageLbd = 22.9285797034291
value = 749
time = 18.52

[[solution_objectives]]
nodes = 20532
restarts = 5
peakDepth = 596
solveTime = 10.580166794
failures = 17277
propagations = 526617
nogoods = 17277
AverageConflictSize = 46.099612201192336
NumUnitNogoodsLearned = 229
AverageLearnedNogoodLength = 55.08983041037217
AverageLbd = 22.92510273774382
value = 230
time = 18.54
