instance = "pumpkin-v3/opt/n50_k7/instance_n50_k7_0020.fzn"
directory = "experiments/20260605-18.05.57.686725-pumpkin-v3/381"
status = "OPTIMAL"
num_solutions = 2
wall_clock_time = 14.2
cpu_time = 3.82
failures = "11204"
propagations = "553457"
solveTime = "3.71686211"
nodes = "13157"
peakDepth = "442"
restarts = "2"
nogoods = "11204"
AverageLbd = "19.619421635130312"
AverageLearnedNogoodLength = "47.6698500535523"
AverageConflictSize = "35.990539093181006"
NumUnitNogoodsLearned = "242"

[[solution_objectives]]
nodes = 12234
restarts = 2
peakDepth = 442
solveTime = 3.5981895980000003
failures = 10799
propagations = 530550
nogoods = 10799
AverageConflictSize = 36.93721640892675
NumUnitNogoodsLearned = 241
AverageLearnedNogoodLength = 48.107695156958975
AverageLbd = 20.186869154551346
value = 367
time = 12.43

[[solution_objectives]]
nodes = 13157
restarts = 2
peakDepth = 442
solveTime = 3.716475552
failures = 11203
propagations = 553375
nogoods = 11203
AverageConflictSize = 35.990984557707755
NumUnitNogoodsLearned = 241
AverageLearnedNogoodLength = 47.67401588860127
AverageLbd = 19.621083638311166
value = 352
time = 12.55
