instance = "pumpkin-v1/opt/n150_k10/instance_n150_k10_0001.fzn"
directory = "experiments/20260610-10.42.57.240042-pumpkin-v1/147"
status = "SATISFIABLE"
num_solutions = 9
wall_clock_time = 1801.3
cpu_time = 1793.57
failures = "1471442"
propagations = "42753750"
solveTime = "1798.49492914"
nodes = "1792938"
peakDepth = "1698"
restarts = "0"
nogoods = "1471442"
AverageLbd = "52.317610208217516"
AverageLearnedNogoodLength = "110.29804708578388"
AverageConflictSize = "71.37307484766644"
NumUnitNogoodsLearned = "0"
circuitNumberPropagationsThatFoundConflict = "497288"
circuitNumberTotalFixedEdgesAtConflict = "69429722"
circuitNumberNumberOfConflicts = "497288"
circuitNumberPropagationsThatPruned = "614060"
circuitNumberPropagationsTotal = "5030370"
allDifferentNumberTotalHallSetSize = "44525122"
allDifferentNumberNumberOfConflicts = "1490961"
allDifferentNumberMaxHallSetSize = "1200"
allDifferentNumberPropagationsTotal = "8565523"
allDifferentNumberPropagationsThatFoundConflict = "1490961"

[[solution_objectives]]
nodes = 42177
restarts = 0
peakDepth = 1698
solveTime = 4.896297497
failures = 1974
propagations = 288834
nogoods = 1974
AverageConflictSize = 18.200607902735563
NumUnitNogoodsLearned = 0
AverageLearnedNogoodLength = 21.433130699088146
AverageLbd = 17.4741641337386
value = 957
time = 6.4

[[solution_objectives]]
nodes = 46750
restarts = 0
peakDepth = 1698
solveTime = 5.525588022
failures = 2948
propagations = 326531
nogoods = 2948
AverageConflictSize = 18.942333785617368
NumUnitNogoodsLearned = 0
AverageLearnedNogoodLength = 26.207937584803258
AverageLbd = 19.399253731343283
value = 240
time = 7.02

[[solution_objectives]]
nodes = 50192
restarts = 0
peakDepth = 1698
solveTime = 5.922419906
failures = 3339
propagations = 346541
nogoods = 3339
AverageConflictSize = 23.94639113507038
NumUnitNogoodsLearned = 0
AverageLearnedNogoodLength = 32.37496256364181
AverageLbd = 21.326145552560646
value = 221
time = 7.43

[[solution_objectives]]
nodes = 53590
restarts = 0
peakDepth = 1698
solveTime = 6.21521926
failures = 3509
propagations = 366509
nogoods = 3509
AverageConflictSize = 23.40552864063836
NumUnitNogoodsLearned = 0
AverageLearnedNogoodLength = 33.603305785123965
AverageLbd = 21.974921630094045
value = 220
time = 7.72

[[solution_objectives]]
nodes = 408900
restarts = 0
peakDepth = 1698
solveTime = 168.131995371
failures = 124310
propagations = 6948968
nogoods = 124310
AverageConflictSize = 62.88028316306009
NumUnitNogoodsLearned = 0
AverageLearnedNogoodLength = 74.95703483227415
AverageLbd = 54.332225886895664
value = 216
time = 169.65

[[solution_objectives]]
nodes = 410580
restarts = 0
peakDepth = 1698
solveTime = 168.165194348
failures = 124319
propagations = 6953551
nogoods = 124319
AverageConflictSize = 62.876664065830646
NumUnitNogoodsLearned = 0
AverageLearnedNogoodLength = 74.95247709521473
AverageLbd = 54.3289279997426
value = 202
time = 169.69

[[solution_objectives]]
nodes = 412563
restarts = 0
peakDepth = 1698
solveTime = 168.377142076
failures = 124542
propagations = 6965559
nogoods = 124542
AverageConflictSize = 62.822461498932086
NumUnitNogoodsLearned = 0
AverageLearnedNogoodLength = 74.9293330763919
AverageLbd = 54.2907292319057
value = 196
time = 169.91

[[solution_objectives]]
nodes = 415270
restarts = 0
peakDepth = 1698
solveTime = 169.39365574
failures = 125652
propagations = 6991665
nogoods = 125652
AverageConflictSize = 62.67025594499093
NumUnitNogoodsLearned = 0
AverageLearnedNogoodLength = 75.0945627606405
AverageLbd = 54.21061344029542
value = 195
time = 170.93

[[solution_objectives]]
nodes = 425607
restarts = 0
peakDepth = 1698
solveTime = 180.379441925
failures = 133894
propagations = 7192320
nogoods = 133894
AverageConflictSize = 63.214169417598995
NumUnitNogoodsLearned = 0
AverageLearnedNogoodLength = 77.6434567643061
AverageLbd = 54.42599369650619
value = 194
time = 181.93
