instance = "pumpkin-v2/opt/n100_k20/instance_n100_k20_0006.fzn"
directory = "experiments/20260603-09.01.52.920058-pumpkin-v2/424"
status = "OPTIMAL"
num_solutions = 2
wall_clock_time = 75.72
cpu_time = 73.17999999999999
failures = "67172"
propagations = "9936695"
solveTime = "73.236999049"
nodes = "72152"
peakDepth = "1266"
restarts = "6"
nogoods = "67172"
AverageLbd = "40.3747245876258"
AverageLearnedNogoodLength = "143.85683022688025"
AverageConflictSize = "90.79195200381112"
NumUnitNogoodsLearned = "174"

[[solution_objectives]]
nodes = 71179
restarts = 6
peakDepth = 1266
solveTime = 73.17409227
failures = 67124
propagations = 9924318
nogoods = 67124
AverageConflictSize = 90.83792682200107
NumUnitNogoodsLearned = 174
AverageLearnedNogoodLength = 143.90180859305167
AverageLbd = 40.39221440915321
value = 518
time = 75.37

[[solution_objectives]]
nodes = 72152
restarts = 6
peakDepth = 1266
solveTime = 73.236994999
failures = 67172
propagations = 9936695
nogoods = 67172
AverageConflictSize = 90.79195200381112
NumUnitNogoodsLearned = 174
AverageLearnedNogoodLength = 143.85683022688025
AverageLbd = 40.3747245876258
value = 175
time = 75.43
