instance = "pumpkin-v0/opt/n100_k20/instance_n100_k20_0013.fzn"
directory = "experiments/20260609-14.46.48.023744-pumpkin-v0/86"
status = "SATISFIABLE"
num_solutions = 3
wall_clock_time = 1800.0
cpu_time = 1800.0
failures = "26401"
propagations = "16040737"
solveTime = "16.34545876"
nodes = "44173"
peakDepth = "2290"
restarts = "0"
nogoods = "26401"
AverageLbd = "49.40994659293209"
AverageLearnedNogoodLength = "66.77735691829855"
AverageConflictSize = "24.50517025870232"
NumUnitNogoodsLearned = "0"
circuitNumberPropagationsThatFoundConflict = "544"
circuitNumberTotalFixedEdgesAtConflict = "50178"
circuitNumberNumberOfConflicts = "544"
circuitNumberPropagationsThatPruned = "11191"
circuitNumberPropagationsTotal = "62475"

[[solution_objectives]]
nodes = 2599
restarts = 0
peakDepth = 2290
solveTime = 0.035355873
failures = 196
propagations = 135207
nogoods = 196
AverageConflictSize = 4.938775510204081
NumUnitNogoodsLearned = 0
AverageLearnedNogoodLength = 18.153061224489797
AverageLbd = 7.464285714285714
value = 488
time = 3.95

[[solution_objectives]]
nodes = 35965
restarts = 0
peakDepth = 2290
solveTime = 15.169592617
failures = 22098
propagations = 13632029
nogoods = 22098
AverageConflictSize = 25.996244003982262
NumUnitNogoodsLearned = 0
AverageLearnedNogoodLength = 73.76545388722961
AverageLbd = 56.5516336320029
value = 417
time = 19.06

[[solution_objectives]]
nodes = 44173
restarts = 0
peakDepth = 2290
solveTime = 16.34545876
failures = 26401
propagations = 16040737
nogoods = 26401
AverageConflictSize = 24.50517025870232
NumUnitNogoodsLearned = 0
AverageLearnedNogoodLength = 66.77735691829855
AverageLbd = 49.40994659293209
value = 415
time = 20.25
