instance = "pumpkin-v1/opt/n100_k7/instance_n100_k7_0017.fzn"
directory = "experiments/20260602-15.07.06.641281-pumpkin-v1/16"
status = "OPTIMAL"
num_solutions = 2
wall_clock_time = 24.29
cpu_time = 22.58
failures = "27996"
propagations = "1616755"
solveTime = "22.533411369"
nodes = "119305"
peakDepth = "641"
restarts = "119"
nogoods = "27996"
AverageLbd = "27.158379768538364"
AverageLearnedNogoodLength = "57.13548364052007"
AverageConflictSize = "46.55525789398485"
NumUnitNogoodsLearned = "157"

[[solution_objectives]]
nodes = 113444
restarts = 106
peakDepth = 629
solveTime = 21.677612593
failures = 27115
propagations = 1565867
nogoods = 27115
AverageConflictSize = 46.01526830167804
NumUnitNogoodsLearned = 157
AverageLearnedNogoodLength = 56.27497695002766
AverageLbd = 26.685045177945785
value = 159
time = 23.18

[[solution_objectives]]
nodes = 119305
restarts = 119
peakDepth = 641
solveTime = 22.533406112
failures = 27996
propagations = 1616755
nogoods = 27996
AverageConflictSize = 46.55525789398485
NumUnitNogoodsLearned = 157
AverageLearnedNogoodLength = 57.13548364052007
AverageLbd = 27.158379768538364
value = 158
time = 24.03
