instance = "pumpkin-v3/opt/n50_k15/instance_n50_k15_0012.fzn"
directory = "experiments/20260605-18.05.57.686725-pumpkin-v3/103"
status = "OPTIMAL"
num_solutions = 3
wall_clock_time = 11.19
cpu_time = 4.38
failures = "11761"
propagations = "1368590"
solveTime = "4.40947178"
nodes = "15066"
peakDepth = "920"
restarts = "4"
nogoods = "11761"
AverageLbd = "13.149817192415611"
AverageLearnedNogoodLength = "74.6467987416036"
AverageConflictSize = "24.038942266814047"
NumUnitNogoodsLearned = "209"

[[solution_objectives]]
nodes = 13408
restarts = 3
peakDepth = 633
solveTime = 4.252088109
failures = 11530
propagations = 1323873
nogoods = 11530
AverageConflictSize = 24.201214223764094
NumUnitNogoodsLearned = 208
AverageLearnedNogoodLength = 74.1319167389419
AverageLbd = 13.175021682567216
value = 520
time = 9.99

[[solution_objectives]]
nodes = 14666
restarts = 4
peakDepth = 920
solveTime = 4.379210354
failures = 11724
propagations = 1360893
nogoods = 11724
AverageConflictSize = 24.045632889798704
NumUnitNogoodsLearned = 208
AverageLearnedNogoodLength = 74.5671272603207
AverageLbd = 13.13792221084954
value = 504
time = 10.12

[[solution_objectives]]
nodes = 15066
restarts = 4
peakDepth = 920
solveTime = 4.408557059
failures = 11760
propagations = 1367596
nogoods = 11760
AverageConflictSize = 24.040051020408164
NumUnitNogoodsLearned = 208
AverageLearnedNogoodLength = 74.65306122448979
AverageLbd = 13.150850340136055
value = 228
time = 10.15
