instance = "pumpkin-v3/opt/n50_k3/instance_n50_k3_0023.fzn"
directory = "experiments/20260610-15.09.41.739715-pumpkin-v3/179"
status = "OPTIMAL"
num_solutions = 7
wall_clock_time = 71.69
cpu_time = 47.31
failures = "78960"
propagations = "2727193"
solveTime = "47.287414173"
nodes = "87345"
peakDepth = "196"
restarts = "0"
nogoods = "78960"
AverageLbd = "10.086157548125634"
AverageLearnedNogoodLength = "33.368642350557245"
AverageConflictSize = "34.13945035460993"
NumUnitNogoodsLearned = "1"
circuitNumberPropagationsTotal = "751364"
circuitNumberCircuitConflicts = "99322"
circuitNumberAlldiffConflicts = "352"
circuitNumberTotalFixedEdgesAtConflict = "4473259"
circuitNumberNumberOfConflicts = "99674"
circuitNumberGacPrunings = "1335089"
circuitNumberPropagationsThatGacPruned = "444505"
circuitNumberTotalPruningHallSetSize = "4497734"
circuitNumberNumberOfPruningExplanations = "1335089"
circuitNumberMaxPruningHallSetSize = "362"
circuitNumberTotalSccSizeAtPruning = "2555848"
circuitNumberNumberOfSccPruningCalls = "444505"
circuitNumberTotalVarsInvolvedInPruning = "1088604"
circuitNumberMaxValuesPrunedFromSingleVar = "40"
circuitNumberHallCircuitChecks = "1520904"
circuitNumberHallCircuitPrunings = "16573"
circuitNumberCircuitPreventPrunings = "362700"

[[solution_objectives]]
nodes = 269
restarts = 0
peakDepth = 182
solveTime = 0.039412315
failures = 73
propagations = 3600
nogoods = 73
AverageConflictSize = 5.027397260273973
NumUnitNogoodsLearned = 0
AverageLearnedNogoodLength = 15.438356164383562
AverageLbd = 9.301369863013699
value = 945
time = 20.4

[[solution_objectives]]
nodes = 634
restarts = 0
peakDepth = 196
solveTime = 0.116279168
failures = 189
propagations = 9276
nogoods = 189
AverageConflictSize = 11.015873015873016
NumUnitNogoodsLearned = 0
AverageLearnedNogoodLength = 17.280423280423282
AverageLbd = 10.16931216931217
value = 795
time = 20.47

[[solution_objectives]]
nodes = 1025
restarts = 0
peakDepth = 196
solveTime = 0.216089872
failures = 357
propagations = 17265
nogoods = 357
AverageConflictSize = 8.764705882352942
NumUnitNogoodsLearned = 0
AverageLearnedNogoodLength = 16.831932773109244
AverageLbd = 9.397759103641457
value = 752
time = 20.57

[[solution_objectives]]
nodes = 1250
restarts = 0
peakDepth = 196
solveTime = 0.237099294
failures = 390
propagations = 18801
nogoods = 390
AverageConflictSize = 8.556410256410256
NumUnitNogoodsLearned = 0
AverageLearnedNogoodLength = 16.902564102564103
AverageLbd = 9.215384615384615
value = 553
time = 20.59

[[solution_objectives]]
nodes = 1843
restarts = 0
peakDepth = 196
solveTime = 0.372054374
failures = 744
propagations = 30097
nogoods = 744
AverageConflictSize = 11.370967741935484
NumUnitNogoodsLearned = 0
AverageLearnedNogoodLength = 16.331989247311828
AverageLbd = 7.962365591397849
value = 523
time = 20.73

[[solution_objectives]]
nodes = 2036
restarts = 0
peakDepth = 196
solveTime = 0.381114969
failures = 754
propagations = 31029
nogoods = 754
AverageConflictSize = 11.506631299734748
NumUnitNogoodsLearned = 0
AverageLearnedNogoodLength = 16.43236074270557
AverageLbd = 7.978779840848806
value = 508
time = 20.74

[[solution_objectives]]
nodes = 52066
restarts = 0
peakDepth = 196
solveTime = 28.515815928
failures = 49952
propagations = 1616097
nogoods = 49952
AverageConflictSize = 39.52320227418321
NumUnitNogoodsLearned = 0
AverageLearnedNogoodLength = 33.50674647661755
AverageLbd = 10.317564862267776
value = 479
time = 48.88
