instance = "pumpkin-v0/random/n150_p010/instance_n150_p0.100_0009.fzn"
directory = "experiments/20260612-11.19.59.708870-pumpkin-v0/102"
status = "SATISFIABLE"
num_solutions = 4
wall_clock_time = 300.89
cpu_time = 297.54
failures = "443377"
propagations = "672490558"
solveTime = "298.41837572"
nodes = "511528"
peakDepth = "2383"
restarts = "1"
nogoods = "443377"
AverageLbd = "31.215874977727758"
AverageLearnedNogoodLength = "47.629017743365125"
AverageConflictSize = "12.58593476883104"
NumUnitNogoodsLearned = "0"
circuitNumberPropagationsThatFoundConflict = "6255"
circuitNumberTotalFixedEdgesAtConflict = "856089"
circuitNumberNumberOfConflicts = "6255"
circuitNumberPropagationsThatPruned = "151908"
circuitNumberPropagationsTotal = "1517353"

[[solution_objectives]]
nodes = 133219
restarts = 0
peakDepth = 2311
solveTime = 82.34297217
failures = 124111
propagations = 198580273
nogoods = 124111
AverageConflictSize = 11.067705521670117
NumUnitNogoodsLearned = 0
AverageLearnedNogoodLength = 48.19739587949497
AverageLbd = 30.26992772598722
value = 1189
time = 83.89

[[solution_objectives]]
nodes = 169883
restarts = 0
peakDepth = 2350
solveTime = 103.158450911
failures = 155707
propagations = 244113311
nogoods = 155707
AverageConflictSize = 11.486728278112095
NumUnitNogoodsLearned = 0
AverageLearnedNogoodLength = 47.95374645969674
AverageLbd = 29.736511524851164
value = 1139
time = 104.71

[[solution_objectives]]
nodes = 446448
restarts = 1
peakDepth = 2383
solveTime = 260.134154153
failures = 386674
propagations = 587540625
nogoods = 386674
AverageConflictSize = 12.644708462425713
NumUnitNogoodsLearned = 0
AverageLearnedNogoodLength = 47.80158221137185
AverageLbd = 31.233522295266813
value = 1098
time = 261.69

[[solution_objectives]]
nodes = 448722
restarts = 1
peakDepth = 2383
solveTime = 260.142748976
failures = 386674
propagations = 587567761
nogoods = 386674
AverageConflictSize = 12.644708462425713
NumUnitNogoodsLearned = 0
AverageLearnedNogoodLength = 47.80158221137185
AverageLbd = 31.233522295266813
value = 1066
time = 261.71
