instance = "pumpkin-v0/opt/n20_k3/instance_n20_k3_0006.fzn"
directory = "experiments/20260609-14.46.48.023744-pumpkin-v0/415"
status = "OPTIMAL"
num_solutions = 4
wall_clock_time = 15.5
cpu_time = 0.15000000000000002
failures = "98"
propagations = "19076"
solveTime = "0.008313452"
nodes = "397"
peakDepth = "76"
restarts = "0"
nogoods = "98"
AverageLbd = "3.7551020408163267"
AverageLearnedNogoodLength = "7.73469387755102"
AverageConflictSize = "5.469387755102041"
NumUnitNogoodsLearned = "1"
circuitNumberPropagationsThatFoundConflict = "91"
circuitNumberTotalFixedEdgesAtConflict = "1350"
circuitNumberNumberOfConflicts = "91"
circuitNumberPropagationsThatPruned = "251"
circuitNumberPropagationsTotal = "603"

[[solution_objectives]]
nodes = 86
restarts = 0
peakDepth = 75
solveTime = 0.000631706
failures = 7
propagations = 2052
nogoods = 7
AverageConflictSize = 4.142857142857143
NumUnitNogoodsLearned = 0
AverageLearnedNogoodLength = 4.428571428571429
AverageLbd = 3.2857142857142856
value = 977
time = 13.5

[[solution_objectives]]
nodes = 167
restarts = 0
peakDepth = 76
solveTime = 0.001285282
failures = 13
propagations = 3888
nogoods = 13
AverageConflictSize = 6.615384615384615
NumUnitNogoodsLearned = 0
AverageLearnedNogoodLength = 5.846153846153846
AverageLbd = 3.923076923076923
value = 857
time = 13.5

[[solution_objectives]]
nodes = 255
restarts = 0
peakDepth = 76
solveTime = 0.002688545
failures = 30
propagations = 7199
nogoods = 30
AverageConflictSize = 5.133333333333334
NumUnitNogoodsLearned = 0
AverageLearnedNogoodLength = 6.4
AverageLbd = 3.933333333333333
value = 703
time = 13.5

[[solution_objectives]]
nodes = 344
restarts = 0
peakDepth = 76
solveTime = 0.004380418
failures = 46
propagations = 11402
nogoods = 46
AverageConflictSize = 4.695652173913044
NumUnitNogoodsLearned = 0
AverageLearnedNogoodLength = 6.586956521739131
AverageLbd = 4.108695652173913
value = 679
time = 13.5
