instance = "pumpkin-v3/opt/n100_k5/instance_n100_k5_0016.fzn"
directory = "experiments/20260605-18.05.57.686725-pumpkin-v3/396"
status = "OPTIMAL"
num_solutions = 2
wall_clock_time = 48.6
cpu_time = 40.99
failures = "52664"
propagations = "1457242"
solveTime = "41.057338036"
nodes = "57824"
peakDepth = "560"
restarts = "9"
nogoods = "52664"
AverageLbd = "25.988056357283913"
AverageLearnedNogoodLength = "54.82249734163755"
AverageConflictSize = "45.13859562509494"
NumUnitNogoodsLearned = "175"

[[solution_objectives]]
nodes = 49126
restarts = 4
peakDepth = 560
solveTime = 36.36070446
failures = 45867
propagations = 1274253
nogoods = 45867
AverageConflictSize = 47.75821396646827
NumUnitNogoodsLearned = 175
AverageLearnedNogoodLength = 56.68875226197484
AverageLbd = 26.904332090609806
value = 183
time = 42.35

[[solution_objectives]]
nodes = 57824
restarts = 9
peakDepth = 560
solveTime = 41.05732245
failures = 52664
propagations = 1457242
nogoods = 52664
AverageConflictSize = 45.13859562509494
NumUnitNogoodsLearned = 175
AverageLearnedNogoodLength = 54.82249734163755
AverageLbd = 25.988056357283913
value = 176
time = 47.04
