%% Circuit-constraint benchmark instance
%% Generated by generate_instances.py
%% Method: Francis & Stuckey (2014) "Explaining circuit propagation"
%%
%% Model: minimise the length of the longest leg (maxleg).
%%        Successor variables must form a Hamiltonian circuit using only
%%        edges present in the transport network (travelTime >= 0).
%%        This matches the MiniZinc model in Figure 1 of the paper.
%%
%% Instance parameters
%%   n              = 20
%%   k              = 5
%%   seed           = 65
%%   knn_edges      = 64   (undirected edges from k-nearest step)
%%   walk_edges     = 3  (undirected edges added by random walk)
%%   total_edges    = 67
%%   walk_fraction  = 0.0448  (walk_edges / total_edges)
%%
%% NOTE: a walk_fraction above 0.20 may indicate a near-degenerate instance
%%       in which the random walk dominates the graph structure.

include "globals.mzn";

int: n = 20;
set of int: Locations = 1..n;

%% Maximum possible travel time; used as the upper bound for maxleg.
int: maxLegLen = 736;

%% Travel times between locations (–1 means no direct connection exists).
array[Locations, Locations] of int: travelTime =
  array2d(Locations, Locations, [ -1, -1, -1, -1, -1, 148, -1, 408, -1, 659, 285, 180, -1, 247, -1, -1, -1, -1, 281, -1, -1, -1, 334, -1, 376, -1, 261, -1, -1, 383, -1, 279, -1, 214, -1, -1, -1, 191, -1, -1, -1, 334, -1, 209, -1, 289, 146, -1, -1, 383, -1, 191, -1, 187, 157, 324, -1, -1, 377, -1, -1, -1, 209, -1, -1, -1, -1, -1, 290, -1, 352, -1, 303, -1, 150, -1, 328, -1, 268, 251, -1, 376, -1, -1, -1, 390, -1, -1, -1, -1, -1, 437, -1, 420, -1, -1, -1, 241, -1, -1, 148, -1, 289, -1, 390, -1, -1, 537, -1, -1, 433, 104, 736, 153, -1, -1, -1, 202, -1, -1, -1, 261, 146, -1, -1, -1, -1, -1, 268, 246, -1, -1, -1, 226, 195, 187, -1, -1, -1, -1, 408, -1, -1, -1, -1, 537, -1, -1, -1, -1, 255, 589, -1, -1, -1, -1, -1, -1, 341, -1, -1, -1, -1, 290, -1, -1, 268, -1, -1, 272, -1, -1, 304, -1, 167, 244, 222, -1, -1, 268, 659, 383, 383, -1, -1, -1, 246, -1, 272, -1, -1, -1, -1, -1, 345, 59, -1, -1, -1, -1, 285, -1, -1, 352, -1, 433, -1, 255, -1, -1, -1, -1, -1, -1, -1, -1, -1, -1, 87, -1, 180, 279, 191, -1, 437, 104, -1, 589, -1, -1, -1, -1, -1, 66, -1, -1, -1, 209, -1, -1, -1, -1, -1, 303, -1, 736, -1, -1, 304, -1, -1, -1, -1, -1, 331, -1, 113, -1, -1, 54, 247, 214, 187, -1, 420, 153, 226, -1, -1, -1, -1, 66, -1, -1, -1, -1, -1, 180, -1, -1, -1, -1, 157, 150, -1, -1, 195, -1, 167, 345, -1, -1, 331, -1, -1, 294, 303, -1, -1, 279, -1, -1, 324, -1, -1, -1, 187, -1, 244, 59, -1, -1, -1, -1, 294, -1, -1, -1, -1, -1, -1, -1, -1, 328, -1, -1, -1, -1, 222, -1, -1, -1, 113, -1, 303, -1, -1, -1, -1, 116, -1, 191, -1, -1, 241, 202, -1, -1, -1, -1, -1, 209, -1, 180, -1, -1, -1, -1, -1, -1, 281, -1, 377, 268, -1, -1, -1, 341, -1, -1, 87, -1, -1, -1, -1, -1, -1, -1, -1, -1, -1, -1, -1, 251, -1, -1, -1, -1, 268, -1, -1, -1, 54, -1, 279, -1, 116, -1, -1, -1 ]);


%% Successor variables: succ[i] = next location after i in the tour.
array[Locations] of var Locations: succ;

%% Only use allowed legs (edges present in the transport network).
constraint forall(loc1, loc2 in Locations)(
  travelTime[loc1, loc2] < 0 -> succ[loc1] != loc2
);

%% Successors must form a Hamiltonian circuit.
constraint circuit(succ);

%% Variable for the length of the longest leg.
var 1..maxLegLen: maxleg;

%% Link maxleg to actual travel times used in the tour.
constraint forall(loc1, loc2 in Locations)(
  succ[loc1] = loc2 -> maxleg >= travelTime[loc1, loc2]
);

solve :: int_search(succ, input_order, indomain_min, complete)
      minimize maxleg;

output [
  "succ = ", show(succ), "\n",
  "maxleg = ", show(maxleg), "\n"
];
