%% Circuit-constraint benchmark instance
%% Generated by generate_instances.py
%% Method: Francis & Stuckey (2014) "Explaining circuit propagation"
%%
%% Model: minimise the length of the longest leg (maxleg).
%%        Successor variables must form a Hamiltonian circuit using only
%%        edges present in the transport network (travelTime >= 0).
%%        This matches the MiniZinc model in Figure 1 of the paper.
%%
%% Instance parameters
%%   n              = 20
%%   k              = 5
%%   seed           = 52
%%   knn_edges      = 60   (undirected edges from k-nearest step)
%%   walk_edges     = 3  (undirected edges added by random walk)
%%   total_edges    = 63
%%   walk_fraction  = 0.0476  (walk_edges / total_edges)
%%
%% NOTE: a walk_fraction above 0.20 may indicate a near-degenerate instance
%%       in which the random walk dominates the graph structure.

include "globals.mzn";

int: n = 20;
set of int: Locations = 1..n;

%% Maximum possible travel time; used as the upper bound for maxleg.
int: maxLegLen = 1046;

%% Travel times between locations (–1 means no direct connection exists).
array[Locations, Locations] of int: travelTime =
  array2d(Locations, Locations, [ -1, -1, 354, 120, 359, -1, 348, -1, -1, -1, 413, -1, -1, -1, -1, -1, -1, -1, -1, 492, -1, -1, 229, -1, 278, -1, -1, -1, -1, -1, 86, 435, 494, 240, 167, -1, -1, -1, 330, 90, 354, 229, -1, 249, 53, -1, -1, -1, -1, -1, 164, -1, -1, -1, 150, -1, -1, -1, -1, -1, 120, -1, 249, -1, 265, -1, 314, -1, -1, -1, 293, -1, -1, -1, -1, -1, -1, -1, -1, -1, 359, 278, 53, 265, -1, -1, -1, -1, -1, -1, 217, -1, -1, -1, 173, -1, -1, -1, -1, -1, -1, -1, -1, -1, -1, -1, -1, -1, 209, 86, -1, -1, -1, -1, -1, 179, 385, 185, -1, -1, 348, -1, -1, 314, -1, -1, -1, 245, -1, -1, -1, -1, -1, -1, -1, -1, 177, -1, -1, 393, -1, -1, -1, -1, -1, -1, 245, -1, 355, 306, -1, -1, -1, -1, -1, -1, 221, 342, -1, -1, -1, -1, -1, -1, -1, 209, -1, 355, -1, 192, -1, -1, -1, -1, -1, 358, -1, 27, -1, -1, -1, -1, -1, -1, -1, 86, -1, 306, 192, -1, -1, -1, -1, -1, -1, 261, 314, 165, -1, -1, 413, 86, 164, 293, 217, -1, -1, -1, -1, -1, -1, -1, -1, 326, 164, -1, 343, -1, -1, 122, -1, 435, -1, -1, -1, -1, -1, -1, -1, -1, -1, -1, 62, 362, 356, -1, -1, 1046, 182, 513, -1, 494, -1, -1, -1, -1, -1, -1, -1, -1, -1, 62, -1, 422, 404, -1, -1, -1, 240, -1, -1, 240, -1, -1, -1, -1, -1, -1, -1, -1, 326, 362, 422, -1, 331, 459, -1, -1, 186, 257, -1, 167, 150, -1, 173, -1, -1, -1, -1, -1, 164, 356, 404, 331, -1, -1, -1, -1, 326, 254, -1, -1, -1, -1, -1, 179, -1, -1, 358, 261, -1, -1, -1, 459, -1, -1, -1, 340, -1, -1, -1, -1, -1, -1, -1, 385, 177, 221, -1, 314, 343, -1, -1, -1, -1, -1, -1, -1, -1, 278, -1, -1, -1, -1, -1, 185, -1, 342, 27, 165, -1, 1046, -1, -1, -1, 340, -1, -1, -1, -1, -1, 330, -1, -1, -1, -1, -1, -1, -1, -1, -1, 182, 240, 186, 326, -1, -1, -1, -1, -1, 492, 90, -1, -1, -1, -1, 393, -1, -1, -1, 122, 513, -1, 257, 254, -1, 278, -1, -1, -1 ]);


%% Successor variables: succ[i] = next location after i in the tour.
array[Locations] of var Locations: succ;

%% Only use allowed legs (edges present in the transport network).
constraint forall(loc1, loc2 in Locations)(
  travelTime[loc1, loc2] < 0 -> succ[loc1] != loc2
);

%% Successors must form a Hamiltonian circuit.
constraint circuit(succ);

%% Variable for the length of the longest leg.
var 1..maxLegLen: maxleg;

%% Link maxleg to actual travel times used in the tour.
constraint forall(loc1, loc2 in Locations)(
  succ[loc1] = loc2 -> maxleg >= travelTime[loc1, loc2]
);

solve :: int_search(succ, input_order, indomain_min, complete)
      minimize maxleg;

output [
  "succ = ", show(succ), "\n",
  "maxleg = ", show(maxleg), "\n"
];
