%% Circuit-constraint benchmark instance
%% Generated by generate_instances.py
%% Method: Francis & Stuckey (2014) "Explaining circuit propagation"
%%
%% Model: minimise the length of the longest leg (maxleg).
%%        Successor variables must form a Hamiltonian circuit using only
%%        edges present in the transport network (travelTime >= 0).
%%        This matches the MiniZinc model in Figure 1 of the paper.
%%
%% Instance parameters
%%   n              = 20
%%   k              = 5
%%   seed           = 62
%%   knn_edges      = 62   (undirected edges from k-nearest step)
%%   walk_edges     = 3  (undirected edges added by random walk)
%%   total_edges    = 65
%%   walk_fraction  = 0.0462  (walk_edges / total_edges)
%%
%% NOTE: a walk_fraction above 0.20 may indicate a near-degenerate instance
%%       in which the random walk dominates the graph structure.

include "globals.mzn";

int: n = 20;
set of int: Locations = 1..n;

%% Maximum possible travel time; used as the upper bound for maxleg.
int: maxLegLen = 677;

%% Travel times between locations (–1 means no direct connection exists).
array[Locations, Locations] of int: travelTime =
  array2d(Locations, Locations, [ -1, 78, -1, -1, -1, 57, -1, -1, -1, -1, -1, -1, 134, -1, 136, -1, 261, -1, -1, -1, 78, -1, -1, -1, -1, 68, -1, -1, -1, -1, -1, -1, 77, -1, 74, -1, 284, -1, -1, -1, -1, -1, -1, -1, 310, -1, -1, 134, 331, -1, -1, 297, -1, -1, -1, -1, -1, 336, -1, -1, -1, -1, -1, -1, -1, -1, 236, 313, 83, -1, -1, 234, -1, 47, -1, 104, -1, 289, 231, 429, -1, -1, 310, -1, -1, -1, -1, 403, 413, -1, 424, -1, -1, -1, -1, -1, -1, 230, -1, -1, 57, 68, -1, -1, -1, -1, -1, -1, -1, -1, -1, -1, 144, -1, 141, -1, 315, -1, -1, -1, -1, -1, -1, 236, -1, -1, -1, -1, 249, 263, 85, -1, -1, 220, -1, 174, -1, 264, -1, 249, -1, -1, 134, 313, 403, -1, -1, -1, 255, -1, -1, 164, 627, -1, -1, -1, -1, -1, 204, -1, -1, -1, 331, 83, 413, -1, 249, 255, -1, -1, 268, 222, -1, 127, -1, 172, -1, 221, 233, -1, -1, -1, -1, -1, -1, -1, 263, -1, -1, -1, 343, -1, -1, 310, -1, 251, -1, -1, -1, 151, -1, -1, -1, -1, 424, -1, 85, -1, 268, 343, -1, -1, -1, 277, -1, 243, -1, 208, -1, 304, -1, -1, 297, 234, -1, -1, -1, 164, 222, -1, -1, -1, -1, 269, -1, -1, -1, -1, 40, -1, 134, 77, -1, -1, -1, 144, -1, 627, -1, -1, -1, -1, -1, -1, 10, -1, 247, -1, -1, -1, -1, -1, -1, 47, -1, -1, 220, -1, 127, 310, 277, 269, -1, -1, -1, 64, -1, -1, 260, 392, 136, 74, -1, -1, -1, 141, -1, -1, -1, -1, -1, -1, 10, -1, -1, -1, 258, -1, -1, -1, -1, -1, -1, 104, -1, -1, 174, -1, 172, 251, 243, -1, -1, 64, -1, -1, -1, -1, -1, 329, 261, 284, -1, -1, -1, 315, -1, -1, -1, -1, -1, -1, 247, -1, 258, -1, -1, -1, -1, 677, -1, -1, 336, 289, 230, -1, 264, -1, 221, -1, 208, -1, -1, -1, -1, -1, -1, -1, -1, -1, -1, -1, -1, 231, -1, -1, -1, 204, 233, -1, -1, 40, -1, 260, -1, -1, -1, -1, -1, -1, -1, -1, -1, 429, -1, -1, 249, -1, -1, 151, 304, -1, -1, 392, -1, 329, 677, -1, -1, -1 ]);


%% Successor variables: succ[i] = next location after i in the tour.
array[Locations] of var Locations: succ;

%% Only use allowed legs (edges present in the transport network).
constraint forall(loc1, loc2 in Locations)(
  travelTime[loc1, loc2] < 0 -> succ[loc1] != loc2
);

%% Successors must form a Hamiltonian circuit.
constraint circuit(succ);

%% Variable for the length of the longest leg.
var 1..maxLegLen: maxleg;

%% Link maxleg to actual travel times used in the tour.
constraint forall(loc1, loc2 in Locations)(
  succ[loc1] = loc2 -> maxleg >= travelTime[loc1, loc2]
);

solve :: int_search(succ, input_order, indomain_min, complete)
      minimize maxleg;

output [
  "succ = ", show(succ), "\n",
  "maxleg = ", show(maxleg), "\n"
];
