%% Circuit-constraint benchmark instance
%% Generated by generate_instances.py
%% Method: Francis & Stuckey (2014) "Explaining circuit propagation"
%%
%% Model: minimise the length of the longest leg (maxleg).
%%        Successor variables must form a Hamiltonian circuit using only
%%        edges present in the transport network (travelTime >= 0).
%%        This matches the MiniZinc model in Figure 1 of the paper.
%%
%% Instance parameters
%%   n              = 20
%%   k              = 5
%%   seed           = 43
%%   knn_edges      = 63   (undirected edges from k-nearest step)
%%   walk_edges     = 2  (undirected edges added by random walk)
%%   total_edges    = 65
%%   walk_fraction  = 0.0308  (walk_edges / total_edges)
%%
%% NOTE: a walk_fraction above 0.20 may indicate a near-degenerate instance
%%       in which the random walk dominates the graph structure.

include "globals.mzn";

int: n = 20;
set of int: Locations = 1..n;

%% Maximum possible travel time; used as the upper bound for maxleg.
int: maxLegLen = 844;

%% Travel times between locations (–1 means no direct connection exists).
array[Locations, Locations] of int: travelTime =
  array2d(Locations, Locations, [ -1, 256, -1, -1, 265, 369, -1, -1, -1, -1, -1, -1, -1, -1, 247, -1, -1, 172, -1, -1, 256, -1, -1, 311, 128, -1, -1, -1, -1, -1, 370, -1, 380, -1, 486, -1, -1, 395, -1, -1, -1, -1, -1, -1, -1, 305, 130, -1, 181, -1, -1, 220, 273, -1, -1, -1, 347, -1, 165, -1, -1, 311, -1, -1, 439, -1, 274, 323, -1, 410, 59, -1, 94, 456, -1, -1, -1, -1, -1, -1, 265, 128, -1, 439, -1, -1, -1, 488, -1, -1, -1, -1, -1, -1, 511, -1, -1, 432, 755, -1, 369, -1, 305, -1, -1, -1, 200, -1, -1, -1, -1, -1, 308, -1, 324, -1, -1, 269, 227, -1, -1, -1, 130, 274, -1, 200, -1, -1, 311, -1, 262, 275, 185, -1, -1, -1, -1, -1, 181, -1, -1, -1, -1, 323, 488, -1, -1, -1, -1, 99, 329, -1, -1, 140, -1, 422, -1, -1, -1, 259, -1, -1, 181, -1, -1, -1, 311, -1, -1, -1, -1, 236, -1, -1, -1, -1, 300, -1, 289, -1, -1, -1, -1, 410, -1, -1, -1, 99, -1, -1, 423, -1, -1, 47, -1, -1, -1, -1, -1, 303, -1, 370, -1, 59, -1, -1, 262, 329, -1, 423, -1, 279, 79, 467, -1, 383, 377, -1, -1, 435, -1, -1, 220, -1, -1, -1, 275, -1, 236, -1, 279, -1, 267, -1, -1, 308, 138, -1, -1, -1, -1, 380, 273, 94, -1, 308, 185, -1, -1, -1, 79, 267, -1, -1, -1, -1, -1, -1, 366, -1, -1, -1, -1, 456, -1, -1, -1, 140, -1, 47, 467, -1, -1, -1, -1, -1, -1, -1, -1, 306, 247, 486, -1, -1, 511, 324, -1, -1, -1, -1, -1, -1, -1, -1, -1, -1, -1, 96, -1, -1, -1, -1, -1, -1, -1, -1, -1, 422, -1, -1, 383, 308, -1, -1, -1, -1, 231, -1, -1, 258, -1, -1, 347, -1, -1, -1, -1, -1, 300, -1, 377, 138, -1, -1, -1, 231, -1, -1, -1, -1, 172, 395, -1, -1, 432, 269, -1, -1, -1, -1, -1, -1, -1, -1, 96, -1, -1, -1, -1, -1, -1, -1, 165, -1, 755, 227, 181, -1, 289, -1, -1, -1, 366, -1, -1, -1, -1, -1, -1, 844, -1, -1, -1, -1, -1, -1, -1, 259, -1, 303, 435, -1, -1, 306, -1, 258, -1, -1, 844, -1 ]);


%% Successor variables: succ[i] = next location after i in the tour.
array[Locations] of var Locations: succ;

%% Only use allowed legs (edges present in the transport network).
constraint forall(loc1, loc2 in Locations)(
  travelTime[loc1, loc2] < 0 -> succ[loc1] != loc2
);

%% Successors must form a Hamiltonian circuit.
constraint circuit(succ);

%% Variable for the length of the longest leg.
var 1..maxLegLen: maxleg;

%% Link maxleg to actual travel times used in the tour.
constraint forall(loc1, loc2 in Locations)(
  succ[loc1] = loc2 -> maxleg >= travelTime[loc1, loc2]
);

solve :: int_search(succ, input_order, indomain_min, complete)
      minimize maxleg;

output [
  "succ = ", show(succ), "\n",
  "maxleg = ", show(maxleg), "\n"
];
