%% Circuit-constraint benchmark instance
%% Generated by generate_instances.py
%% Method: Francis & Stuckey (2014) "Explaining circuit propagation"
%%
%% Model: minimise the length of the longest leg (maxleg).
%%        Successor variables must form a Hamiltonian circuit using only
%%        edges present in the transport network (travelTime >= 0).
%%        This matches the MiniZinc model in Figure 1 of the paper.
%%
%% Instance parameters
%%   n              = 20
%%   k              = 5
%%   seed           = 44
%%   knn_edges      = 58   (undirected edges from k-nearest step)
%%   walk_edges     = 2  (undirected edges added by random walk)
%%   total_edges    = 60
%%   walk_fraction  = 0.0333  (walk_edges / total_edges)
%%
%% NOTE: a walk_fraction above 0.20 may indicate a near-degenerate instance
%%       in which the random walk dominates the graph structure.

include "globals.mzn";

int: n = 20;
set of int: Locations = 1..n;

%% Maximum possible travel time; used as the upper bound for maxleg.
int: maxLegLen = 587;

%% Travel times between locations (–1 means no direct connection exists).
array[Locations, Locations] of int: travelTime =
  array2d(Locations, Locations, [ -1, -1, -1, -1, 253, -1, 140, 356, 449, -1, -1, -1, 479, -1, 381, 359, -1, 382, -1, 362, -1, -1, -1, -1, -1, 532, -1, 227, -1, 253, -1, 119, -1, -1, -1, -1, -1, -1, 448, -1, -1, -1, -1, 110, -1, -1, -1, -1, -1, -1, 168, -1, -1, -1, -1, 232, 30, -1, 211, -1, -1, -1, 110, -1, -1, -1, -1, -1, -1, -1, 98, -1, -1, 386, -1, 260, 137, -1, 321, -1, 253, -1, -1, -1, -1, -1, 247, -1, 338, -1, -1, -1, -1, 176, -1, 257, -1, -1, -1, -1, -1, 532, -1, -1, -1, -1, -1, 473, -1, -1, -1, 587, 457, -1, -1, -1, -1, 339, -1, 279, 140, -1, -1, -1, 247, -1, -1, 323, 532, -1, 438, -1, -1, 344, -1, 240, -1, -1, 372, -1, 356, 227, -1, -1, -1, 473, 323, -1, -1, 227, -1, 345, -1, -1, -1, -1, -1, -1, -1, -1, 449, -1, -1, -1, 338, -1, 532, -1, -1, -1, -1, -1, -1, 457, 411, -1, -1, -1, -1, -1, -1, 253, -1, -1, -1, -1, -1, 227, -1, -1, -1, 342, -1, -1, -1, -1, 375, -1, 195, -1, -1, -1, 168, 98, -1, -1, 438, -1, -1, -1, -1, -1, -1, 293, -1, 202, 184, -1, -1, -1, -1, 119, -1, -1, -1, 587, -1, 345, -1, 342, -1, -1, -1, -1, -1, -1, -1, -1, 527, -1, 479, -1, -1, -1, -1, 457, -1, -1, -1, -1, -1, -1, -1, -1, 157, -1, -1, 160, -1, 249, -1, -1, -1, 386, 176, -1, 344, -1, 457, -1, 293, -1, -1, -1, -1, 200, -1, -1, -1, -1, 381, -1, -1, -1, -1, -1, -1, -1, 411, -1, -1, -1, 157, -1, -1, -1, -1, 221, -1, 297, 359, -1, 232, 260, 257, -1, 240, -1, -1, -1, 202, -1, -1, 200, -1, -1, 217, -1, 332, -1, -1, -1, 30, 137, -1, -1, -1, -1, -1, 375, 184, -1, -1, -1, -1, 217, -1, -1, 189, -1, 382, -1, -1, -1, -1, 339, -1, -1, -1, -1, -1, -1, 160, -1, 221, -1, -1, -1, -1, 89, -1, 448, 211, 321, -1, -1, 372, -1, -1, 195, -1, 527, -1, -1, -1, 332, 189, -1, -1, -1, 362, -1, -1, -1, -1, 279, -1, -1, -1, -1, -1, -1, 249, -1, 297, -1, -1, 89, -1, -1 ]);


%% Successor variables: succ[i] = next location after i in the tour.
array[Locations] of var Locations: succ;

%% Only use allowed legs (edges present in the transport network).
constraint forall(loc1, loc2 in Locations)(
  travelTime[loc1, loc2] < 0 -> succ[loc1] != loc2
);

%% Successors must form a Hamiltonian circuit.
constraint circuit(succ);

%% Variable for the length of the longest leg.
var 1..maxLegLen: maxleg;

%% Link maxleg to actual travel times used in the tour.
constraint forall(loc1, loc2 in Locations)(
  succ[loc1] = loc2 -> maxleg >= travelTime[loc1, loc2]
);

solve :: int_search(succ, input_order, indomain_min, complete)
      minimize maxleg;

output [
  "succ = ", show(succ), "\n",
  "maxleg = ", show(maxleg), "\n"
];
