%% Circuit-constraint benchmark instance
%% Generated by generate_instances.py
%% Method: Francis & Stuckey (2014) "Explaining circuit propagation"
%%
%% Model: minimise the length of the longest leg (maxleg).
%%        Successor variables must form a Hamiltonian circuit using only
%%        edges present in the transport network (travelTime >= 0).
%%        This matches the MiniZinc model in Figure 1 of the paper.
%%
%% Instance parameters
%%   n              = 20
%%   k              = 5
%%   seed           = 42
%%   knn_edges      = 63   (undirected edges from k-nearest step)
%%   walk_edges     = 3  (undirected edges added by random walk)
%%   total_edges    = 66
%%   walk_fraction  = 0.0455  (walk_edges / total_edges)
%%
%% NOTE: a walk_fraction above 0.20 may indicate a near-degenerate instance
%%       in which the random walk dominates the graph structure.

include "globals.mzn";

int: n = 20;
set of int: Locations = 1..n;

%% Maximum possible travel time; used as the upper bound for maxleg.
int: maxLegLen = 839;

%% Travel times between locations (–1 means no direct connection exists).
array[Locations, Locations] of int: travelTime =
  array2d(Locations, Locations, [ -1, 415, 659, 260, 218, -1, -1, -1, -1, 171, -1, 326, -1, -1, -1, -1, -1, -1, -1, -1, 415, -1, -1, -1, 243, 288, 250, -1, 370, -1, -1, 94, -1, 222, -1, -1, -1, 345, -1, -1, 659, -1, -1, -1, -1, -1, -1, 158, -1, -1, 73, -1, -1, -1, 133, 88, 358, 379, 110, 160, 260, -1, -1, -1, 474, -1, -1, -1, 839, 115, -1, -1, 258, -1, -1, -1, -1, -1, -1, 491, 218, 243, -1, 474, -1, -1, 430, -1, -1, 388, -1, 150, -1, 336, -1, -1, -1, -1, -1, -1, -1, 288, -1, -1, -1, -1, 362, -1, 84, -1, -1, 370, -1, 428, -1, -1, -1, 167, -1, -1, -1, 250, -1, -1, 430, 362, -1, -1, 436, -1, -1, 317, -1, 122, -1, -1, -1, -1, -1, -1, -1, -1, 158, -1, -1, -1, -1, -1, 432, -1, 219, -1, -1, -1, 206, -1, 443, 271, 194, 214, -1, 370, -1, 839, -1, 84, 436, 432, -1, -1, -1, -1, -1, -1, -1, -1, -1, 162, -1, -1, 171, -1, -1, 115, 388, -1, -1, -1, -1, -1, -1, 492, 362, -1, -1, -1, -1, -1, -1, 573, -1, -1, 73, -1, -1, -1, -1, 219, -1, -1, -1, -1, -1, -1, 103, 32, 385, -1, 83, 133, 326, 94, -1, -1, 150, 370, 317, -1, -1, 492, -1, -1, -1, 254, -1, -1, -1, -1, -1, -1, -1, -1, -1, 258, -1, -1, -1, -1, -1, 362, -1, -1, -1, -1, 289, -1, -1, -1, 310, 259, -1, 222, -1, -1, 336, 428, 122, -1, -1, -1, -1, 254, -1, -1, -1, -1, -1, -1, -1, -1, -1, -1, 133, -1, -1, -1, -1, 206, -1, -1, 103, -1, 289, -1, -1, 132, -1, -1, 23, 30, -1, -1, 88, -1, -1, -1, -1, -1, -1, -1, 32, -1, -1, -1, 132, -1, 364, -1, 113, 162, -1, -1, 358, -1, -1, -1, -1, 443, -1, -1, 385, -1, -1, -1, -1, 364, -1, 450, -1, -1, -1, 345, 379, -1, -1, 167, -1, 271, 162, -1, -1, -1, -1, -1, -1, -1, 450, -1, -1, -1, -1, -1, 110, -1, -1, -1, -1, 194, -1, -1, 83, -1, 310, -1, 23, 113, -1, -1, -1, 52, -1, -1, 160, 491, -1, -1, -1, 214, -1, 573, 133, -1, 259, -1, 30, 162, -1, -1, 52, -1 ]);


%% Successor variables: succ[i] = next location after i in the tour.
array[Locations] of var Locations: succ;

%% Only use allowed legs (edges present in the transport network).
constraint forall(loc1, loc2 in Locations)(
  travelTime[loc1, loc2] < 0 -> succ[loc1] != loc2
);

%% Successors must form a Hamiltonian circuit.
constraint circuit(succ);

%% Variable for the length of the longest leg.
var 1..maxLegLen: maxleg;

%% Link maxleg to actual travel times used in the tour.
constraint forall(loc1, loc2 in Locations)(
  succ[loc1] = loc2 -> maxleg >= travelTime[loc1, loc2]
);

solve :: int_search(succ, input_order, indomain_min, complete)
      minimize maxleg;

output [
  "succ = ", show(succ), "\n",
  "maxleg = ", show(maxleg), "\n"
];
