%% Circuit-constraint benchmark instance
%% Generated by generate_instances.py
%% Method: Francis & Stuckey (2014) "Explaining circuit propagation"
%%
%% Model: minimise the length of the longest leg (maxleg).
%%        Successor variables must form a Hamiltonian circuit using only
%%        edges present in the transport network (travelTime >= 0).
%%        This matches the MiniZinc model in Figure 1 of the paper.
%%
%% Instance parameters
%%   n              = 20
%%   k              = 5
%%   seed           = 53
%%   knn_edges      = 60   (undirected edges from k-nearest step)
%%   walk_edges     = 3  (undirected edges added by random walk)
%%   total_edges    = 63
%%   walk_fraction  = 0.0476  (walk_edges / total_edges)
%%
%% NOTE: a walk_fraction above 0.20 may indicate a near-degenerate instance
%%       in which the random walk dominates the graph structure.

include "globals.mzn";

int: n = 20;
set of int: Locations = 1..n;

%% Maximum possible travel time; used as the upper bound for maxleg.
int: maxLegLen = 861;

%% Travel times between locations (–1 means no direct connection exists).
array[Locations, Locations] of int: travelTime =
  array2d(Locations, Locations, [ -1, 240, -1, 200, -1, 460, -1, -1, -1, -1, 267, -1, -1, -1, -1, -1, 207, 182, -1, -1, 240, -1, -1, 278, -1, 405, -1, -1, 287, -1, 82, 147, -1, -1, -1, -1, 324, 114, -1, -1, -1, -1, -1, 290, -1, -1, 322, -1, -1, -1, -1, -1, 468, -1, 281, -1, 287, -1, -1, 293, 200, 278, 290, -1, -1, -1, -1, -1, -1, -1, 240, -1, -1, -1, -1, -1, 53, 302, -1, -1, -1, -1, -1, -1, -1, -1, 250, 176, -1, -1, -1, -1, 125, -1, 417, -1, -1, -1, 698, 216, 460, 405, -1, -1, -1, -1, -1, -1, -1, 861, 487, 368, -1, -1, -1, -1, -1, 327, -1, -1, -1, -1, 322, -1, 250, -1, -1, 92, -1, -1, -1, -1, 313, -1, 167, 308, -1, -1, -1, 213, -1, -1, -1, -1, 176, -1, 92, -1, -1, 515, -1, -1, 265, 471, 252, -1, -1, -1, -1, 223, -1, 287, -1, -1, -1, -1, -1, -1, -1, 330, 253, 223, -1, 360, -1, 209, -1, -1, 161, -1, -1, -1, -1, -1, -1, 861, -1, 515, 330, -1, -1, -1, -1, 69, -1, 237, -1, -1, 206, -1, 267, 82, -1, 240, -1, 487, -1, -1, 253, -1, -1, 190, -1, -1, 289, -1, 292, 188, -1, -1, -1, 147, -1, -1, -1, 368, -1, -1, 223, -1, 190, -1, -1, -1, -1, -1, -1, 209, 328, -1, -1, -1, 468, -1, 125, -1, 313, 265, -1, -1, -1, -1, -1, -1, -1, -1, -1, -1, 805, 175, -1, -1, -1, -1, -1, -1, -1, 471, 360, 69, -1, -1, -1, -1, -1, 225, -1, -1, 258, -1, -1, -1, 281, -1, 417, -1, 167, 252, -1, -1, 289, -1, -1, -1, -1, 290, -1, -1, -1, -1, -1, -1, -1, -1, -1, -1, 308, -1, 209, 237, -1, -1, -1, 225, 290, -1, -1, -1, 230, -1, 207, 324, 287, 53, -1, -1, -1, -1, -1, -1, 292, -1, -1, -1, -1, -1, -1, -1, -1, -1, 182, 114, -1, 302, -1, 327, -1, -1, -1, -1, 188, 209, -1, -1, -1, -1, -1, -1, -1, -1, -1, -1, -1, -1, 698, -1, -1, -1, 161, 206, -1, 328, 805, 258, -1, 230, -1, -1, -1, -1, -1, -1, 293, -1, 216, -1, 213, 223, -1, -1, -1, -1, 175, -1, -1, -1, -1, -1, -1, -1 ]);


%% Successor variables: succ[i] = next location after i in the tour.
array[Locations] of var Locations: succ;

%% Only use allowed legs (edges present in the transport network).
constraint forall(loc1, loc2 in Locations)(
  travelTime[loc1, loc2] < 0 -> succ[loc1] != loc2
);

%% Successors must form a Hamiltonian circuit.
constraint circuit(succ);

%% Variable for the length of the longest leg.
var 1..maxLegLen: maxleg;

%% Link maxleg to actual travel times used in the tour.
constraint forall(loc1, loc2 in Locations)(
  succ[loc1] = loc2 -> maxleg >= travelTime[loc1, loc2]
);

solve :: int_search(succ, input_order, indomain_min, complete)
      minimize maxleg;

output [
  "succ = ", show(succ), "\n",
  "maxleg = ", show(maxleg), "\n"
];
