%% Circuit-constraint benchmark instance
%% Generated by generate_instances.py
%% Method: Francis & Stuckey (2014) "Explaining circuit propagation"
%%
%% Model: minimise the length of the longest leg (maxleg).
%%        Successor variables must form a Hamiltonian circuit using only
%%        edges present in the transport network (travelTime >= 0).
%%        This matches the MiniZinc model in Figure 1 of the paper.
%%
%% Instance parameters
%%   n              = 20
%%   k              = 5
%%   seed           = 63
%%   knn_edges      = 59   (undirected edges from k-nearest step)
%%   walk_edges     = 2  (undirected edges added by random walk)
%%   total_edges    = 61
%%   walk_fraction  = 0.0328  (walk_edges / total_edges)
%%
%% NOTE: a walk_fraction above 0.20 may indicate a near-degenerate instance
%%       in which the random walk dominates the graph structure.

include "globals.mzn";

int: n = 20;
set of int: Locations = 1..n;

%% Maximum possible travel time; used as the upper bound for maxleg.
int: maxLegLen = 575;

%% Travel times between locations (–1 means no direct connection exists).
array[Locations, Locations] of int: travelTime =
  array2d(Locations, Locations, [ -1, -1, -1, 381, -1, -1, -1, -1, -1, -1, -1, -1, 345, 98, 521, 110, -1, -1, -1, 152, -1, -1, -1, -1, -1, 143, -1, 161, -1, 433, 234, -1, -1, -1, 449, -1, 371, -1, -1, -1, -1, -1, -1, -1, 122, -1, 165, -1, 202, -1, -1, 196, 359, -1, -1, -1, -1, -1, -1, -1, 381, -1, -1, -1, 426, -1, -1, -1, -1, -1, -1, -1, -1, 412, -1, 295, -1, -1, -1, 396, -1, -1, 122, 426, -1, -1, 263, -1, 205, -1, -1, 155, 354, -1, -1, -1, -1, -1, -1, -1, -1, 143, -1, -1, -1, -1, -1, 285, -1, 329, 110, -1, -1, -1, -1, 575, 509, -1, 392, -1, -1, -1, 165, -1, 263, -1, -1, -1, 179, -1, -1, 232, 291, -1, -1, -1, -1, 369, -1, -1, -1, 161, -1, -1, -1, 285, -1, -1, -1, -1, 388, -1, -1, 403, 293, -1, 231, -1, -1, -1, -1, -1, 202, -1, 205, -1, 179, -1, -1, -1, -1, 76, 158, -1, -1, -1, -1, -1, -1, -1, -1, 433, -1, -1, -1, 329, -1, -1, -1, -1, 219, -1, -1, -1, -1, -1, -1, 396, 362, -1, -1, 234, -1, -1, -1, 110, -1, 388, -1, 219, -1, -1, -1, -1, -1, -1, -1, 375, 339, -1, -1, -1, 196, -1, 155, -1, 232, -1, 76, -1, -1, -1, 202, -1, -1, 305, -1, -1, 496, 242, 345, -1, 359, -1, 354, -1, 291, -1, 158, -1, -1, 202, -1, -1, -1, 321, -1, 339, 342, 204, 98, -1, -1, 412, -1, -1, -1, 403, -1, -1, -1, -1, -1, -1, 444, 191, 487, -1, -1, 250, 521, 449, -1, -1, -1, -1, -1, 293, -1, -1, -1, -1, -1, 444, -1, -1, 107, -1, -1, -1, 110, -1, -1, 295, -1, 575, -1, -1, -1, -1, -1, 305, 321, 191, -1, -1, -1, -1, -1, 120, -1, 371, -1, -1, -1, 509, -1, 231, -1, -1, -1, -1, -1, 487, 107, -1, -1, -1, -1, -1, -1, -1, -1, -1, -1, -1, 369, -1, -1, 396, 375, -1, 339, -1, -1, -1, -1, -1, 37, -1, -1, -1, -1, -1, -1, 392, -1, -1, -1, 362, 339, 496, 342, -1, -1, -1, -1, 37, -1, -1, 152, -1, -1, 396, -1, -1, -1, -1, -1, -1, -1, 242, 204, 250, -1, 120, -1, -1, -1, -1 ]);


%% Successor variables: succ[i] = next location after i in the tour.
array[Locations] of var Locations: succ;

%% Only use allowed legs (edges present in the transport network).
constraint forall(loc1, loc2 in Locations)(
  travelTime[loc1, loc2] < 0 -> succ[loc1] != loc2
);

%% Successors must form a Hamiltonian circuit.
constraint circuit(succ);

%% Variable for the length of the longest leg.
var 1..maxLegLen: maxleg;

%% Link maxleg to actual travel times used in the tour.
constraint forall(loc1, loc2 in Locations)(
  succ[loc1] = loc2 -> maxleg >= travelTime[loc1, loc2]
);

solve :: int_search(succ, input_order, indomain_min, complete)
      minimize maxleg;

output [
  "succ = ", show(succ), "\n",
  "maxleg = ", show(maxleg), "\n"
];
