instance = "pumpkin-v1/opt/n100_k7/instance_n100_k7_0012.fzn"
directory = "experiments/20260602-15.07.06.641281-pumpkin-v1/20"
status = "OPTIMAL"
num_solutions = 2
wall_clock_time = 30.45
cpu_time = 28.889999999999997
failures = "44558"
propagations = "1794331"
solveTime = "28.854875487"
nodes = "170277"
peakDepth = "817"
restarts = "152"
nogoods = "44558"
AverageLbd = "23.82182773014947"
AverageLearnedNogoodLength = "36.484043269446566"
AverageConflictSize = "31.756272723192243"
NumUnitNogoodsLearned = "202"

[[solution_objectives]]
nodes = 168720
restarts = 150
peakDepth = 714
solveTime = 28.708367805
failures = 44437
propagations = 1787457
nogoods = 44437
AverageConflictSize = 31.672345117807232
NumUnitNogoodsLearned = 202
AverageLearnedNogoodLength = 36.39104800054009
AverageLbd = 23.757071809528096
value = 210
time = 30.05

[[solution_objectives]]
nodes = 170277
restarts = 152
peakDepth = 817
solveTime = 28.854870704
failures = 44558
propagations = 1794331
nogoods = 44558
AverageConflictSize = 31.756272723192243
NumUnitNogoodsLearned = 202
AverageLearnedNogoodLength = 36.484043269446566
AverageLbd = 23.82182773014947
value = 203
time = 30.19
