instance = "pumpkin-v0/opt/n100_k5/instance_n100_k5_0015.fzn"
directory = "experiments/20260609-14.46.48.023744-pumpkin-v0/227"
status = "SATISFIABLE"
num_solutions = 4
wall_clock_time = 1800.0
cpu_time = 1800.0
failures = "441147"
propagations = "440817590"
solveTime = "378.926487836"
nodes = "1196264"
peakDepth = "592"
restarts = "0"
nogoods = "441147"
AverageLbd = "37.338401938582834"
AverageLearnedNogoodLength = "56.97655203367585"
AverageConflictSize = "71.13292394598626"
NumUnitNogoodsLearned = "0"
circuitNumberPropagationsThatFoundConflict = "404805"
circuitNumberTotalFixedEdgesAtConflict = "35069989"
circuitNumberNumberOfConflicts = "404805"
circuitNumberPropagationsThatPruned = "409284"
circuitNumberPropagationsTotal = "2074936"

[[solution_objectives]]
nodes = 9361
restarts = 0
peakDepth = 589
solveTime = 4.001311145
failures = 7023
propagations = 8862837
nogoods = 7023
AverageConflictSize = 23.126441691584795
NumUnitNogoodsLearned = 0
AverageLearnedNogoodLength = 52.45635768190232
AverageLbd = 32.463477146518585
value = 707
time = 27.93

[[solution_objectives]]
nodes = 20839
restarts = 0
peakDepth = 589
solveTime = 9.618958633
failures = 16050
propagations = 17401732
nogoods = 16050
AverageConflictSize = 21.154330218068537
NumUnitNogoodsLearned = 0
AverageLearnedNogoodLength = 55.86660436137072
AverageLbd = 34.45146417445483
value = 510
time = 33.52

[[solution_objectives]]
nodes = 22920
restarts = 0
peakDepth = 589
solveTime = 9.987229198
failures = 16807
propagations = 18377320
nogoods = 16807
AverageConflictSize = 20.79449039090855
NumUnitNogoodsLearned = 0
AverageLearnedNogoodLength = 54.93586005830904
AverageLbd = 33.840423633010055
value = 509
time = 33.89

[[solution_objectives]]
nodes = 1196264
restarts = 0
peakDepth = 592
solveTime = 378.926487836
failures = 441147
propagations = 440817590
nogoods = 441147
AverageConflictSize = 71.13292394598626
NumUnitNogoodsLearned = 0
AverageLearnedNogoodLength = 56.97655203367585
AverageLbd = 37.338401938582834
value = 508
time = 402.84
