%% Circuit-constraint benchmark instance
%% Generated by generate_instances.py
%% Method: Francis & Stuckey (2014) "Explaining circuit propagation"
%%
%% Model: minimise the length of the longest leg (maxleg).
%%        Successor variables must form a Hamiltonian circuit using only
%%        edges present in the transport network (travelTime >= 0).
%%        This matches the MiniZinc model in Figure 1 of the paper.
%%
%% Instance parameters
%%   n              = 50
%%   k              = 10
%%   seed           = 63
%%   knn_edges      = 309   (undirected edges from k-nearest step)
%%   walk_edges     = 2  (undirected edges added by random walk)
%%   total_edges    = 311
%%   walk_fraction  = 0.0064  (walk_edges / total_edges)
%%
%% NOTE: a walk_fraction above 0.20 may indicate a near-degenerate instance
%%       in which the random walk dominates the graph structure.

include "globals.mzn";

int: n = 50;
set of int: Locations = 1..n;

%% Maximum possible travel time; used as the upper bound for maxleg.
int: maxLegLen = 615;

%% Travel times between locations (–1 means no direct connection exists).
array[Locations, Locations] of int: travelTime =
  array2d(Locations, Locations, [ -1, -1, -1, 381, -1, -1, -1, -1, -1, -1, -1, -1, -1, 98, -1, 110, -1, -1, -1, 152, 106, 240, -1, -1, 254, -1, -1, -1, 134, -1, 229, -1, -1, -1, -1, -1, -1, 76, 233, -1, 313, 141, -1, -1, 147, -1, 120, -1, -1, -1, -1, -1, -1, -1, -1, 143, -1, 161, -1, 433, 234, -1, -1, -1, 449, -1, 371, -1, -1, -1, -1, -1, 261, 236, -1, 345, -1, 445, -1, -1, -1, 72, 370, -1, -1, -1, -1, -1, 320, -1, -1, -1, -1, -1, -1, -1, -1, 127, -1, -1, -1, -1, -1, -1, 122, -1, 165, -1, 202, -1, -1, 196, -1, -1, -1, -1, -1, -1, -1, -1, -1, -1, -1, -1, -1, -1, -1, -1, -1, 330, -1, -1, -1, -1, -1, -1, 208, -1, -1, 138, -1, -1, 221, -1, -1, 111, -1, -1, 230, -1, 381, -1, -1, -1, -1, -1, -1, -1, -1, -1, -1, -1, -1, -1, -1, 295, -1, -1, -1, -1, 339, 301, -1, -1, 127, -1, -1, -1, 353, -1, 234, -1, -1, 372, 215, 219, -1, -1, -1, -1, -1, -1, -1, -1, -1, -1, -1, -1, -1, -1, -1, -1, 122, -1, -1, -1, 263, -1, 205, -1, -1, 155, -1, -1, -1, -1, -1, -1, 615, -1, -1, -1, -1, -1, -1, -1, -1, -1, -1, -1, -1, -1, -1, 270, 217, 255, 266, -1, -1, 211, -1, -1, 343, -1, -1, 90, -1, -1, 352, -1, -1, 143, -1, -1, -1, -1, -1, 285, -1, 329, 110, -1, -1, -1, -1, -1, -1, -1, 392, -1, -1, -1, 188, 182, -1, 247, -1, -1, -1, -1, -1, 189, -1, -1, -1, -1, -1, -1, 287, -1, -1, -1, -1, -1, -1, -1, -1, 21, -1, -1, -1, -1, 165, -1, 263, -1, -1, -1, 179, -1, -1, 232, -1, -1, -1, -1, -1, 369, -1, -1, -1, -1, -1, -1, -1, -1, 254, -1, -1, -1, -1, -1, -1, -1, -1, -1, 97, -1, -1, 67, -1, -1, 185, 425, -1, 193, -1, -1, 192, 211, -1, 161, -1, -1, -1, 285, -1, -1, -1, -1, -1, -1, -1, -1, 293, -1, 231, -1, -1, -1, -1, -1, 421, 281, -1, -1, -1, 299, -1, -1, -1, 96, 209, -1, -1, -1, -1, -1, 319, -1, -1, -1, -1, -1, -1, -1, -1, 264, -1, -1, -1, -1, 202, -1, 205, -1, 179, -1, -1, -1, -1, 76, 158, -1, -1, -1, -1, -1, -1, -1, -1, -1, -1, -1, -1, -1, 195, -1, -1, 150, -1, -1, -1, 183, -1, -1, 107, -1, -1, 116, -1, -1, 351, -1, -1, 117, -1, -1, 359, 289, -1, 433, -1, -1, -1, 329, -1, -1, -1, -1, 219, -1, -1, -1, -1, -1, -1, 396, 362, -1, -1, -1, 180, 481, -1, 89, -1, -1, -1, -1, -1, -1, -1, -1, -1, -1, -1, -1, -1, -1, -1, -1, -1, 361, -1, -1, -1, 349, -1, -1, -1, 234, -1, -1, -1, 110, -1, -1, -1, 219, -1, -1, -1, -1, -1, -1, -1, 375, 339, -1, -1, -1, 110, 270, -1, 141, -1, -1, -1, -1, -1, 292, -1, -1, -1, -1, -1, -1, 374, -1, -1, -1, -1, 378, -1, -1, -1, 131, -1, -1, -1, -1, 196, -1, 155, -1, 232, -1, 76, -1, -1, -1, 202, -1, -1, -1, -1, -1, -1, -1, -1, -1, -1, -1, -1, -1, 263, -1, -1, 135, -1, -1, -1, 144, 276, 222, 178, -1, -1, 165, -1, -1, 385, -1, -1, 87, -1, -1, 393, -1, -1, -1, -1, -1, -1, -1, -1, -1, 158, -1, -1, 202, -1, -1, -1, -1, -1, 339, 342, 204, -1, -1, -1, 272, -1, -1, 108, -1, 244, 132, -1, -1, -1, 189, -1, -1, 194, -1, 228, -1, -1, -1, -1, 403, 207, -1, -1, -1, -1, 286, 98, -1, -1, -1, -1, -1, -1, -1, -1, -1, -1, -1, -1, -1, 444, 191, 487, -1, -1, -1, 200, 192, -1, -1, -1, -1, -1, 499, 231, -1, 210, -1, 323, -1, -1, -1, -1, 50, -1, -1, 215, 199, -1, -1, -1, -1, 26, -1, -1, -1, -1, 449, -1, -1, -1, -1, -1, 293, -1, -1, -1, -1, -1, 444, -1, -1, 107, -1, -1, -1, -1, -1, -1, -1, -1, -1, -1, 61, -1, -1, -1, 389, 135, -1, -1, -1, -1, 446, -1, -1, 317, -1, -1, -1, -1, -1, 439, -1, -1, -1, 110, -1, -1, 295, -1, -1, -1, -1, -1, -1, -1, -1, -1, 191, -1, -1, -1, -1, -1, 120, 49, 255, -1, -1, 175, -1, -1, -1, 77, 210, 214, -1, -1, 167, 316, 175, -1, 184, -1, -1, -1, 211, -1, -1, 173, -1, 206, -1, -1, -1, -1, 371, -1, -1, -1, -1, -1, 231, -1, -1, -1, -1, -1, 487, 107, -1, -1, -1, -1, -1, -1, -1, -1, -1, -1, -1, -1, 76, -1, -1, -1, 321, 166, -1, -1, -1, -1, 478, -1, -1, 399, -1, -1, -1, -1, -1, 487, -1, -1, -1, -1, -1, -1, -1, -1, -1, 369, -1, -1, 396, 375, -1, 339, -1, -1, -1, -1, -1, 37, -1, -1, -1, -1, -1, -1, 407, 234, -1, -1, -1, -1, -1, -1, -1, -1, -1, 329, -1, -1, 392, -1, -1, -1, 66, -1, -1, -1, -1, -1, 161, -1, -1, -1, -1, 615, 392, -1, -1, -1, 362, 339, -1, 342, -1, -1, -1, -1, 37, -1, -1, -1, -1, 421, -1, -1, 371, 241, -1, -1, -1, -1, -1, -1, -1, -1, -1, 351, -1, -1, -1, -1, -1, -1, 66, -1, -1, -1, -1, -1, 193, 152, -1, -1, -1, -1, -1, -1, -1, -1, -1, -1, -1, 204, -1, -1, 120, -1, -1, -1, -1, 73, -1, -1, -1, -1, -1, -1, -1, 45, 115, -1, -1, -1, 103, -1, 219, -1, 218, 199, -1, -1, 152, -1, -1, 82, -1, -1, -1, -1, -1, 106, -1, -1, 339, -1, -1, -1, -1, -1, -1, -1, -1, -1, 200, -1, 49, -1, -1, -1, 73, -1, 295, -1, -1, 222, -1, -1, -1, 34, 173, 259, -1, -1, 140, -1, 193, -1, 181, 244, -1, -1, 173, -1, -1, 126, -1, 220, -1, -1, -1, 240, -1, -1, 301, -1, -1, -1, -1, -1, -1, -1, -1, -1, 192, -1, 255, -1, -1, -1, -1, 295, -1, -1, -1, 211, -1, -1, -1, -1, -1, 71, -1, -1, -1, -1, -1, -1, 239, -1, -1, 242, -1, -1, -1, -1, -1, 172, -1, -1, -1, -1, 261, -1, -1, -1, 188, -1, 421, -1, 180, 110, -1, -1, -1, -1, -1, -1, -1, 421, -1, -1, -1, -1, 367, -1, 92, 530, -1, -1, -1, -1, 331, -1, -1, -1, -1, -1, -1, -1, -1, -1, -1, -1, -1, -1, -1, -1, 204, -1, -1, -1, 236, -1, -1, -1, 182, -1, 281, -1, 481, 270, -1, 272, -1, -1, -1, -1, -1, -1, -1, -1, -1, 367, -1, -1, 411, -1, -1, -1, -1, -1, 220, -1, -1, -1, -1, -1, -1, 105, -1, -1, 192, -1, -1, 223, -1, -1, 171, -1, -1, 254, -1, -1, 127, -1, -1, -1, -1, -1, -1, -1, -1, -1, -1, -1, 175, -1, -1, -1, -1, 222, 211, -1, -1, -1, -1, -1, -1, 242, -1, 140, -1, -1, -1, 250, 172, -1, -1, -1, -1, -1, -1, -1, -1, -1, -1, 286, -1, -1, -1, -1, 345, -1, -1, -1, 247, -1, -1, -1, 89, 141, -1, -1, -1, -1, -1, -1, 407, 371, -1, -1, -1, 92, 411, -1, -1, -1, -1, -1, -1, -1, -1, -1, -1, -1, -1, -1, -1, -1, -1, -1, -1, -1, 386, -1, -1, -1, 266, -1, -1, -1, -1, -1, -1, -1, -1, 254, -1, 195, -1, -1, 263, 108, -1, -1, -1, -1, 234, 241, -1, -1, -1, 530, -1, -1, -1, -1, -1, -1, 234, -1, -1, -1, -1, -1, -1, 166, -1, -1, 236, -1, -1, -1, 299, -1, -1, -1, -1, -1, 185, -1, 445, -1, -1, -1, -1, -1, 299, -1, -1, -1, -1, -1, 499, 61, -1, 76, -1, -1, -1, -1, -1, -1, -1, -1, -1, -1, -1, -1, -1, -1, 392, 180, -1, -1, -1, -1, 497, -1, -1, 378, -1, -1, -1, -1, -1, 495, -1, -1, -1, 134, -1, -1, 353, -1, -1, -1, -1, -1, -1, -1, -1, 244, 231, -1, 77, -1, -1, -1, 45, 34, -1, -1, -1, 242, -1, -1, -1, -1, 139, 290, -1, -1, 108, 329, 187, -1, 207, 236, -1, -1, 175, -1, -1, 116, -1, 251, -1, -1, -1, -1, -1, 330, -1, -1, -1, -1, -1, 150, -1, -1, 135, 132, -1, -1, 210, -1, -1, -1, 115, 173, -1, -1, -1, -1, -1, 234, -1, 139, -1, -1, -1, -1, 57, 329, 216, 244, -1, 256, -1, -1, -1, -1, -1, 170, 222, -1, -1, -1, -1, 229, -1, -1, 234, -1, -1, -1, -1, -1, -1, -1, -1, -1, 210, -1, 214, -1, -1, -1, -1, 259, 71, -1, -1, 140, -1, -1, -1, 290, -1, -1, -1, -1, -1, -1, -1, -1, 250, -1, -1, 307, -1, -1, -1, -1, -1, 197, -1, -1, -1, -1, 72, -1, -1, -1, 189, -1, 96, -1, -1, 292, -1, -1, -1, 389, -1, 321, -1, -1, -1, -1, -1, 331, 220, -1, -1, -1, 392, -1, -1, -1, -1, 301, -1, -1, -1, -1, -1, 285, -1, -1, 330, -1, -1, -1, -1, -1, 169, -1, -1, -1, 370, -1, -1, -1, -1, -1, 209, -1, -1, -1, -1, -1, 323, 135, -1, 166, -1, -1, -1, -1, -1, -1, -1, -1, -1, -1, 180, -1, -1, -1, 301, -1, -1, -1, -1, -1, 318, -1, -1, 250, -1, -1, -1, -1, -1, 322, -1, -1, -1, -1, -1, -1, 372, 270, -1, -1, -1, 183, -1, -1, 144, 189, -1, -1, 167, -1, -1, -1, 103, 140, -1, -1, -1, -1, -1, -1, -1, 108, 57, -1, -1, -1, -1, 282, 161, -1, -1, -1, -1, -1, -1, -1, -1, 178, 227, -1, -1, -1, -1, -1, -1, -1, 215, 217, -1, -1, -1, -1, -1, -1, 276, -1, -1, -1, 316, -1, -1, -1, -1, -1, -1, -1, -1, 250, -1, -1, -1, 329, 329, -1, -1, -1, 282, -1, 143, -1, -1, -1, -1, -1, -1, -1, -1, -1, 277, -1, -1, -1, -1, -1, -1, -1, 219, 255, -1, -1, -1, -1, -1, -1, 222, -1, -1, -1, 175, -1, -1, -1, 219, 193, -1, -1, -1, 172, -1, -1, -1, 187, 216, -1, -1, -1, 161, 143, -1, -1, -1, -1, -1, -1, -1, -1, -1, -1, 269, -1, -1, -1, -1, -1, -1, 208, -1, 266, -1, 97, -1, 107, -1, -1, 178, 194, -1, -1, -1, -1, 329, 351, -1, -1, -1, -1, -1, -1, -1, 166, -1, -1, 244, -1, -1, -1, -1, -1, -1, -1, -1, -1, 71, -1, -1, 282, 391, -1, 178, -1, -1, 289, 192, 76, -1, -1, -1, -1, -1, -1, -1, -1, -1, -1, -1, -1, 50, 446, 184, 478, -1, -1, 218, 181, 239, -1, -1, -1, -1, -1, 497, 207, -1, 250, -1, 318, -1, -1, -1, -1, -1, 240, -1, 250, 150, -1, -1, 188, -1, 76, -1, -1, -1, 233, 320, -1, -1, -1, 287, -1, 319, -1, -1, 374, -1, 228, -1, -1, -1, -1, -1, -1, 199, 244, -1, -1, 105, -1, -1, -1, -1, 236, 256, -1, 285, -1, -1, -1, -1, -1, 240, -1, -1, -1, 93, -1, -1, 120, -1, -1, 275, -1, -1, -1, -1, 138, -1, 211, -1, 67, -1, 116, -1, -1, 165, -1, -1, -1, -1, -1, 392, -1, -1, -1, -1, -1, -1, -1, -1, 236, -1, -1, -1, -1, -1, -1, -1, -1, -1, 71, -1, -1, -1, -1, -1, 236, -1, -1, 131, -1, -1, 244, 245, 313, -1, -1, -1, -1, -1, -1, -1, -1, -1, -1, -1, -1, 215, 317, -1, 399, -1, -1, -1, -1, 242, -1, -1, -1, -1, -1, 378, -1, -1, 307, -1, 250, -1, -1, -1, -1, 250, -1, -1, -1, 387, -1, -1, -1, -1, 194, -1, -1, -1, 141, -1, -1, -1, -1, -1, -1, -1, -1, -1, -1, -1, -1, 199, -1, 211, -1, -1, -1, 152, 173, -1, -1, 192, -1, -1, -1, -1, 175, -1, -1, 330, -1, -1, -1, -1, -1, 150, 93, -1, 387, -1, -1, -1, 76, -1, 225, -1, -1, -1, -1, -1, 221, -1, 343, -1, 185, -1, 351, -1, -1, 385, -1, -1, -1, -1, -1, -1, -1, -1, -1, -1, -1, -1, -1, -1, -1, -1, -1, -1, -1, -1, -1, -1, -1, -1, 282, -1, -1, 236, -1, -1, -1, -1, -1, 315, -1, -1, 9, 335, -1, -1, -1, -1, -1, -1, 425, -1, -1, 361, 378, -1, 403, -1, -1, -1, -1, 66, 66, -1, -1, -1, -1, -1, -1, 386, 299, -1, -1, -1, -1, -1, -1, -1, -1, -1, 391, -1, -1, -1, -1, -1, -1, -1, -1, -1, -1, -1, -1, 213, 147, -1, -1, -1, -1, -1, -1, -1, -1, -1, -1, -1, 207, -1, -1, 173, -1, -1, -1, 82, 126, -1, -1, 223, -1, -1, -1, -1, 116, 170, -1, -1, -1, 178, -1, -1, -1, 188, 120, -1, -1, 76, -1, -1, -1, -1, -1, -1, -1, -1, -1, -1, 111, -1, 90, -1, 193, -1, 117, -1, -1, 87, -1, -1, -1, -1, -1, -1, -1, -1, -1, -1, -1, -1, -1, -1, -1, -1, -1, 222, -1, -1, -1, 227, 277, 269, 178, -1, -1, 131, -1, -1, 315, -1, -1, -1, -1, -1, 324, -1, 120, -1, -1, -1, -1, -1, -1, -1, -1, -1, -1, -1, -1, 26, 439, 206, 487, -1, -1, -1, 220, 172, -1, -1, 286, -1, -1, 495, 251, -1, 197, -1, 322, -1, -1, -1, -1, 76, -1, -1, 194, 225, -1, -1, -1, -1, -1, -1, -1, -1, -1, 127, -1, -1, -1, 21, -1, 264, -1, 349, 131, -1, -1, -1, -1, -1, -1, -1, -1, -1, -1, -1, 204, 171, -1, 266, -1, -1, -1, -1, -1, 169, -1, -1, -1, -1, -1, -1, 275, -1, -1, -1, -1, -1, -1, -1, -1, -1, -1, -1, -1, -1, 230, -1, 352, -1, 192, -1, 359, -1, -1, 393, -1, -1, -1, -1, -1, -1, -1, -1, -1, -1, -1, -1, -1, -1, -1, -1, -1, -1, -1, -1, -1, -1, -1, -1, 289, -1, -1, 244, -1, -1, 9, -1, -1, 324, -1, -1, -1, 337, -1, -1, -1, -1, -1, -1, 211, -1, 289, -1, -1, -1, 286, -1, -1, -1, -1, 161, 193, -1, -1, -1, -1, -1, -1, -1, 185, -1, -1, -1, -1, -1, -1, -1, -1, -1, 192, -1, -1, 245, -1, -1, 335, 213, -1, -1, -1, -1, 337, -1 ]);


%% Successor variables: succ[i] = next location after i in the tour.
array[Locations] of var Locations: succ;

%% Only use allowed legs (edges present in the transport network).
constraint forall(loc1, loc2 in Locations)(
  travelTime[loc1, loc2] < 0 -> succ[loc1] != loc2
);

%% Successors must form a Hamiltonian circuit.
constraint circuit(succ);

%% Variable for the length of the longest leg.
var 1..maxLegLen: maxleg;

%% Link maxleg to actual travel times used in the tour.
constraint forall(loc1, loc2 in Locations)(
  succ[loc1] = loc2 -> maxleg >= travelTime[loc1, loc2]
);

solve :: int_search(succ, input_order, indomain_min, complete)
      minimize maxleg;

output [
  "succ = ", show(succ), "\n",
  "maxleg = ", show(maxleg), "\n"
];
