%% Circuit-constraint benchmark instance
%% Generated by generate_instances.py
%% Method: Francis & Stuckey (2014) "Explaining circuit propagation"
%%
%% Model: minimise the length of the longest leg (maxleg).
%%        Successor variables must form a Hamiltonian circuit using only
%%        edges present in the transport network (travelTime >= 0).
%%        This matches the MiniZinc model in Figure 1 of the paper.
%%
%% Instance parameters
%%   n              = 50
%%   k              = 10
%%   seed           = 61
%%   knn_edges      = 306   (undirected edges from k-nearest step)
%%   walk_edges     = 2  (undirected edges added by random walk)
%%   total_edges    = 308
%%   walk_fraction  = 0.0065  (walk_edges / total_edges)
%%
%% NOTE: a walk_fraction above 0.20 may indicate a near-degenerate instance
%%       in which the random walk dominates the graph structure.

include "globals.mzn";

int: n = 50;
set of int: Locations = 1..n;

%% Maximum possible travel time; used as the upper bound for maxleg.
int: maxLegLen = 969;

%% Travel times between locations (–1 means no direct connection exists).
array[Locations, Locations] of int: travelTime =
  array2d(Locations, Locations, [ -1, -1, 221, 198, 244, 335, -1, 260, -1, -1, -1, -1, 239, -1, -1, -1, -1, -1, -1, -1, -1, 284, -1, 134, -1, -1, 213, 201, -1, -1, -1, -1, -1, 318, 330, 320, -1, 404, 164, -1, -1, -1, -1, -1, -1, -1, -1, -1, -1, 241, -1, -1, -1, -1, -1, -1, 378, 176, -1, 85, -1, -1, -1, 231, 115, -1, -1, -1, -1, -1, -1, -1, -1, -1, -1, -1, -1, 201, 155, -1, 193, -1, 151, -1, -1, -1, 109, -1, 258, -1, -1, -1, -1, -1, -1, -1, -1, -1, -1, -1, 221, -1, -1, -1, -1, 165, -1, -1, -1, -1, 289, 286, 305, -1, -1, -1, -1, 435, -1, -1, -1, 126, -1, -1, -1, -1, -1, -1, -1, -1, -1, -1, -1, 220, -1, 166, -1, 187, -1, -1, -1, -1, -1, -1, -1, -1, -1, -1, 278, 273, 198, -1, -1, -1, 86, -1, -1, 150, 222, -1, -1, -1, -1, 230, -1, -1, -1, -1, -1, -1, -1, -1, -1, 63, -1, -1, -1, 151, -1, 283, -1, -1, -1, -1, -1, -1, -1, -1, 96, 102, -1, 229, -1, -1, -1, -1, -1, -1, -1, -1, 244, -1, -1, 86, -1, -1, -1, -1, 188, -1, -1, -1, -1, -1, -1, 199, 349, 395, -1, -1, -1, -1, -1, 124, 195, -1, -1, -1, -1, 206, -1, -1, -1, -1, -1, 359, -1, -1, 181, 108, -1, 183, -1, -1, -1, 205, -1, 158, -1, -1, 335, -1, 165, -1, -1, -1, -1, -1, -1, -1, 370, 388, -1, -1, -1, -1, 286, 290, -1, -1, -1, 51, -1, -1, -1, -1, -1, -1, -1, 261, -1, -1, -1, 371, -1, 26, -1, 213, -1, -1, -1, -1, -1, -1, -1, -1, -1, -1, -1, -1, -1, 378, -1, -1, -1, -1, -1, -1, -1, -1, -1, -1, 285, -1, -1, -1, -1, -1, 313, -1, -1, -1, -1, -1, -1, -1, 211, -1, 326, -1, -1, 281, 227, -1, 218, -1, -1, -1, -1, -1, -1, -1, 267, -1, -1, -1, -1, -1, -1, 329, 260, 176, -1, 150, -1, -1, -1, -1, -1, 103, -1, -1, -1, 159, 111, -1, -1, -1, -1, -1, -1, -1, -1, 170, -1, -1, -1, 70, 324, -1, -1, -1, 252, -1, -1, -1, 143, -1, 98, 169, -1, -1, -1, -1, 186, -1, -1, -1, -1, -1, -1, -1, -1, 222, 188, -1, -1, -1, -1, -1, -1, -1, -1, 198, -1, 29, -1, -1, -1, 38, 119, -1, 215, -1, 37, 58, -1, -1, -1, -1, -1, -1, -1, -1, -1, -1, -1, -1, -1, 125, 189, 32, -1, 167, 165, 64, 94, 178, -1, -1, -1, 85, -1, -1, -1, -1, -1, 103, -1, -1, -1, -1, -1, 155, 41, -1, -1, -1, -1, -1, -1, -1, -1, 272, -1, -1, -1, 149, 239, -1, 230, -1, 209, -1, -1, -1, 59, -1, 197, -1, -1, -1, -1, -1, 192, -1, -1, -1, -1, -1, -1, -1, 289, -1, -1, 370, -1, -1, -1, -1, -1, 49, 393, -1, -1, -1, -1, -1, -1, -1, -1, 367, -1, -1, -1, -1, -1, -1, -1, -1, -1, -1, -1, 192, -1, 389, -1, 163, -1, -1, -1, -1, -1, -1, -1, -1, 929, -1, 181, 349, -1, -1, 286, -1, -1, 388, -1, -1, -1, -1, 49, -1, 353, -1, -1, -1, -1, -1, 510, -1, -1, 378, -1, -1, -1, -1, -1, -1, -1, -1, -1, 425, -1, 153, -1, 404, -1, 191, -1, -1, -1, -1, -1, -1, -1, -1, -1, -1, 135, 309, 239, -1, 305, -1, -1, -1, 285, -1, -1, -1, 393, 353, -1, -1, -1, -1, -1, -1, 332, -1, -1, -1, -1, -1, -1, -1, 131, -1, -1, -1, -1, 229, -1, 201, 103, -1, -1, -1, -1, -1, -1, -1, 340, -1, -1, -1, -1, -1, 227, 45, -1, 231, -1, 230, -1, -1, -1, 159, 198, 155, -1, -1, -1, -1, 117, -1, -1, -1, -1, -1, -1, -1, 148, 281, -1, -1, -1, -1, 380, -1, 286, -1, -1, -1, -1, -1, 125, -1, 239, 162, -1, -1, -1, 96, 37, -1, 167, -1, -1, -1, -1, 115, -1, -1, -1, -1, -1, 111, -1, 41, -1, -1, -1, 117, -1, -1, -1, -1, -1, -1, -1, -1, -1, 279, -1, -1, -1, 171, 268, -1, 224, -1, 249, -1, -1, -1, 33, -1, 209, -1, -1, -1, -1, 208, 154, -1, -1, -1, -1, -1, -1, -1, -1, -1, 199, -1, -1, -1, 29, -1, -1, -1, -1, -1, -1, -1, -1, -1, -1, 27, 91, -1, 231, -1, 11, 32, -1, -1, -1, -1, -1, -1, -1, -1, -1, -1, -1, -1, -1, 149, 162, 17, -1, 188, -1, 36, 105, 164, -1, -1, -1, -1, -1, -1, 349, 286, -1, -1, -1, -1, -1, -1, -1, -1, -1, -1, -1, 48, -1, -1, -1, 300, -1, -1, -1, -1, -1, -1, -1, 146, -1, -1, -1, -1, -1, 269, -1, -1, -1, -1, 323, 408, -1, -1, -1, 394, -1, 259, -1, -1, -1, -1, 435, -1, 395, 290, -1, -1, -1, -1, -1, -1, -1, -1, -1, -1, 48, -1, -1, -1, -1, 312, -1, -1, -1, -1, -1, -1, -1, 190, -1, -1, -1, -1, -1, 277, -1, -1, -1, -1, 364, -1, -1, -1, -1, 440, -1, 306, -1, -1, -1, -1, -1, -1, -1, -1, 313, -1, -1, -1, -1, 510, 332, -1, -1, -1, -1, -1, -1, -1, -1, -1, -1, -1, -1, -1, 386, -1, -1, -1, -1, 105, -1, 420, 237, -1, -1, -1, -1, -1, -1, -1, 63, -1, -1, -1, -1, -1, 390, 347, -1, -1, -1, -1, -1, -1, -1, -1, 38, -1, -1, -1, -1, -1, -1, 27, -1, -1, -1, -1, 89, -1, 208, -1, 37, 30, -1, -1, -1, -1, -1, -1, -1, -1, -1, -1, -1, -1, -1, 162, 175, 44, -1, 169, 182, 55, 81, -1, -1, -1, -1, -1, -1, -1, -1, -1, -1, -1, 119, -1, -1, -1, -1, -1, -1, 91, -1, -1, -1, 89, -1, -1, -1, -1, 88, 61, -1, -1, -1, -1, -1, 969, -1, -1, -1, -1, -1, -1, -1, -1, 107, 100, -1, -1, -1, 69, 152, 182, -1, -1, 284, -1, 126, -1, -1, 51, -1, -1, -1, -1, 367, 378, -1, -1, -1, -1, 300, 312, -1, -1, -1, -1, -1, 335, -1, -1, -1, -1, -1, 248, -1, -1, -1, 342, -1, 41, -1, 220, -1, -1, -1, -1, -1, -1, -1, -1, -1, -1, -1, -1, -1, -1, -1, -1, -1, -1, -1, -1, 215, -1, -1, -1, -1, 148, -1, 231, -1, -1, -1, 208, -1, -1, -1, -1, 242, 234, -1, -1, -1, -1, 322, -1, -1, -1, -1, -1, 240, -1, -1, -1, -1, -1, -1, 64, 125, -1, 127, -1, -1, -1, 134, -1, -1, 63, 124, -1, -1, 170, -1, 272, -1, -1, -1, 281, 279, -1, -1, -1, -1, -1, -1, 335, -1, -1, -1, -1, 302, 142, -1, 288, -1, -1, -1, -1, -1, 361, -1, -1, 82, 165, -1, -1, -1, -1, -1, -1, -1, -1, -1, -1, -1, -1, -1, -1, 195, -1, -1, -1, 37, -1, -1, -1, -1, -1, -1, 11, -1, -1, -1, 37, 88, -1, 242, -1, -1, 33, -1, -1, -1, -1, -1, -1, -1, -1, -1, -1, -1, -1, -1, 151, 153, 12, -1, 198, -1, 27, 116, 154, -1, -1, -1, -1, -1, -1, -1, -1, -1, -1, 58, -1, -1, -1, -1, -1, -1, 32, -1, -1, -1, 30, 61, -1, 234, -1, 33, -1, -1, -1, -1, -1, -1, -1, -1, -1, -1, -1, -1, -1, -1, -1, 146, 45, -1, 198, -1, 34, 107, 174, -1, -1, 213, -1, -1, -1, -1, -1, 211, -1, -1, -1, -1, -1, 131, -1, -1, -1, -1, -1, 386, -1, -1, -1, -1, 302, -1, -1, -1, 249, -1, -1, -1, 299, 248, -1, 159, -1, -1, -1, 267, -1, -1, -1, 372, -1, -1, -1, -1, -1, 357, 171, 201, 201, -1, 151, -1, -1, -1, 70, -1, 149, -1, -1, -1, -1, 171, -1, -1, -1, -1, -1, -1, -1, -1, 142, -1, -1, 249, -1, 330, -1, -1, -1, 231, -1, -1, -1, 202, -1, 61, 207, -1, -1, -1, -1, -1, -1, -1, -1, -1, -1, -1, 155, -1, -1, -1, -1, 326, 324, -1, 239, -1, -1, -1, 380, 268, -1, -1, -1, -1, -1, -1, -1, -1, -1, -1, -1, -1, 330, -1, -1, 215, -1, 143, -1, -1, -1, 255, -1, -1, -1, -1, -1, -1, -1, -1, -1, -1, -1, -1, -1, -1, -1, -1, 283, 206, 261, -1, -1, -1, -1, -1, -1, -1, -1, -1, -1, 146, 190, -1, -1, -1, 248, -1, 288, -1, -1, -1, -1, -1, -1, -1, -1, -1, -1, -1, 236, -1, -1, -1, -1, 270, -1, -1, -1, -1, -1, -1, 159, -1, -1, -1, 193, -1, -1, -1, -1, -1, -1, -1, 230, -1, -1, -1, 286, 224, -1, -1, -1, -1, -1, -1, -1, 322, -1, -1, -1, -1, -1, 215, -1, -1, -1, 314, -1, -1, -1, 192, -1, -1, -1, -1, -1, -1, 329, 314, -1, -1, -1, -1, -1, -1, -1, -1, -1, -1, -1, 281, -1, -1, -1, -1, 425, 229, -1, -1, -1, -1, -1, 105, -1, 969, -1, -1, -1, -1, -1, 299, -1, -1, -1, -1, -1, -1, 321, 142, -1, -1, -1, -1, -1, -1, -1, 134, -1, -1, -1, -1, -1, 298, 242, -1, 151, -1, -1, -1, -1, 227, 252, -1, 209, -1, -1, -1, -1, 249, -1, -1, -1, -1, -1, -1, -1, -1, -1, -1, -1, 248, 231, 143, -1, 314, -1, -1, -1, -1, -1, 254, -1, 289, -1, -1, -1, 492, -1, -1, -1, -1, -1, -1, -1, 318, -1, 220, -1, -1, 371, -1, -1, -1, -1, 192, 153, 201, -1, -1, -1, -1, -1, 420, -1, -1, 342, -1, -1, -1, -1, -1, -1, -1, -1, -1, 321, -1, -1, 268, -1, -1, 245, -1, -1, -1, -1, 455, -1, -1, -1, -1, -1, 61, 157, 330, -1, -1, -1, -1, -1, 218, -1, -1, -1, -1, -1, 103, -1, -1, -1, -1, -1, 237, -1, -1, -1, -1, -1, -1, -1, 159, -1, -1, -1, -1, 142, -1, 268, -1, -1, -1, -1, -1, -1, -1, -1, 239, -1, -1, -1, -1, -1, 274, 134, 320, -1, 166, -1, 359, 26, -1, -1, -1, -1, 389, 404, -1, -1, -1, -1, 269, 277, -1, -1, -1, 41, -1, 361, -1, -1, -1, -1, -1, 236, -1, -1, -1, -1, -1, -1, -1, 235, -1, -1, -1, -1, -1, -1, -1, -1, -1, -1, -1, -1, -1, 109, -1, -1, -1, -1, -1, 143, -1, 59, -1, -1, -1, 125, 33, -1, -1, -1, -1, -1, -1, -1, 240, -1, -1, -1, -1, 202, 255, -1, 192, -1, 254, -1, -1, -1, -1, -1, -1, -1, -1, -1, -1, 209, 162, -1, -1, -1, -1, -1, 404, -1, 187, -1, -1, 213, -1, -1, -1, -1, 163, 191, -1, -1, -1, -1, -1, -1, -1, -1, -1, 220, -1, -1, -1, -1, -1, -1, -1, -1, -1, -1, -1, 245, -1, 235, -1, -1, -1, -1, -1, -1, -1, -1, -1, -1, -1, -1, 274, 376, 164, 258, -1, 96, 181, -1, -1, 98, -1, 197, -1, -1, -1, 239, 209, -1, -1, -1, -1, -1, -1, -1, -1, 82, -1, -1, 267, 61, -1, -1, -1, -1, 289, -1, -1, -1, -1, -1, -1, 173, -1, -1, -1, -1, -1, -1, -1, -1, -1, -1, -1, -1, -1, 102, 108, -1, -1, 169, 125, -1, -1, -1, -1, 162, -1, 149, -1, -1, -1, 162, -1, -1, -1, 165, 151, -1, -1, 207, -1, -1, -1, -1, -1, -1, -1, -1, -1, -1, 173, -1, -1, 139, -1, 197, 152, -1, -1, -1, -1, -1, -1, -1, -1, -1, -1, -1, -1, -1, 189, -1, -1, -1, -1, -1, -1, 162, 323, 364, -1, 175, 107, -1, -1, -1, 153, 146, -1, -1, -1, 270, -1, -1, -1, -1, -1, -1, -1, -1, -1, -1, -1, 159, -1, -1, -1, 126, 251, 131, -1, -1, -1, -1, -1, 229, 183, -1, -1, -1, 32, -1, -1, -1, -1, -1, -1, 17, 408, -1, -1, 44, 100, -1, -1, -1, 12, 45, -1, -1, -1, -1, -1, -1, -1, -1, -1, -1, -1, -1, -1, 139, 159, -1, -1, -1, -1, 36, 119, 150, -1, -1, -1, -1, -1, -1, -1, -1, 267, -1, -1, -1, -1, -1, 340, -1, -1, -1, -1, -1, 63, -1, -1, -1, -1, -1, -1, -1, 372, -1, -1, -1, -1, 134, 492, 455, 239, -1, -1, -1, -1, -1, -1, -1, -1, -1, -1, -1, -1, -1, 431, 362, -1, -1, -1, -1, -1, -1, -1, -1, 167, -1, -1, -1, -1, 96, 208, 188, -1, -1, -1, 169, -1, -1, 64, -1, 198, 198, -1, -1, -1, -1, 329, -1, -1, -1, -1, -1, 209, -1, -1, 197, -1, -1, -1, -1, 66, -1, 95, -1, -1, -1, -1, -1, -1, -1, -1, -1, -1, 186, 165, 192, -1, -1, -1, 37, 154, -1, -1, -1, -1, 182, -1, -1, 125, -1, -1, -1, -1, -1, -1, -1, 314, -1, -1, -1, -1, -1, 162, -1, -1, 152, -1, -1, -1, 66, -1, -1, 129, -1, -1, -1, -1, -1, -1, -1, 205, -1, -1, -1, 64, -1, -1, -1, -1, -1, -1, 36, 394, 440, -1, 55, 69, -1, -1, -1, 27, 34, -1, -1, -1, -1, -1, -1, -1, -1, -1, -1, -1, -1, -1, -1, 126, 36, -1, -1, -1, -1, 137, 140, -1, -1, -1, -1, -1, -1, -1, -1, -1, -1, 94, -1, 929, -1, -1, 167, -1, 105, -1, -1, -1, 81, 152, -1, 127, -1, 116, 107, -1, -1, -1, -1, -1, -1, -1, -1, -1, -1, -1, -1, -1, -1, 251, 119, -1, 95, 129, 137, -1, -1, -1, -1, -1, -1, -1, -1, 158, -1, -1, -1, 178, -1, -1, -1, -1, -1, -1, 164, 259, 306, -1, -1, 182, -1, -1, -1, 154, 174, -1, -1, -1, 159, -1, -1, -1, -1, -1, -1, -1, -1, -1, -1, 131, 150, -1, -1, -1, 140, -1, -1, -1, -1, -1, -1, 278, -1, -1, -1, -1, -1, -1, -1, 181, 135, 227, -1, -1, -1, -1, -1, 390, -1, -1, -1, -1, -1, -1, -1, 357, -1, -1, -1, -1, 298, -1, 61, 274, -1, -1, 274, -1, -1, -1, -1, 431, -1, -1, -1, -1, -1, -1, 186, 241, -1, 273, -1, -1, -1, 329, -1, -1, -1, 349, 309, 45, -1, -1, -1, -1, -1, 347, -1, -1, -1, -1, -1, -1, -1, 171, -1, -1, -1, -1, 242, -1, 157, 134, -1, -1, 376, -1, -1, -1, -1, 362, -1, -1, -1, -1, -1, 186, -1 ]);


%% Successor variables: succ[i] = next location after i in the tour.
array[Locations] of var Locations: succ;

%% Only use allowed legs (edges present in the transport network).
constraint forall(loc1, loc2 in Locations)(
  travelTime[loc1, loc2] < 0 -> succ[loc1] != loc2
);

%% Successors must form a Hamiltonian circuit.
constraint circuit(succ);

%% Variable for the length of the longest leg.
var 1..maxLegLen: maxleg;

%% Link maxleg to actual travel times used in the tour.
constraint forall(loc1, loc2 in Locations)(
  succ[loc1] = loc2 -> maxleg >= travelTime[loc1, loc2]
);

solve :: int_search(succ, input_order, indomain_min, complete)
      minimize maxleg;

output [
  "succ = ", show(succ), "\n",
  "maxleg = ", show(maxleg), "\n"
];
