%% Circuit-constraint benchmark instance
%% Generated by generate_instances.py
%% Method: Francis & Stuckey (2014) "Explaining circuit propagation"
%%
%% Model: minimise the length of the longest leg (maxleg).
%%        Successor variables must form a Hamiltonian circuit using only
%%        edges present in the transport network (travelTime >= 0).
%%        This matches the MiniZinc model in Figure 1 of the paper.
%%
%% Instance parameters
%%   n              = 50
%%   k              = 10
%%   seed           = 66
%%   knn_edges      = 296   (undirected edges from k-nearest step)
%%   walk_edges     = 4  (undirected edges added by random walk)
%%   total_edges    = 300
%%   walk_fraction  = 0.0133  (walk_edges / total_edges)
%%
%% NOTE: a walk_fraction above 0.20 may indicate a near-degenerate instance
%%       in which the random walk dominates the graph structure.

include "globals.mzn";

int: n = 50;
set of int: Locations = 1..n;

%% Maximum possible travel time; used as the upper bound for maxleg.
int: maxLegLen = 821;

%% Travel times between locations (–1 means no direct connection exists).
array[Locations, Locations] of int: travelTime =
  array2d(Locations, Locations, [ -1, 176, -1, -1, -1, -1, -1, -1, -1, -1, -1, -1, -1, -1, 252, 276, -1, -1, -1, 242, 321, -1, -1, 415, -1, 308, -1, -1, -1, -1, -1, 90, 179, -1, -1, 57, 297, -1, -1, -1, 269, -1, -1, -1, -1, -1, -1, -1, -1, -1, 176, -1, -1, -1, -1, -1, -1, -1, -1, -1, -1, -1, -1, -1, 81, 166, -1, -1, -1, 77, 400, 230, -1, -1, 183, 148, -1, -1, -1, -1, -1, 223, 173, -1, -1, 140, -1, -1, -1, -1, 295, -1, -1, -1, -1, -1, -1, 259, -1, -1, -1, -1, -1, 326, -1, -1, -1, -1, -1, -1, -1, 116, -1, -1, 384, -1, 82, -1, -1, -1, -1, -1, -1, 157, -1, -1, -1, 92, -1, 45, -1, -1, -1, -1, -1, -1, -1, -1, 151, -1, 224, -1, -1, -1, -1, -1, -1, 157, -1, -1, -1, -1, 326, -1, -1, -1, -1, -1, -1, 223, 368, 234, 157, -1, -1, -1, 402, 431, -1, -1, -1, -1, 206, -1, 298, -1, 422, 415, 262, 317, 287, -1, -1, -1, -1, -1, -1, 123, -1, -1, -1, 361, -1, -1, -1, -1, -1, 299, -1, -1, -1, -1, -1, -1, -1, -1, -1, -1, 202, -1, 492, -1, 296, 294, -1, -1, -1, 384, 160, -1, -1, -1, 281, -1, -1, -1, 471, -1, 348, -1, -1, -1, -1, 163, 170, -1, -1, 323, -1, -1, -1, 330, -1, -1, -1, 48, -1, -1, -1, -1, -1, -1, -1, -1, -1, -1, 321, 112, -1, -1, -1, -1, -1, -1, -1, 230, -1, -1, -1, -1, -1, 287, -1, -1, -1, 258, -1, -1, -1, -1, -1, -1, -1, -1, -1, -1, -1, -1, -1, 72, -1, -1, 145, 281, 313, -1, 254, -1, 206, 286, -1, -1, -1, -1, -1, 321, -1, -1, -1, -1, -1, -1, -1, 236, -1, -1, -1, -1, 337, -1, -1, -1, -1, -1, -1, -1, -1, -1, -1, -1, -1, -1, -1, 286, 299, -1, -1, -1, -1, 251, -1, -1, 184, 44, 20, -1, -1, 821, -1, 104, -1, -1, -1, -1, -1, 112, -1, -1, -1, -1, -1, -1, -1, -1, -1, 136, -1, -1, -1, 242, 350, -1, -1, -1, -1, 200, -1, -1, -1, -1, -1, -1, 224, -1, -1, -1, 197, -1, -1, 185, -1, -1, 257, -1, -1, -1, 163, -1, 130, -1, -1, -1, -1, -1, 202, -1, -1, -1, -1, 234, -1, -1, 240, 355, -1, -1, -1, -1, 83, -1, -1, 258, 127, -1, -1, -1, -1, -1, 375, -1, 146, -1, -1, 179, 126, -1, -1, 245, -1, -1, -1, -1, -1, -1, -1, 246, -1, -1, -1, -1, -1, -1, -1, 223, -1, -1, -1, -1, 234, -1, 564, -1, 266, -1, 192, -1, -1, -1, -1, 231, -1, 118, 152, -1, 93, 210, -1, -1, -1, -1, 104, -1, -1, -1, -1, -1, -1, 239, 380, -1, -1, -1, -1, -1, -1, -1, -1, -1, -1, -1, -1, -1, -1, 368, 492, -1, -1, -1, -1, 564, -1, 483, 312, -1, -1, -1, -1, 164, -1, -1, -1, -1, 460, -1, -1, -1, 78, -1, 160, -1, -1, -1, -1, -1, -1, -1, -1, 330, -1, -1, -1, 170, -1, -1, -1, -1, -1, -1, -1, -1, -1, -1, 116, 234, -1, -1, -1, -1, -1, -1, 483, -1, -1, -1, -1, -1, 176, -1, -1, -1, -1, -1, -1, 273, -1, -1, -1, 190, -1, 89, -1, -1, -1, -1, -1, -1, -1, 355, 241, -1, 325, -1, -1, -1, -1, -1, -1, 206, -1, -1, -1, -1, -1, 157, 296, -1, -1, -1, 240, 266, 312, -1, -1, -1, -1, -1, -1, 316, 303, -1, -1, -1, 148, -1, -1, -1, 341, -1, 162, -1, 271, -1, -1, -1, -1, -1, -1, 36, -1, -1, -1, 239, -1, -1, -1, 340, -1, -1, -1, -1, -1, -1, -1, -1, 294, -1, 236, -1, 355, -1, -1, -1, -1, -1, -1, -1, -1, -1, 272, -1, -1, -1, -1, -1, -1, -1, -1, -1, -1, -1, -1, -1, -1, 177, 229, -1, -1, -1, -1, -1, -1, -1, -1, 276, 230, 276, -1, -1, -1, 228, 252, 81, 384, -1, -1, -1, -1, -1, -1, 192, -1, -1, -1, -1, -1, 192, -1, -1, -1, 80, -1, 170, -1, -1, 108, 128, -1, -1, -1, 417, 265, 286, 242, -1, -1, 221, -1, -1, 282, -1, -1, -1, -1, -1, -1, -1, -1, 228, -1, -1, 276, 166, -1, -1, -1, 230, -1, 136, -1, -1, -1, -1, -1, -1, 192, -1, -1, -1, -1, 113, 337, 208, -1, -1, 222, 100, -1, -1, -1, -1, -1, -1, 132, -1, -1, 219, 196, -1, -1, 298, -1, -1, 370, -1, -1, -1, 212, -1, 216, -1, -1, -1, 82, 402, -1, -1, -1, -1, -1, -1, -1, 176, -1, -1, -1, -1, -1, -1, -1, -1, -1, -1, -1, 124, -1, -1, -1, 16, -1, 87, -1, 437, -1, -1, -1, -1, -1, -1, 192, -1, 241, -1, -1, -1, -1, -1, -1, 226, -1, -1, -1, -1, -1, 431, 384, -1, -1, -1, -1, -1, 164, -1, 316, -1, -1, -1, -1, -1, -1, -1, -1, -1, 447, -1, -1, -1, 103, -1, 168, -1, -1, -1, -1, -1, -1, -1, -1, 347, -1, -1, -1, 78, -1, -1, -1, 395, -1, -1, -1, -1, -1, -1, -1, -1, 160, -1, 337, -1, 83, -1, -1, -1, 303, 272, -1, -1, -1, -1, -1, -1, -1, -1, 209, -1, -1, -1, -1, -1, -1, -1, 218, -1, -1, 96, 45, -1, -1, 314, -1, -1, -1, -1, -1, 348, 318, 194, -1, -1, -1, 242, 242, 77, -1, -1, -1, -1, -1, 242, -1, 231, -1, -1, -1, -1, 80, 113, -1, -1, -1, -1, -1, 164, -1, -1, 138, 71, -1, -1, -1, -1, -1, 298, 178, -1, -1, 196, 288, -1, -1, -1, -1, -1, -1, -1, -1, -1, 319, -1, 328, -1, 321, 400, -1, -1, -1, -1, -1, 350, -1, -1, -1, -1, -1, -1, -1, 337, -1, -1, -1, -1, -1, -1, -1, -1, -1, -1, -1, -1, -1, -1, -1, 399, 232, -1, -1, 297, 154, -1, -1, -1, -1, -1, -1, -1, -1, -1, 199, -1, 255, -1, -1, 230, -1, -1, -1, 287, -1, -1, 258, 118, -1, -1, -1, -1, 170, 208, -1, -1, -1, 164, -1, -1, 232, -1, 79, 113, -1, -1, -1, -1, 117, -1, -1, -1, -1, -1, -1, -1, -1, -1, -1, -1, -1, -1, -1, -1, -1, -1, -1, -1, -1, -1, -1, 206, 281, -1, -1, -1, 127, 152, 460, -1, 148, -1, -1, -1, -1, 447, 209, -1, -1, 232, -1, -1, 242, -1, 485, -1, 306, -1, 125, -1, -1, 304, 252, -1, -1, 138, -1, -1, -1, 369, -1, -1, -1, 329, -1, -1, -1, -1, 415, -1, 157, -1, -1, -1, -1, -1, -1, -1, -1, 273, -1, -1, -1, -1, 124, -1, -1, -1, -1, -1, -1, -1, -1, -1, -1, 109, -1, 190, -1, 338, -1, -1, -1, -1, -1, -1, 145, -1, 147, -1, -1, -1, -1, -1, -1, 219, -1, -1, -1, 183, -1, 298, -1, -1, -1, -1, -1, 93, -1, -1, -1, -1, 108, 222, -1, -1, -1, 138, -1, 79, 242, -1, -1, 124, -1, -1, -1, -1, 157, -1, -1, -1, -1, -1, -1, -1, -1, -1, -1, -1, -1, -1, -1, -1, -1, 278, -1, -1, 308, 148, -1, -1, -1, 258, -1, 200, -1, 210, -1, -1, -1, -1, 128, 100, -1, -1, -1, 71, -1, 113, -1, -1, 124, -1, -1, -1, -1, -1, 230, -1, 212, -1, -1, 259, 295, -1, -1, 313, -1, -1, -1, -1, -1, -1, 310, -1, 306, -1, -1, -1, -1, 422, 471, -1, -1, -1, -1, -1, 78, -1, 341, -1, -1, -1, -1, 103, -1, -1, -1, -1, 485, -1, -1, -1, -1, -1, 180, -1, -1, -1, -1, -1, -1, -1, -1, 365, -1, -1, -1, 142, -1, -1, -1, 488, -1, -1, -1, -1, -1, -1, 92, 415, -1, -1, -1, -1, -1, -1, -1, 190, -1, -1, -1, -1, 16, -1, -1, -1, -1, -1, -1, 109, -1, -1, -1, -1, -1, 101, -1, 428, -1, -1, -1, -1, -1, -1, 188, -1, 232, -1, -1, -1, -1, -1, -1, 228, -1, -1, -1, -1, -1, 262, 348, -1, -1, -1, 375, -1, 160, -1, 162, -1, -1, -1, -1, 168, -1, -1, -1, -1, 306, -1, -1, -1, 180, -1, -1, -1, -1, -1, -1, -1, -1, -1, -1, 186, -1, -1, -1, 101, -1, -1, -1, -1, -1, -1, -1, -1, -1, -1, 45, 317, -1, -1, -1, -1, -1, -1, -1, 89, -1, -1, 417, -1, 87, -1, -1, -1, -1, -1, -1, 190, -1, -1, -1, 101, -1, -1, -1, -1, -1, -1, -1, -1, -1, -1, 196, -1, 269, -1, -1, -1, -1, -1, -1, 195, -1, -1, -1, -1, -1, 287, -1, -1, -1, -1, 146, 104, -1, -1, 271, -1, 265, -1, -1, -1, 218, -1, -1, 117, 125, -1, 157, 230, -1, -1, -1, -1, -1, -1, -1, -1, 250, -1, -1, 256, -1, -1, -1, -1, -1, -1, -1, -1, -1, -1, -1, -1, 90, 223, -1, -1, -1, -1, -1, -1, -1, -1, -1, -1, -1, -1, 286, -1, 437, -1, -1, 298, 399, -1, -1, 338, -1, -1, -1, 428, -1, -1, -1, -1, 268, -1, -1, 143, -1, -1, 259, -1, 196, -1, -1, -1, -1, -1, -1, 296, -1, -1, 179, 173, -1, -1, -1, -1, -1, 224, -1, -1, -1, -1, -1, -1, 242, 132, -1, -1, -1, 178, 232, -1, -1, -1, -1, 212, -1, -1, -1, -1, -1, 268, -1, -1, -1, 125, 135, -1, -1, -1, -1, -1, -1, -1, -1, -1, 194, -1, 230, -1, -1, -1, -1, -1, 163, -1, 286, -1, 179, -1, -1, -1, -1, 177, -1, -1, -1, -1, 96, -1, -1, -1, 304, -1, -1, -1, -1, -1, -1, -1, -1, -1, -1, -1, 56, -1, -1, -1, -1, -1, -1, -1, -1, 307, 269, 174, -1, -1, -1, 209, -1, -1, -1, -1, 170, -1, 299, -1, 126, -1, -1, -1, -1, 229, -1, -1, -1, -1, 45, -1, -1, -1, 252, -1, -1, -1, -1, -1, -1, -1, 250, -1, -1, 56, -1, -1, -1, -1, -1, -1, -1, -1, 369, 313, 280, 195, -1, -1, -1, 208, 57, 140, -1, -1, -1, -1, -1, -1, -1, -1, -1, -1, -1, -1, 221, 219, -1, -1, -1, 196, 297, -1, -1, -1, -1, 259, -1, -1, -1, -1, -1, 143, 125, -1, -1, -1, 250, -1, -1, -1, -1, -1, -1, -1, -1, -1, 316, -1, -1, -1, 297, -1, -1, -1, -1, -1, -1, 197, -1, -1, -1, -1, -1, -1, -1, 196, -1, -1, -1, 288, 154, -1, -1, -1, -1, 295, -1, -1, -1, -1, -1, -1, 135, -1, -1, 250, -1, -1, -1, -1, -1, -1, -1, -1, -1, -1, 73, -1, 127, -1, -1, -1, -1, 123, 323, -1, -1, -1, 245, 239, 330, 355, 36, -1, -1, -1, -1, 347, 314, -1, -1, -1, 138, -1, -1, -1, 365, -1, 186, -1, 256, -1, -1, -1, -1, -1, -1, -1, -1, -1, -1, 270, -1, -1, -1, 368, -1, -1, -1, -1, -1, -1, 151, -1, -1, -1, -1, -1, -1, 380, -1, 241, -1, -1, 282, -1, 192, -1, -1, -1, -1, -1, -1, 145, -1, -1, -1, 188, -1, 196, -1, 259, -1, -1, -1, -1, -1, -1, -1, -1, 88, -1, -1, -1, -1, -1, -1, 85, -1, -1, -1, -1, -1, -1, -1, 72, 251, 185, -1, -1, -1, -1, -1, -1, -1, 298, -1, -1, -1, -1, -1, -1, -1, -1, -1, 313, -1, -1, -1, -1, -1, -1, -1, -1, -1, -1, -1, -1, -1, -1, -1, -1, 73, 210, 244, -1, -1, -1, 267, 227, 269, 295, 224, -1, -1, -1, -1, -1, -1, -1, -1, 325, -1, -1, -1, -1, 241, -1, -1, -1, -1, -1, -1, 147, -1, -1, -1, 232, -1, 269, -1, 196, -1, -1, -1, -1, -1, -1, 88, -1, -1, -1, -1, -1, -1, -1, -1, 165, -1, -1, -1, -1, -1, 361, 330, -1, -1, -1, -1, -1, 170, -1, 239, -1, -1, -1, -1, 78, -1, -1, -1, -1, 369, -1, -1, -1, 142, -1, 101, -1, -1, -1, -1, -1, -1, -1, -1, 270, -1, -1, -1, -1, -1, -1, -1, 348, -1, -1, -1, -1, -1, -1, -1, -1, -1, 145, 184, 257, -1, -1, -1, -1, -1, -1, -1, 370, -1, -1, -1, -1, -1, -1, -1, -1, -1, -1, -1, -1, -1, -1, -1, -1, -1, -1, 369, -1, -1, -1, -1, 73, -1, -1, -1, 141, 181, -1, -1, -1, 331, 183, -1, -1, -1, -1, -1, 281, 44, -1, -1, -1, -1, -1, -1, 276, -1, -1, -1, -1, 348, -1, -1, -1, -1, -1, -1, -1, -1, -1, -1, -1, -1, -1, -1, 307, 313, -1, -1, -1, -1, 210, -1, -1, 141, -1, 46, -1, -1, -1, -1, 106, -1, -1, -1, -1, -1, 313, 20, -1, -1, -1, -1, -1, -1, 230, -1, -1, -1, -1, 318, -1, -1, -1, -1, -1, -1, -1, -1, -1, -1, -1, -1, -1, -1, 269, 280, -1, -1, -1, -1, 244, -1, -1, 181, 46, -1, -1, -1, -1, -1, 84, -1, -1, -1, -1, 48, -1, -1, -1, 246, -1, -1, -1, 340, 276, -1, -1, -1, 395, 194, -1, -1, -1, 329, -1, -1, -1, 488, -1, -1, -1, -1, -1, -1, 174, 195, -1, -1, 368, -1, -1, -1, 348, -1, -1, -1, -1, -1, -1, 811, -1, -1, -1, -1, -1, -1, 254, -1, 163, -1, -1, -1, -1, -1, -1, -1, 212, -1, -1, -1, 319, 199, -1, -1, -1, -1, 310, -1, -1, -1, -1, -1, -1, 194, -1, -1, 316, 73, -1, -1, -1, -1, -1, -1, -1, -1, -1, -1, -1, 57, -1, -1, 259, 157, 299, -1, -1, 821, -1, -1, -1, -1, 206, -1, -1, 228, -1, 226, -1, -1, -1, -1, -1, -1, 219, 278, -1, -1, 228, -1, 195, -1, 296, -1, -1, -1, -1, -1, -1, 85, -1, 165, -1, -1, -1, -1, -1, -1, -1, -1, -1, -1, -1, -1, -1, -1, 206, -1, 130, -1, -1, -1, -1, -1, -1, -1, 216, -1, -1, -1, 328, 255, -1, -1, -1, -1, 306, -1, -1, -1, -1, -1, -1, 230, -1, -1, -1, 127, -1, -1, 267, -1, -1, 331, -1, -1, 811, 57, -1, -1, -1, -1, -1, -1, -1, -1, 286, 104, -1, -1, -1, -1, -1, -1, 228, -1, -1, -1, -1, 242, -1, -1, -1, -1, -1, -1, -1, -1, -1, -1, -1, -1, -1, -1, 209, 208, -1, -1, -1, -1, 227, -1, -1, 183, 106, 84, -1, -1, -1, -1, -1 ]);


%% Successor variables: succ[i] = next location after i in the tour.
array[Locations] of var Locations: succ;

%% Only use allowed legs (edges present in the transport network).
constraint forall(loc1, loc2 in Locations)(
  travelTime[loc1, loc2] < 0 -> succ[loc1] != loc2
);

%% Successors must form a Hamiltonian circuit.
constraint circuit(succ);

%% Variable for the length of the longest leg.
var 1..maxLegLen: maxleg;

%% Link maxleg to actual travel times used in the tour.
constraint forall(loc1, loc2 in Locations)(
  succ[loc1] = loc2 -> maxleg >= travelTime[loc1, loc2]
);

solve :: int_search(succ, input_order, indomain_min, complete)
      minimize maxleg;

output [
  "succ = ", show(succ), "\n",
  "maxleg = ", show(maxleg), "\n"
];
