%% Circuit-constraint benchmark instance
%% Generated by generate_instances.py
%% Method: Francis & Stuckey (2014) "Explaining circuit propagation"
%%
%% Model: minimise the length of the longest leg (maxleg).
%%        Successor variables must form a Hamiltonian circuit using only
%%        edges present in the transport network (travelTime >= 0).
%%        This matches the MiniZinc model in Figure 1 of the paper.
%%
%% Instance parameters
%%   n              = 50
%%   k              = 10
%%   seed           = 60
%%   knn_edges      = 301   (undirected edges from k-nearest step)
%%   walk_edges     = 2  (undirected edges added by random walk)
%%   total_edges    = 303
%%   walk_fraction  = 0.0066  (walk_edges / total_edges)
%%
%% NOTE: a walk_fraction above 0.20 may indicate a near-degenerate instance
%%       in which the random walk dominates the graph structure.

include "globals.mzn";

int: n = 50;
set of int: Locations = 1..n;

%% Maximum possible travel time; used as the upper bound for maxleg.
int: maxLegLen = 704;

%% Travel times between locations (–1 means no direct connection exists).
array[Locations, Locations] of int: travelTime =
  array2d(Locations, Locations, [ -1, 234, -1, -1, -1, 224, 226, -1, -1, -1, 206, -1, -1, 288, -1, -1, -1, -1, -1, -1, 85, 257, -1, -1, -1, 23, -1, -1, 196, -1, 203, 158, -1, -1, -1, -1, -1, -1, -1, -1, 171, 208, -1, -1, -1, 327, -1, -1, 81, -1, 234, -1, -1, -1, -1, -1, 30, 257, -1, -1, -1, -1, -1, -1, -1, 134, 166, -1, -1, -1, -1, 112, -1, -1, -1, 257, -1, 282, 134, -1, -1, -1, -1, -1, -1, -1, 283, -1, -1, -1, -1, 264, -1, -1, -1, 264, -1, -1, 258, -1, -1, -1, -1, -1, -1, -1, -1, -1, -1, -1, 228, -1, -1, -1, 195, -1, -1, -1, -1, 276, 219, -1, 349, 258, -1, -1, -1, -1, -1, -1, 264, 136, -1, -1, 233, -1, -1, -1, -1, 371, 128, -1, -1, -1, -1, -1, 11, -1, -1, 244, -1, -1, -1, -1, 132, -1, -1, -1, -1, 293, -1, 363, -1, -1, -1, -1, -1, -1, -1, -1, -1, -1, -1, -1, -1, -1, 87, 354, -1, 167, -1, -1, -1, -1, -1, -1, -1, 217, 142, -1, -1, 421, 266, -1, 286, -1, -1, -1, -1, -1, -1, -1, -1, 132, -1, -1, -1, -1, -1, 231, -1, 279, -1, -1, -1, -1, -1, -1, -1, -1, -1, -1, -1, -1, -1, -1, 168, -1, -1, 298, -1, -1, -1, -1, 326, -1, -1, 117, 111, -1, -1, -1, 142, -1, 322, -1, -1, -1, -1, -1, 224, -1, -1, -1, -1, -1, -1, -1, 86, -1, -1, -1, 117, 242, 184, -1, -1, -1, -1, -1, 169, -1, -1, -1, 10, 211, -1, -1, -1, -1, -1, 204, -1, -1, -1, 167, -1, -1, -1, 322, 192, -1, -1, 191, -1, -1, -1, -1, 168, -1, 226, 30, -1, -1, -1, -1, -1, 230, -1, -1, -1, -1, -1, -1, -1, 152, 156, -1, -1, -1, -1, 141, -1, -1, -1, 249, -1, -1, 105, -1, -1, -1, -1, -1, -1, -1, 269, -1, -1, -1, -1, -1, -1, -1, -1, 235, -1, -1, 241, -1, -1, 257, -1, -1, -1, -1, 230, -1, -1, -1, -1, -1, -1, 224, -1, 305, 163, -1, -1, -1, -1, -1, -1, -1, -1, -1, -1, -1, 176, -1, -1, -1, -1, -1, -1, 311, 152, -1, -1, -1, -1, -1, -1, -1, -1, 67, -1, -1, 326, -1, -1, -1, -1, -1, -1, 86, -1, -1, -1, -1, -1, -1, 59, -1, 143, -1, -1, -1, -1, -1, 241, -1, -1, -1, 84, -1, -1, -1, -1, -1, -1, -1, -1, -1, -1, 213, -1, -1, -1, 241, 237, -1, -1, 167, -1, -1, -1, -1, 254, -1, -1, -1, -1, 293, 231, -1, -1, -1, -1, -1, 166, 85, -1, -1, -1, -1, -1, -1, -1, -1, -1, -1, -1, -1, -1, -1, 370, 184, -1, 435, 144, -1, -1, -1, 146, -1, -1, 324, 151, -1, -1, 136, 173, -1, 215, -1, -1, -1, -1, -1, 206, -1, 228, -1, -1, -1, -1, -1, -1, 166, -1, 88, -1, -1, -1, -1, -1, -1, -1, -1, 204, -1, -1, -1, -1, 197, -1, 285, -1, -1, 37, 174, -1, -1, 44, -1, -1, -1, -1, -1, 193, 118, 249, -1, -1, -1, 220, -1, -1, -1, -1, -1, -1, 363, 279, -1, -1, -1, -1, 85, 88, -1, -1, -1, -1, -1, -1, -1, -1, -1, -1, -1, -1, -1, -1, 277, 433, 243, -1, 513, 79, 261, -1, -1, 62, -1, -1, 350, 222, -1, -1, 121, 176, -1, 292, -1, -1, -1, -1, -1, -1, -1, -1, -1, -1, 117, -1, -1, 59, -1, -1, -1, -1, 279, 196, -1, -1, -1, -1, -1, 285, -1, -1, -1, 110, -1, -1, -1, -1, -1, -1, -1, -1, -1, -1, 190, -1, -1, -1, 253, -1, -1, -1, 111, -1, -1, -1, -1, 279, -1, 288, -1, -1, -1, -1, 242, -1, 224, -1, -1, -1, -1, 279, -1, -1, -1, 352, -1, -1, -1, -1, -1, -1, -1, 235, -1, -1, -1, 210, -1, -1, -1, -1, -1, -1, 89, 375, -1, -1, -1, -1, -1, -1, 232, -1, 157, -1, -1, 212, -1, -1, -1, 195, -1, -1, 184, -1, -1, 143, -1, -1, -1, 196, -1, -1, -1, -1, -1, -1, -1, 253, -1, -1, 304, 190, -1, -1, -1, -1, -1, -1, 217, -1, -1, -1, -1, -1, -1, -1, 195, 196, -1, -1, 307, -1, -1, 206, -1, -1, -1, -1, 134, -1, -1, -1, -1, 152, 305, -1, -1, -1, -1, -1, -1, -1, -1, 151, -1, -1, -1, -1, 154, -1, -1, -1, -1, -1, 289, 249, -1, -1, -1, -1, -1, -1, -1, 258, -1, -1, -1, -1, 346, -1, -1, -1, 339, -1, -1, -1, -1, -1, 166, -1, -1, -1, -1, 156, 163, -1, -1, -1, -1, -1, 352, -1, 151, -1, -1, -1, -1, -1, 260, -1, -1, -1, -1, -1, -1, 190, -1, -1, -1, -1, -1, -1, -1, 119, -1, -1, -1, -1, -1, -1, -1, -1, 211, -1, -1, 365, -1, -1, -1, -1, -1, -1, -1, -1, -1, -1, -1, -1, -1, -1, -1, -1, -1, -1, -1, 74, 270, -1, -1, 308, 363, -1, -1, -1, -1, -1, -1, -1, -1, 111, 52, -1, -1, -1, 377, -1, -1, -1, -1, 387, -1, -1, -1, -1, 92, -1, 258, -1, -1, -1, -1, -1, -1, -1, -1, -1, -1, -1, -1, -1, -1, -1, -1, -1, 74, -1, 198, -1, -1, 245, 291, -1, -1, -1, 704, -1, -1, -1, -1, 171, 39, -1, -1, -1, -1, -1, -1, -1, -1, 374, -1, -1, -1, 382, 101, -1, 185, -1, -1, 276, -1, -1, -1, -1, -1, -1, -1, -1, -1, -1, -1, -1, -1, -1, 270, 198, -1, -1, -1, 89, 93, -1, -1, -1, -1, -1, -1, -1, -1, 344, 234, -1, -1, -1, -1, -1, -1, -1, -1, -1, -1, -1, -1, 276, 279, -1, 45, 85, -1, 219, -1, -1, 169, -1, -1, 241, -1, 204, -1, 285, -1, 253, -1, -1, -1, -1, -1, -1, -1, -1, -1, 177, 62, -1, -1, -1, -1, 216, 85, -1, -1, -1, 273, -1, -1, -1, -1, 92, 250, -1, 354, -1, -1, 221, -1, 104, -1, 257, 112, -1, -1, -1, -1, 141, -1, -1, -1, -1, -1, -1, -1, -1, 154, 260, -1, -1, -1, -1, -1, -1, -1, -1, -1, -1, 170, 235, -1, 269, -1, -1, -1, -1, -1, 379, -1, -1, -1, -1, 192, -1, -1, 259, -1, -1, -1, -1, -1, -1, -1, 349, -1, -1, -1, -1, -1, -1, -1, -1, -1, -1, -1, -1, -1, -1, 308, 245, 89, -1, -1, -1, 106, -1, -1, -1, -1, -1, -1, -1, -1, 357, 284, -1, -1, -1, -1, -1, -1, -1, -1, -1, -1, -1, -1, 350, 339, -1, 134, -1, -1, 258, -1, -1, -1, -1, -1, -1, -1, -1, -1, -1, -1, 304, -1, -1, 363, 291, 93, -1, -1, 106, -1, -1, -1, -1, -1, -1, -1, -1, -1, 433, 326, -1, -1, -1, -1, -1, 352, -1, -1, -1, -1, -1, -1, 261, 368, -1, 117, -1, -1, -1, -1, -1, 10, -1, -1, 84, -1, -1, -1, 110, 235, 190, -1, -1, -1, -1, -1, 177, -1, -1, -1, -1, -1, -1, -1, -1, -1, -1, 215, -1, -1, -1, 158, -1, -1, -1, 323, 202, -1, -1, 181, -1, -1, -1, -1, 172, -1, 23, 257, -1, -1, -1, 211, 249, -1, -1, -1, 197, 277, -1, -1, -1, -1, -1, -1, -1, -1, 62, -1, -1, -1, -1, -1, -1, -1, 217, -1, 199, 135, -1, -1, -1, -1, -1, -1, -1, -1, 148, 213, -1, -1, -1, -1, -1, -1, 84, -1, -1, -1, -1, 87, 168, -1, -1, -1, -1, 370, -1, 433, -1, -1, -1, -1, -1, -1, -1, -1, -1, -1, -1, -1, -1, -1, -1, 442, -1, 163, -1, -1, -1, -1, -1, -1, -1, 205, 219, -1, -1, -1, 310, -1, 372, -1, -1, -1, -1, -1, -1, 282, -1, 354, -1, -1, -1, -1, -1, 184, 285, 243, -1, -1, -1, 289, -1, -1, 704, -1, -1, 170, -1, -1, -1, -1, 442, -1, -1, 438, 249, -1, -1, -1, -1, -1, -1, -1, 249, -1, -1, 175, -1, -1, 96, -1, -1, -1, -1, -1, 196, 134, -1, -1, -1, -1, 105, 176, -1, -1, -1, -1, -1, 210, -1, 249, 190, -1, -1, -1, -1, 235, -1, -1, -1, 217, -1, -1, -1, -1, -1, -1, -1, -1, -1, 265, 273, -1, -1, -1, -1, -1, -1, -1, -1, 154, -1, -1, 176, -1, -1, -1, -1, 167, 298, -1, -1, -1, -1, 435, -1, 513, -1, -1, -1, -1, -1, -1, -1, -1, -1, -1, -1, -1, -1, -1, 163, 438, -1, -1, -1, -1, -1, -1, -1, -1, -1, 364, 293, -1, -1, -1, 433, -1, 348, -1, -1, -1, -1, -1, 203, -1, 264, -1, -1, -1, -1, -1, -1, 144, 37, 79, -1, -1, -1, -1, -1, -1, -1, -1, 216, 269, -1, -1, -1, 199, -1, 249, -1, -1, -1, 199, -1, -1, 63, -1, -1, -1, -1, -1, 219, 82, 253, -1, 319, -1, 256, -1, -1, -1, 158, -1, 136, -1, -1, 204, -1, -1, -1, -1, 174, 261, -1, -1, 217, -1, -1, -1, -1, -1, 85, -1, -1, -1, 215, 135, -1, -1, -1, -1, 199, -1, -1, -1, 204, -1, -1, -1, -1, -1, 21, -1, -1, -1, -1, -1, 136, -1, 189, -1, -1, -1, -1, -1, -1, -1, -1, -1, -1, -1, -1, -1, -1, -1, -1, -1, -1, 111, 171, 344, -1, -1, 357, 433, -1, -1, -1, -1, -1, -1, -1, -1, -1, 162, -1, -1, -1, 449, -1, -1, -1, -1, 487, -1, -1, -1, -1, 198, -1, 344, -1, -1, -1, -1, -1, -1, -1, -1, -1, -1, -1, -1, -1, -1, -1, -1, -1, 52, 39, 234, -1, -1, 284, 326, -1, -1, -1, -1, -1, -1, -1, -1, 162, -1, -1, -1, -1, 364, -1, -1, -1, -1, 352, -1, -1, -1, -1, 66, -1, 216, -1, -1, 233, -1, 326, -1, -1, -1, -1, 146, 44, 62, -1, -1, -1, -1, -1, -1, -1, -1, -1, -1, -1, -1, -1, -1, -1, -1, -1, -1, 63, 204, -1, -1, -1, -1, -1, -1, 280, -1, 222, 140, 206, -1, -1, -1, 224, -1, -1, -1, -1, -1, -1, -1, -1, 167, -1, 311, 213, -1, -1, -1, 190, 89, -1, -1, -1, -1, -1, -1, 273, -1, -1, -1, 158, -1, -1, -1, 265, -1, -1, -1, -1, -1, -1, -1, -1, -1, -1, -1, -1, -1, -1, 153, -1, 244, -1, -1, 198, -1, -1, 283, -1, -1, -1, -1, 269, 152, -1, -1, -1, -1, -1, 375, -1, 258, 119, -1, -1, -1, -1, 379, -1, -1, -1, -1, -1, -1, 273, -1, -1, -1, -1, -1, -1, -1, -1, -1, -1, -1, -1, -1, -1, -1, -1, 219, -1, -1, 446, -1, -1, -1, -1, 217, 117, -1, -1, -1, -1, 324, -1, 350, -1, -1, -1, -1, -1, 377, -1, -1, -1, -1, -1, -1, -1, -1, 205, -1, -1, 364, -1, -1, 449, 364, -1, -1, -1, -1, 227, -1, -1, -1, 178, -1, -1, -1, -1, 298, -1, -1, -1, -1, -1, 142, 111, -1, -1, -1, -1, 151, -1, 222, -1, -1, -1, -1, -1, -1, -1, -1, -1, -1, -1, -1, -1, -1, 219, 249, -1, 293, -1, -1, -1, -1, 280, -1, -1, 227, -1, -1, -1, -1, 167, -1, 213, -1, -1, -1, -1, -1, -1, -1, 371, -1, -1, 322, -1, -1, 241, -1, -1, -1, 253, -1, 195, -1, -1, -1, -1, -1, -1, -1, -1, 352, 323, -1, -1, -1, -1, -1, -1, -1, -1, -1, -1, -1, -1, -1, -1, -1, 390, -1, -1, 336, -1, -1, 382, -1, -1, -1, 171, -1, 128, -1, -1, 192, -1, -1, 237, -1, 193, -1, -1, -1, 196, -1, -1, -1, -1, -1, 92, -1, -1, -1, 202, 148, -1, -1, -1, -1, 219, 21, -1, -1, 222, -1, -1, -1, -1, 390, -1, -1, -1, -1, -1, -1, 130, -1, 194, -1, 208, 264, -1, 421, -1, -1, -1, -1, -1, 136, 118, 121, -1, -1, -1, 346, -1, -1, -1, -1, 250, 192, -1, -1, -1, 213, -1, 175, -1, -1, 82, -1, -1, -1, 140, -1, -1, -1, -1, -1, -1, -1, 290, -1, 255, -1, -1, -1, -1, -1, -1, -1, -1, 266, 142, -1, -1, -1, -1, 173, 249, 176, -1, -1, -1, -1, -1, 387, 374, -1, -1, -1, -1, -1, -1, -1, 310, -1, -1, 433, 253, -1, 487, 352, 206, -1, -1, 178, 167, -1, -1, 290, -1, -1, -1, -1, -1, 294, -1, -1, -1, -1, -1, -1, -1, 191, -1, -1, 167, -1, -1, -1, 111, 232, 307, -1, -1, -1, -1, -1, 354, -1, -1, -1, 181, -1, -1, -1, -1, -1, -1, -1, -1, -1, -1, 153, -1, -1, -1, 336, -1, -1, -1, -1, -1, -1, -1, -1, 315, -1, -1, -1, -1, 286, 322, -1, -1, -1, -1, 215, -1, 292, -1, -1, -1, -1, -1, -1, -1, -1, -1, 259, -1, -1, -1, -1, 372, 96, -1, 348, 319, -1, -1, -1, -1, -1, -1, -1, 213, -1, -1, 255, -1, -1, -1, -1, -1, -1, -1, -1, 327, 264, -1, -1, -1, -1, 235, 67, -1, -1, -1, -1, -1, 157, -1, 339, 211, -1, -1, -1, -1, -1, -1, -1, -1, -1, -1, -1, 154, -1, -1, -1, -1, -1, -1, 244, 219, -1, -1, -1, -1, -1, -1, -1, -1, -1, -1, -1, 276, -1, -1, -1, 11, -1, -1, -1, -1, -1, -1, -1, 220, -1, -1, -1, 206, -1, -1, -1, 382, 276, 221, -1, 350, 261, -1, -1, -1, -1, -1, -1, 256, 136, -1, -1, 224, -1, -1, -1, -1, 382, 130, -1, -1, -1, -1, -1, -1, -1, -1, 243, -1, -1, -1, -1, -1, -1, -1, -1, -1, -1, -1, -1, -1, -1, -1, -1, -1, 92, 101, 279, -1, -1, 339, 368, -1, -1, -1, -1, -1, -1, -1, -1, 198, 66, -1, -1, -1, 298, -1, -1, -1, -1, 294, -1, -1, -1, -1, -1, -1, 253, 81, 258, -1, -1, -1, 168, 241, 326, 254, -1, -1, -1, 279, 212, -1, -1, 365, -1, -1, -1, 104, -1, -1, -1, 172, 84, -1, -1, 176, -1, -1, 189, -1, -1, -1, 198, 446, -1, -1, -1, 194, -1, -1, 315, -1, 276, -1, -1, -1, -1, -1, -1, 244, -1, -1, -1, -1, -1, -1, -1, -1, -1, -1, -1, -1, -1, -1, 258, 185, 45, -1, -1, 134, 117, -1, -1, -1, -1, -1, -1, -1, -1, 344, 216, -1, -1, -1, -1, -1, -1, -1, -1, -1, -1, -1, -1, 243, 253, -1, -1 ]);


%% Successor variables: succ[i] = next location after i in the tour.
array[Locations] of var Locations: succ;

%% Only use allowed legs (edges present in the transport network).
constraint forall(loc1, loc2 in Locations)(
  travelTime[loc1, loc2] < 0 -> succ[loc1] != loc2
);

%% Successors must form a Hamiltonian circuit.
constraint circuit(succ);

%% Variable for the length of the longest leg.
var 1..maxLegLen: maxleg;

%% Link maxleg to actual travel times used in the tour.
constraint forall(loc1, loc2 in Locations)(
  succ[loc1] = loc2 -> maxleg >= travelTime[loc1, loc2]
);

solve :: int_search(succ, input_order, indomain_min, complete)
      minimize maxleg;

output [
  "succ = ", show(succ), "\n",
  "maxleg = ", show(maxleg), "\n"
];
