%% Circuit-constraint benchmark instance
%% Generated by generate_instances.py
%% Method: Francis & Stuckey (2014) "Explaining circuit propagation"
%%
%% Model: minimise the length of the longest leg (maxleg).
%%        Successor variables must form a Hamiltonian circuit using only
%%        edges present in the transport network (travelTime >= 0).
%%        This matches the MiniZinc model in Figure 1 of the paper.
%%
%% Instance parameters
%%   n              = 50
%%   k              = 10
%%   seed           = 49
%%   knn_edges      = 301   (undirected edges from k-nearest step)
%%   walk_edges     = 3  (undirected edges added by random walk)
%%   total_edges    = 304
%%   walk_fraction  = 0.0099  (walk_edges / total_edges)
%%
%% NOTE: a walk_fraction above 0.20 may indicate a near-degenerate instance
%%       in which the random walk dominates the graph structure.

include "globals.mzn";

int: n = 50;
set of int: Locations = 1..n;

%% Maximum possible travel time; used as the upper bound for maxleg.
int: maxLegLen = 527;

%% Travel times between locations (–1 means no direct connection exists).
array[Locations, Locations] of int: travelTime =
  array2d(Locations, Locations, [ -1, 342, -1, 323, 332, -1, -1, -1, 330, -1, -1, -1, -1, -1, -1, 158, -1, -1, 190, -1, -1, -1, -1, 229, -1, -1, -1, -1, -1, 127, -1, -1, 36, -1, -1, -1, -1, -1, -1, -1, 185, -1, -1, -1, -1, -1, -1, -1, -1, -1, 342, -1, -1, 68, 48, -1, -1, -1, -1, -1, -1, 347, -1, -1, 97, -1, -1, -1, -1, -1, -1, -1, -1, -1, 192, -1, -1, -1, -1, 336, -1, -1, 345, -1, -1, -1, -1, -1, 291, -1, -1, -1, 222, -1, -1, -1, -1, -1, -1, -1, -1, -1, -1, -1, -1, -1, -1, -1, 277, -1, -1, -1, -1, -1, -1, -1, 282, 174, -1, -1, -1, -1, -1, -1, -1, 318, 372, -1, 185, -1, 233, -1, -1, -1, -1, 227, -1, -1, -1, -1, -1, -1, -1, -1, -1, 91, -1, -1, 136, 294, 323, 68, -1, -1, 110, -1, -1, -1, -1, -1, -1, -1, -1, -1, 165, -1, -1, -1, 365, -1, -1, -1, -1, -1, 210, -1, -1, -1, -1, 343, -1, -1, 334, -1, -1, -1, -1, -1, 358, -1, -1, -1, 280, -1, -1, -1, -1, -1, -1, -1, 332, 48, -1, 110, -1, -1, -1, -1, -1, -1, -1, 324, -1, -1, 64, -1, -1, -1, 313, -1, -1, -1, -1, -1, 219, -1, -1, -1, -1, 310, -1, -1, 331, -1, -1, -1, 328, -1, 263, -1, -1, -1, 212, -1, -1, -1, -1, -1, -1, -1, -1, -1, -1, -1, -1, -1, 246, 119, -1, -1, 275, -1, 157, -1, -1, -1, 189, -1, -1, 190, 181, -1, 91, -1, -1, -1, 144, 75, -1, -1, -1, -1, -1, 268, 335, -1, 224, 292, -1, 220, -1, 83, -1, -1, -1, -1, -1, 243, -1, 200, -1, -1, -1, -1, -1, 246, -1, -1, -1, -1, -1, -1, 243, -1, -1, -1, -1, -1, -1, 260, -1, 206, -1, -1, -1, -1, -1, 253, -1, -1, -1, -1, -1, 48, 94, -1, -1, 68, -1, 270, -1, -1, -1, 129, 169, -1, -1, -1, -1, -1, -1, -1, -1, -1, -1, 119, -1, -1, -1, 152, 239, -1, -1, -1, 521, -1, 85, 197, -1, -1, 76, -1, 144, -1, -1, 423, 122, 98, -1, -1, 281, -1, -1, -1, -1, 184, 208, -1, -1, -1, -1, 37, -1, -1, -1, -1, -1, -1, -1, 84, 330, -1, 277, -1, -1, -1, -1, -1, -1, 295, -1, -1, -1, -1, -1, 217, -1, 253, -1, -1, -1, -1, -1, 117, -1, -1, -1, -1, 102, 294, -1, -1, 306, -1, -1, -1, -1, -1, -1, -1, 145, -1, -1, -1, -1, 208, -1, -1, 170, -1, -1, -1, -1, -1, -1, -1, -1, 152, 295, -1, -1, -1, -1, -1, -1, 378, 182, 167, 179, -1, 77, -1, 208, -1, -1, -1, -1, -1, 317, 236, -1, -1, 322, -1, -1, -1, 150, -1, -1, -1, 274, 181, -1, -1, -1, 256, -1, -1, 352, 94, -1, -1, -1, -1, -1, 275, -1, 239, -1, -1, -1, -1, -1, -1, -1, -1, 184, -1, -1, -1, -1, -1, -1, -1, -1, 213, 132, 201, -1, -1, 123, -1, -1, -1, -1, 131, -1, -1, -1, -1, -1, 238, -1, -1, -1, -1, -1, -1, -1, 272, -1, 347, -1, -1, 324, -1, -1, -1, -1, -1, -1, -1, -1, 292, 261, -1, -1, -1, -1, -1, -1, -1, -1, -1, 314, -1, -1, -1, -1, -1, -1, 46, -1, -1, -1, -1, -1, -1, 71, 310, -1, -1, 145, -1, -1, -1, 172, 269, -1, -1, -1, -1, -1, -1, -1, 157, 243, -1, -1, -1, -1, -1, -1, 258, -1, -1, -1, -1, -1, 33, -1, 365, 139, -1, -1, -1, -1, 228, -1, -1, -1, 355, -1, 235, 334, -1, 253, 251, -1, 63, -1, 234, -1, 341, 360, -1, 252, 93, -1, -1, -1, -1, -1, -1, -1, -1, -1, -1, -1, -1, -1, 292, 258, -1, -1, -1, -1, -1, -1, 230, -1, 309, -1, -1, -1, -1, -1, -1, -1, -1, -1, 255, -1, 308, -1, -1, -1, 303, -1, 201, -1, -1, -1, 360, 343, -1, 122, 206, -1, -1, -1, 97, -1, 165, 64, -1, -1, 521, -1, -1, -1, 261, -1, -1, -1, -1, -1, -1, 337, -1, -1, -1, -1, -1, 210, -1, -1, -1, -1, -1, -1, 305, -1, -1, -1, -1, 317, -1, 199, -1, -1, -1, 157, -1, -1, -1, -1, -1, -1, -1, 158, -1, -1, -1, -1, -1, -1, -1, 217, 378, -1, -1, -1, -1, -1, -1, -1, -1, 263, -1, -1, -1, -1, 100, -1, -1, -1, -1, 319, 214, -1, -1, 157, -1, -1, -1, -1, -1, -1, -1, 109, -1, -1, -1, -1, -1, -1, -1, 386, -1, -1, -1, 282, -1, -1, 189, -1, 85, -1, 182, 184, -1, -1, -1, -1, -1, -1, 145, -1, -1, 113, -1, -1, -1, -1, 346, 112, 137, -1, -1, 201, -1, -1, -1, -1, 101, -1, -1, -1, -1, -1, 110, -1, -1, -1, 241, -1, -1, -1, 88, -1, -1, 174, -1, -1, -1, -1, 197, 253, 167, -1, -1, -1, -1, -1, -1, 145, -1, -1, -1, 157, -1, -1, -1, -1, 376, -1, -1, 218, -1, 238, -1, -1, -1, -1, 160, -1, -1, -1, -1, -1, -1, -1, -1, -1, 105, -1, -1, 225, 124, 190, -1, -1, 365, 313, -1, -1, -1, -1, 179, -1, -1, -1, -1, 337, 263, -1, -1, -1, -1, 252, -1, -1, 261, -1, -1, -1, -1, -1, 63, -1, -1, 155, -1, -1, -1, 175, -1, -1, -1, 192, -1, -1, -1, -1, -1, -1, -1, -1, 273, -1, -1, -1, -1, -1, 190, 260, -1, -1, -1, -1, -1, 33, 230, -1, -1, -1, -1, -1, -1, -1, 364, 164, -1, -1, -1, -1, -1, -1, -1, -1, 323, -1, 247, -1, -1, -1, 260, -1, 31, -1, -1, -1, 349, 364, -1, 219, 62, -1, -1, -1, -1, -1, -1, -1, 181, -1, 76, -1, 77, -1, -1, -1, -1, -1, -1, 113, 157, 252, -1, -1, -1, 170, -1, -1, -1, 193, 174, -1, -1, -1, -1, -1, -1, -1, 208, 173, -1, -1, -1, -1, 109, -1, -1, -1, 261, -1, -1, -1, 37, -1, -1, -1, -1, -1, -1, 206, -1, -1, -1, -1, -1, 365, 309, -1, -1, -1, -1, -1, 364, -1, -1, -1, -1, -1, -1, -1, -1, -1, -1, -1, -1, -1, 168, 173, -1, -1, 144, -1, 356, -1, -1, -1, 101, 56, -1, -1, -1, -1, -1, -1, -1, -1, -1, -1, 91, -1, 144, -1, 208, -1, -1, 139, -1, -1, -1, -1, -1, -1, 164, 170, -1, -1, -1, -1, -1, -1, 157, -1, -1, -1, -1, -1, -1, -1, -1, 142, -1, -1, 193, -1, 124, -1, -1, -1, -1, 365, 199, -1, -1, 229, -1, -1, -1, -1, -1, -1, -1, 117, -1, -1, -1, -1, -1, -1, 100, -1, -1, 261, -1, -1, -1, -1, -1, -1, -1, -1, -1, 219, 231, -1, -1, 213, -1, -1, -1, -1, -1, -1, -1, 68, -1, -1, -1, -1, 317, -1, -1, 286, -1, -1, 192, -1, 210, 219, -1, -1, -1, -1, -1, -1, 314, -1, -1, 210, -1, -1, -1, -1, -1, -1, -1, -1, -1, -1, -1, -1, -1, -1, 527, -1, 356, -1, -1, -1, -1, -1, -1, 294, -1, -1, -1, 173, -1, -1, -1, 482, -1, -1, -1, -1, -1, 318, -1, -1, -1, -1, 423, -1, -1, 213, -1, -1, -1, -1, -1, 346, 376, -1, -1, -1, -1, -1, -1, -1, -1, 340, 409, -1, -1, 147, -1, -1, -1, -1, 248, -1, -1, -1, -1, -1, -1, -1, -1, -1, 377, -1, -1, -1, -1, -1, -1, 372, -1, -1, 144, -1, 122, -1, -1, 132, -1, -1, -1, -1, -1, 112, -1, -1, -1, 193, -1, -1, -1, -1, 340, -1, 69, -1, -1, 217, -1, -1, -1, 345, 150, -1, -1, -1, -1, -1, 111, -1, -1, -1, -1, -1, -1, -1, 184, -1, -1, -1, -1, -1, 75, 253, 98, -1, -1, 201, -1, 228, -1, -1, -1, 137, -1, -1, -1, 174, -1, 157, -1, -1, 409, 69, -1, -1, -1, -1, -1, -1, -1, 331, 206, -1, -1, -1, -1, -1, 68, -1, -1, -1, -1, -1, -1, -1, 179, -1, -1, 185, -1, -1, -1, -1, -1, 102, 317, -1, -1, -1, -1, -1, 319, -1, 218, -1, -1, -1, -1, -1, 219, -1, -1, -1, -1, -1, -1, -1, -1, -1, -1, -1, -1, -1, -1, -1, -1, 243, -1, -1, -1, -1, 137, -1, -1, 68, 326, 127, 336, -1, 343, 310, -1, -1, -1, 294, 236, -1, -1, -1, -1, -1, 214, -1, -1, 63, -1, -1, -1, -1, 231, 527, -1, -1, -1, -1, -1, -1, -1, 92, -1, -1, -1, 236, -1, -1, -1, 165, -1, -1, -1, -1, -1, -1, -1, -1, -1, -1, -1, 233, -1, -1, -1, -1, 281, -1, -1, 123, -1, -1, -1, -1, -1, 201, 238, -1, -1, -1, -1, -1, -1, -1, 147, 217, -1, -1, -1, -1, -1, -1, -1, -1, 101, -1, -1, -1, -1, -1, -1, -1, -1, -1, 264, -1, -1, -1, 277, -1, -1, -1, -1, -1, -1, -1, -1, -1, -1, -1, 46, 355, 255, 305, -1, -1, -1, -1, 323, -1, -1, -1, -1, 356, -1, -1, -1, -1, -1, -1, -1, -1, -1, -1, -1, -1, -1, 110, 299, -1, -1, 190, -1, -1, -1, 139, 262, -1, -1, 36, 345, -1, 334, 331, -1, -1, -1, 306, 322, -1, -1, -1, -1, -1, 157, -1, -1, 155, -1, -1, -1, -1, 213, -1, -1, -1, -1, -1, 92, -1, -1, -1, -1, -1, -1, 326, -1, -1, -1, 161, -1, -1, -1, -1, -1, -1, -1, -1, -1, -1, -1, -1, -1, -1, 268, 48, -1, -1, -1, -1, -1, 235, 308, -1, -1, -1, -1, -1, 247, -1, 168, -1, -1, -1, -1, -1, -1, -1, -1, -1, -1, -1, -1, 106, -1, -1, 24, -1, 252, -1, -1, -1, 109, 139, -1, -1, -1, -1, -1, -1, -1, -1, -1, -1, 335, 94, -1, -1, -1, -1, -1, 334, -1, -1, -1, -1, -1, -1, -1, -1, 173, -1, -1, -1, -1, 345, 331, -1, -1, -1, -1, -1, 106, -1, -1, -1, 102, -1, -1, -1, -1, -1, 73, 120, -1, -1, -1, -1, -1, -1, -1, 227, -1, -1, -1, -1, 184, -1, -1, 131, -1, -1, -1, -1, -1, 101, 160, -1, -1, 208, -1, -1, -1, -1, 248, 150, 206, -1, -1, 101, -1, -1, -1, -1, -1, -1, -1, -1, -1, -1, 203, -1, -1, -1, 220, -1, -1, 339, 176, -1, -1, -1, -1, 328, 224, -1, 208, -1, 150, -1, -1, 253, -1, 317, -1, -1, -1, 175, -1, 173, -1, 142, -1, -1, -1, -1, -1, -1, 236, -1, -1, 326, -1, -1, -1, -1, -1, -1, -1, -1, 213, -1, -1, -1, 406, -1, -1, -1, 209, -1, -1, -1, -1, -1, 292, 68, -1, -1, -1, -1, -1, 251, 303, -1, -1, -1, -1, -1, 260, -1, 144, -1, -1, -1, -1, -1, -1, -1, -1, -1, -1, -1, 24, 102, -1, -1, -1, -1, 263, -1, -1, -1, 90, 116, -1, -1, -1, -1, -1, -1, 291, -1, 358, 263, -1, -1, -1, -1, -1, -1, 71, -1, -1, 199, -1, -1, -1, -1, -1, -1, -1, -1, -1, 294, -1, -1, -1, -1, -1, -1, 110, -1, -1, -1, -1, -1, -1, -1, 288, -1, -1, 122, -1, -1, -1, 196, 244, -1, -1, -1, -1, -1, -1, -1, 220, 270, -1, -1, -1, -1, 310, 63, 201, -1, -1, -1, -1, -1, 31, -1, 356, 193, -1, -1, -1, -1, -1, -1, -1, -1, 299, -1, 252, -1, -1, -1, 263, 288, -1, -1, -1, -1, 350, 361, -1, 189, 46, -1, -1, 185, -1, -1, -1, -1, -1, -1, -1, 145, 274, -1, -1, -1, -1, -1, 109, -1, -1, 192, -1, -1, -1, -1, 68, -1, -1, -1, -1, 243, 165, -1, -1, 161, -1, -1, -1, -1, -1, -1, -1, -1, -1, -1, -1, -1, -1, -1, -1, 311, -1, -1, -1, -1, -1, -1, 83, -1, 37, -1, 181, 238, -1, 234, -1, -1, -1, 110, -1, -1, -1, 109, -1, 124, -1, -1, -1, 111, 68, -1, -1, -1, -1, -1, -1, -1, 203, 213, -1, -1, -1, -1, -1, -1, -1, -1, -1, -1, -1, -1, 120, -1, 222, -1, 280, 212, -1, -1, -1, -1, -1, -1, 145, -1, -1, 157, -1, -1, -1, -1, -1, -1, -1, -1, -1, 173, -1, -1, -1, -1, -1, -1, 190, -1, -1, -1, -1, -1, -1, 122, -1, -1, -1, -1, -1, -1, -1, 310, 363, -1, -1, -1, -1, -1, -1, -1, -1, 129, -1, -1, -1, -1, -1, 341, 360, -1, -1, -1, -1, -1, 349, -1, 101, -1, -1, -1, -1, -1, -1, -1, -1, -1, -1, -1, 109, 73, -1, -1, 90, -1, 350, -1, -1, -1, -1, 47, -1, -1, -1, -1, -1, -1, -1, -1, -1, -1, -1, 169, -1, -1, -1, -1, -1, 360, 343, -1, -1, -1, -1, -1, 364, -1, 56, -1, -1, -1, -1, -1, -1, -1, -1, -1, -1, -1, 139, 120, -1, -1, 116, -1, 361, -1, -1, -1, 47, -1, -1, -1, -1, -1, -1, -1, -1, 91, -1, -1, -1, -1, -1, 208, 256, -1, -1, -1, -1, -1, -1, 241, 105, -1, -1, 261, -1, -1, 317, -1, 377, -1, -1, 137, -1, 264, -1, -1, -1, -1, 220, 406, -1, -1, -1, -1, -1, -1, -1, -1, -1, -1, -1, 124, 228, -1, -1, -1, -1, -1, -1, -1, -1, -1, -1, -1, 172, 252, 122, -1, -1, -1, -1, -1, 219, -1, -1, 365, -1, 482, -1, -1, -1, -1, -1, -1, 139, -1, -1, -1, -1, -1, -1, 196, 189, -1, -1, 310, -1, -1, -1, -1, 167, -1, -1, -1, -1, -1, -1, -1, 243, -1, -1, -1, -1, -1, 269, 93, 206, -1, -1, -1, -1, -1, 62, -1, -1, 199, -1, -1, -1, -1, -1, -1, -1, -1, 262, -1, -1, -1, -1, -1, -1, 244, 46, -1, -1, 363, -1, -1, -1, 167, -1, -1, -1, -1, -1, 136, -1, -1, -1, -1, -1, 170, 352, -1, -1, -1, -1, -1, 386, -1, 225, -1, -1, -1, -1, -1, 286, -1, -1, -1, -1, 68, -1, -1, -1, -1, -1, -1, 339, -1, -1, -1, -1, 311, -1, -1, -1, -1, 124, -1, -1, -1, 344, -1, -1, 294, -1, -1, 200, -1, 84, -1, 94, 272, -1, -1, -1, -1, -1, 88, 124, 273, -1, 37, -1, -1, -1, -1, -1, 184, 179, 326, -1, 277, -1, -1, -1, -1, 176, 209, -1, -1, -1, -1, 120, -1, -1, -1, 228, -1, -1, 344, -1 ]);


%% Successor variables: succ[i] = next location after i in the tour.
array[Locations] of var Locations: succ;

%% Only use allowed legs (edges present in the transport network).
constraint forall(loc1, loc2 in Locations)(
  travelTime[loc1, loc2] < 0 -> succ[loc1] != loc2
);

%% Successors must form a Hamiltonian circuit.
constraint circuit(succ);

%% Variable for the length of the longest leg.
var 1..maxLegLen: maxleg;

%% Link maxleg to actual travel times used in the tour.
constraint forall(loc1, loc2 in Locations)(
  succ[loc1] = loc2 -> maxleg >= travelTime[loc1, loc2]
);

solve :: int_search(succ, input_order, indomain_min, complete)
      minimize maxleg;

output [
  "succ = ", show(succ), "\n",
  "maxleg = ", show(maxleg), "\n"
];
