%% Circuit-constraint benchmark instance
%% Generated by generate_instances.py
%% Method: Francis & Stuckey (2014) "Explaining circuit propagation"
%%
%% Model: minimise the length of the longest leg (maxleg).
%%        Successor variables must form a Hamiltonian circuit using only
%%        edges present in the transport network (travelTime >= 0).
%%        This matches the MiniZinc model in Figure 1 of the paper.
%%
%% Instance parameters
%%   n              = 50
%%   k              = 10
%%   seed           = 48
%%   knn_edges      = 293   (undirected edges from k-nearest step)
%%   walk_edges     = 4  (undirected edges added by random walk)
%%   total_edges    = 297
%%   walk_fraction  = 0.0135  (walk_edges / total_edges)
%%
%% NOTE: a walk_fraction above 0.20 may indicate a near-degenerate instance
%%       in which the random walk dominates the graph structure.

include "globals.mzn";

int: n = 50;
set of int: Locations = 1..n;

%% Maximum possible travel time; used as the upper bound for maxleg.
int: maxLegLen = 824;

%% Travel times between locations (–1 means no direct connection exists).
array[Locations, Locations] of int: travelTime =
  array2d(Locations, Locations, [ -1, 236, 395, 216, -1, -1, -1, 303, -1, -1, -1, 219, 293, 325, -1, 153, -1, -1, -1, -1, -1, 53, -1, -1, -1, -1, -1, -1, -1, 175, 226, -1, -1, -1, -1, -1, -1, -1, -1, -1, 92, -1, -1, 185, -1, -1, -1, -1, -1, -1, 236, -1, 252, 146, -1, -1, -1, 202, -1, -1, -1, 17, -1, 134, -1, 142, -1, -1, -1, -1, -1, -1, -1, -1, -1, -1, -1, -1, 107, -1, 122, -1, -1, -1, -1, -1, -1, 282, -1, -1, 318, -1, -1, -1, 314, -1, -1, 221, -1, -1, 395, 252, -1, 178, -1, -1, -1, 96, -1, -1, -1, 260, -1, 125, -1, 378, -1, -1, -1, -1, -1, -1, -1, -1, -1, -1, -1, -1, 332, -1, 172, -1, -1, -1, -1, -1, -1, 203, -1, -1, -1, -1, -1, -1, -1, -1, -1, -1, -1, -1, 216, 146, 178, -1, -1, -1, -1, 89, -1, -1, -1, 141, -1, 133, -1, 224, -1, -1, -1, -1, -1, 270, -1, -1, -1, -1, -1, -1, 252, -1, 27, -1, -1, -1, -1, -1, -1, 314, -1, -1, 264, -1, -1, -1, -1, -1, -1, -1, -1, -1, -1, -1, -1, -1, -1, -1, -1, -1, -1, -1, -1, -1, -1, -1, 324, -1, -1, -1, 176, -1, -1, -1, -1, -1, -1, 213, -1, -1, -1, -1, -1, 432, 148, -1, -1, 410, -1, -1, -1, 106, -1, -1, -1, -1, 315, 457, -1, -1, -1, 163, -1, -1, -1, -1, -1, -1, 177, -1, -1, 157, -1, -1, -1, -1, -1, -1, 31, 257, -1, -1, -1, -1, -1, 250, -1, -1, -1, 126, -1, -1, -1, -1, -1, -1, 245, -1, -1, -1, -1, -1, -1, -1, 105, -1, -1, -1, 199, -1, 169, -1, -1, -1, -1, -1, -1, 177, -1, -1, -1, 155, -1, -1, 212, -1, -1, -1, 162, 118, -1, 157, -1, -1, -1, 114, 130, -1, -1, 228, -1, -1, -1, -1, -1, -1, 321, -1, 217, -1, -1, -1, -1, -1, 252, -1, -1, -1, 136, -1, 266, -1, 303, 202, 96, 89, -1, -1, -1, -1, -1, -1, -1, 205, -1, 117, -1, 307, -1, -1, -1, -1, -1, -1, -1, -1, -1, -1, -1, -1, 301, -1, 92, -1, -1, -1, -1, -1, -1, 270, -1, -1, -1, -1, -1, -1, -1, -1, -1, -1, -1, -1, -1, -1, -1, -1, -1, -1, -1, -1, -1, -1, 77, -1, 291, -1, -1, -1, -1, -1, -1, 299, 230, 283, 126, -1, -1, -1, -1, -1, -1, 281, -1, -1, -1, 97, -1, -1, -1, -1, -1, -1, 314, 131, -1, 152, -1, -1, -1, -1, -1, -1, -1, -1, -1, -1, -1, 157, 155, -1, -1, -1, -1, -1, -1, -1, -1, -1, 171, 148, -1, 252, -1, -1, -1, 269, 265, -1, -1, 104, -1, -1, -1, -1, -1, -1, -1, -1, -1, -1, -1, -1, -1, -1, 156, -1, -1, -1, 59, -1, -1, -1, -1, -1, -1, -1, -1, -1, -1, -1, 77, -1, -1, -1, 273, -1, -1, -1, -1, 273, -1, 264, 206, -1, 51, -1, -1, -1, -1, -1, -1, 295, -1, -1, -1, 26, -1, -1, -1, -1, -1, -1, -1, 122, -1, 208, -1, -1, -1, -1, -1, -1, 219, 17, 260, 141, -1, -1, -1, 205, -1, -1, -1, -1, -1, 145, -1, 127, -1, -1, -1, -1, -1, 267, -1, -1, -1, -1, -1, -1, 115, -1, 120, -1, -1, -1, -1, -1, -1, 298, -1, -1, 302, -1, -1, -1, -1, -1, -1, 222, -1, -1, 293, -1, -1, -1, -1, -1, 212, -1, 291, -1, 273, -1, -1, -1, -1, 238, -1, 176, -1, 68, 68, 272, 294, 197, 95, -1, -1, -1, -1, 119, -1, -1, -1, 253, -1, -1, 213, -1, -1, -1, -1, 395, -1, 248, -1, -1, -1, -1, -1, -1, 325, 134, 125, 133, -1, -1, -1, 117, -1, -1, -1, 145, -1, -1, -1, 271, -1, -1, -1, -1, -1, -1, -1, -1, -1, -1, -1, -1, 207, -1, 109, -1, -1, -1, -1, -1, -1, 182, -1, -1, -1, -1, -1, -1, -1, -1, -1, -1, -1, -1, -1, -1, -1, -1, 324, -1, -1, -1, -1, -1, -1, -1, -1, -1, -1, -1, -1, -1, 227, -1, -1, -1, -1, -1, -1, 199, 231, -1, -1, -1, -1, 236, 181, -1, -1, 214, -1, -1, -1, 218, -1, -1, -1, -1, -1, 168, -1, -1, -1, 218, 153, 142, 378, 224, -1, -1, -1, 307, -1, -1, -1, 127, 238, 271, -1, -1, -1, -1, -1, -1, -1, 182, -1, -1, -1, -1, -1, -1, 166, 145, 215, -1, -1, -1, -1, -1, -1, -1, -1, -1, 245, -1, -1, -1, -1, -1, -1, 200, -1, -1, -1, -1, -1, -1, -1, 31, 162, -1, -1, 171, -1, -1, -1, -1, -1, -1, -1, 254, -1, -1, -1, -1, -1, 225, -1, -1, -1, 154, -1, -1, -1, -1, -1, -1, 223, -1, -1, -1, -1, -1, -1, -1, 136, -1, -1, -1, 207, -1, 148, -1, -1, -1, -1, -1, -1, 257, 118, -1, -1, 148, 273, -1, 176, -1, -1, -1, 254, -1, -1, 108, 158, -1, 262, 204, 146, -1, -1, 251, -1, -1, -1, -1, -1, 247, -1, -1, -1, -1, -1, -1, -1, 383, 297, -1, -1, -1, 93, -1, -1, -1, -1, -1, -1, -1, 176, -1, -1, -1, -1, -1, -1, -1, -1, -1, 227, -1, -1, -1, -1, -1, -1, -1, -1, -1, -1, 41, -1, -1, -1, -1, -1, 260, 146, -1, -1, 239, -1, -1, -1, 130, -1, -1, 824, -1, 182, 311, -1, -1, -1, 217, -1, -1, -1, -1, -1, -1, 157, -1, 299, 252, 264, -1, 68, -1, -1, -1, -1, 108, -1, -1, 76, -1, 273, 177, 77, -1, -1, 351, -1, 185, -1, 452, -1, 239, -1, -1, 226, -1, -1, -1, -1, 385, -1, 290, -1, -1, 199, -1, -1, -1, -1, -1, -1, -1, -1, -1, -1, -1, 230, -1, 206, -1, 68, -1, -1, -1, -1, 158, -1, 76, -1, 272, 226, 247, 142, -1, -1, -1, -1, 143, -1, -1, -1, 185, -1, -1, -1, -1, -1, -1, -1, 328, -1, 215, -1, -1, -1, -1, -1, -1, 53, -1, -1, 270, -1, -1, -1, -1, 283, -1, -1, 267, 272, -1, -1, 182, -1, -1, -1, -1, 272, -1, -1, -1, -1, -1, -1, -1, -1, 158, 280, -1, -1, -1, -1, -1, -1, -1, -1, -1, 82, -1, -1, 132, -1, -1, -1, -1, -1, -1, -1, -1, -1, -1, -1, -1, -1, -1, 126, -1, 51, -1, 294, -1, -1, -1, -1, 262, -1, 273, 226, -1, -1, -1, -1, -1, -1, -1, -1, -1, -1, -1, -1, 50, -1, -1, -1, -1, -1, -1, -1, 121, -1, 259, -1, -1, 304, -1, -1, -1, -1, -1, -1, -1, -1, 250, 114, -1, -1, 269, -1, -1, 197, -1, -1, -1, 225, 204, -1, 177, 247, -1, -1, -1, 105, -1, 363, 333, -1, -1, -1, -1, -1, -1, 297, -1, 105, -1, 156, -1, -1, -1, 344, -1, -1, -1, 248, 260, 268, -1, -1, -1, -1, -1, -1, -1, 130, -1, -1, 265, -1, -1, 95, -1, -1, -1, -1, 146, -1, 77, 142, -1, -1, 105, -1, -1, -1, -1, -1, 203, -1, -1, -1, -1, -1, -1, 151, -1, 251, -1, -1, -1, -1, -1, -1, -1, 224, -1, -1, -1, -1, -1, -1, -1, 213, -1, -1, -1, -1, -1, -1, -1, -1, -1, 199, -1, -1, -1, 41, -1, -1, -1, -1, -1, -1, -1, 367, -1, -1, -1, -1, 220, 156, -1, -1, 199, -1, -1, -1, 151, -1, -1, -1, -1, 184, 270, -1, -1, -1, 229, -1, -1, -1, -1, -1, -1, -1, -1, -1, -1, -1, -1, -1, -1, 231, -1, -1, -1, -1, -1, -1, -1, -1, 363, -1, 367, -1, -1, -1, -1, -1, 222, -1, -1, 157, 221, 359, -1, 231, -1, -1, -1, -1, -1, -1, 99, -1, -1, 233, -1, -1, -1, -1, -1, -1, 126, 228, -1, -1, 104, -1, -1, -1, -1, -1, -1, 154, 251, -1, 351, -1, -1, -1, 333, -1, -1, -1, -1, -1, -1, -1, -1, -1, -1, -1, -1, -1, -1, -1, -1, -1, -1, 61, -1, -1, -1, 163, -1, 291, -1, -1, 107, 332, 252, -1, -1, -1, 301, -1, -1, -1, 115, -1, 207, -1, 166, -1, -1, -1, -1, -1, -1, -1, -1, -1, -1, -1, -1, -1, 295, 228, -1, -1, -1, -1, -1, 277, 296, -1, -1, -1, -1, -1, -1, 231, -1, -1, 126, -1, -1, 175, -1, -1, -1, -1, -1, -1, -1, 281, -1, 295, -1, 119, -1, -1, 145, -1, -1, -1, 185, 143, 158, -1, -1, 203, -1, -1, -1, 295, -1, -1, -1, -1, 283, -1, -1, 269, -1, -1, -1, 240, 406, -1, 178, -1, -1, -1, -1, -1, -1, 226, 122, 172, 27, -1, -1, -1, 92, -1, -1, -1, 120, -1, 109, -1, 215, -1, -1, -1, -1, -1, 280, -1, -1, -1, -1, -1, -1, 228, -1, -1, -1, -1, -1, -1, -1, -1, 291, -1, -1, 281, -1, -1, -1, -1, -1, -1, -1, -1, -1, -1, -1, -1, -1, 432, -1, -1, -1, -1, -1, -1, -1, -1, -1, 236, -1, -1, -1, 260, 452, -1, -1, -1, -1, -1, 220, 222, -1, -1, -1, -1, -1, 339, -1, 308, 24, 228, -1, 147, 354, -1, -1, -1, -1, 269, 136, -1, 234, -1, 405, -1, -1, -1, -1, 148, -1, -1, -1, -1, -1, -1, -1, -1, -1, 181, -1, -1, -1, 146, -1, -1, -1, -1, -1, -1, 156, -1, -1, -1, -1, -1, 339, -1, -1, -1, 315, -1, -1, -1, 43, -1, -1, -1, -1, 328, 330, -1, -1, -1, 73, -1, -1, -1, -1, -1, -1, -1, -1, 97, -1, 26, -1, 253, -1, -1, -1, -1, 247, -1, 239, 185, -1, 50, -1, -1, -1, -1, -1, -1, 283, -1, -1, -1, -1, -1, -1, -1, -1, -1, -1, -1, 145, -1, 213, -1, -1, -1, -1, -1, -1, -1, -1, -1, -1, -1, 245, 321, -1, -1, -1, -1, -1, -1, -1, -1, -1, 223, -1, -1, -1, -1, -1, -1, 297, -1, -1, 157, -1, -1, -1, -1, 308, -1, -1, -1, 318, -1, -1, 229, -1, -1, -1, 330, -1, -1, 233, -1, -1, 78, -1, -1, -1, -1, -1, 410, -1, -1, -1, -1, -1, -1, -1, -1, -1, 214, -1, -1, -1, 239, -1, -1, -1, -1, -1, -1, 199, 221, -1, -1, -1, -1, 24, 315, -1, 318, -1, 252, -1, 170, 330, -1, -1, -1, -1, 262, 129, -1, 250, -1, 381, -1, -1, -1, -1, -1, -1, 217, -1, -1, -1, -1, -1, 213, -1, -1, -1, -1, -1, -1, 226, -1, -1, -1, 105, 151, -1, 359, -1, 277, 269, -1, 228, -1, -1, -1, 252, -1, -1, 128, -1, -1, -1, -1, -1, -1, 322, -1, 156, -1, -1, -1, 282, 203, 314, -1, -1, -1, 270, -1, -1, -1, 298, -1, 182, -1, -1, -1, -1, -1, -1, -1, -1, -1, -1, -1, -1, -1, -1, 296, -1, 291, -1, -1, -1, -1, -1, -1, -1, -1, -1, -1, -1, -1, -1, 271, -1, -1, 405, -1, -1, -1, -1, -1, -1, -1, -1, -1, -1, -1, -1, -1, -1, -1, -1, -1, -1, -1, -1, -1, -1, -1, -1, -1, 156, 251, -1, 231, -1, -1, -1, -1, 147, -1, -1, 229, 170, 128, -1, -1, -1, -1, -1, -1, 568, -1, 202, -1, 232, 245, -1, -1, -1, -1, -1, 106, -1, -1, -1, -1, -1, -1, -1, -1, -1, 218, -1, -1, -1, 130, -1, -1, -1, -1, -1, -1, 151, -1, -1, -1, -1, -1, 354, 43, -1, -1, 330, -1, -1, -1, -1, -1, -1, -1, -1, 308, 359, -1, -1, -1, 92, 92, 318, -1, 264, -1, -1, -1, -1, 314, -1, -1, 302, -1, -1, -1, 245, -1, -1, -1, -1, -1, 82, -1, -1, -1, -1, -1, -1, -1, 240, 281, -1, -1, -1, -1, -1, -1, -1, -1, -1, -1, -1, -1, 169, -1, -1, -1, -1, -1, -1, -1, -1, -1, -1, -1, -1, -1, -1, 131, -1, 122, -1, 395, -1, -1, -1, -1, 383, -1, 385, 328, -1, 121, -1, -1, -1, -1, -1, -1, 406, -1, -1, -1, 145, -1, -1, -1, -1, -1, -1, -1, -1, -1, 280, -1, -1, -1, -1, -1, -1, -1, -1, -1, -1, -1, 105, 252, -1, -1, 156, -1, -1, -1, -1, -1, -1, 136, 297, 824, -1, -1, -1, -1, 344, -1, -1, -1, 61, -1, -1, -1, -1, -1, -1, 330, -1, -1, -1, -1, -1, -1, -1, -1, -1, -1, -1, 214, -1, 253, -1, 185, -1, -1, -1, -1, -1, -1, -1, 152, -1, 208, -1, 248, -1, -1, -1, -1, -1, -1, 290, 215, 132, 259, -1, -1, -1, -1, -1, -1, 178, -1, -1, -1, 213, -1, -1, -1, -1, 568, -1, 169, 280, -1, -1, -1, -1, -1, -1, -1, -1, -1, 314, -1, -1, 315, -1, -1, -1, -1, -1, -1, -1, -1, -1, -1, -1, -1, -1, 182, -1, -1, -1, -1, -1, -1, 184, -1, -1, 231, -1, -1, 269, 328, -1, -1, 262, -1, 271, -1, 308, -1, -1, -1, -1, -1, -1, -1, 252, -1, 397, -1, -1, -1, -1, 457, -1, -1, -1, -1, -1, -1, -1, -1, -1, 168, -1, -1, -1, 311, -1, -1, -1, -1, -1, -1, 270, 99, -1, -1, -1, -1, 136, 330, -1, 233, 129, 322, -1, 202, 359, -1, -1, -1, -1, -1, -1, -1, -1, 300, 380, -1, -1, -1, -1, -1, 199, 136, -1, -1, 59, -1, -1, -1, -1, -1, -1, 207, 93, -1, 199, -1, -1, 304, 248, 224, -1, -1, 163, -1, -1, -1, -1, -1, -1, -1, -1, -1, -1, -1, -1, -1, -1, 214, -1, -1, -1, -1, -1, -1, -1, -1, 221, -1, -1, -1, -1, -1, -1, -1, -1, -1, 222, -1, -1, -1, 200, -1, -1, -1, -1, -1, -1, -1, 260, -1, -1, -1, -1, 126, -1, -1, 234, -1, -1, -1, 250, 156, 405, 232, -1, -1, -1, -1, -1, 252, -1, -1, -1, -1, -1, -1, -1, -1, -1, -1, 169, 266, -1, -1, -1, -1, -1, -1, -1, -1, -1, 148, -1, -1, -1, -1, -1, -1, 268, -1, -1, 233, 291, -1, -1, -1, -1, -1, -1, 78, -1, -1, -1, 245, -1, -1, -1, 253, -1, -1, 300, -1, -1, -1, -1, -1, -1, -1, -1, 163, -1, -1, -1, -1, -1, -1, -1, -1, -1, 218, -1, -1, -1, 217, -1, -1, -1, -1, -1, -1, 229, -1, -1, -1, -1, -1, 405, 73, -1, -1, 381, -1, -1, -1, 92, -1, -1, -1, -1, 397, 380, -1, -1, -1, -1 ]);


%% Successor variables: succ[i] = next location after i in the tour.
array[Locations] of var Locations: succ;

%% Only use allowed legs (edges present in the transport network).
constraint forall(loc1, loc2 in Locations)(
  travelTime[loc1, loc2] < 0 -> succ[loc1] != loc2
);

%% Successors must form a Hamiltonian circuit.
constraint circuit(succ);

%% Variable for the length of the longest leg.
var 1..maxLegLen: maxleg;

%% Link maxleg to actual travel times used in the tour.
constraint forall(loc1, loc2 in Locations)(
  succ[loc1] = loc2 -> maxleg >= travelTime[loc1, loc2]
);

solve :: int_search(succ, input_order, indomain_min, complete)
      minimize maxleg;

output [
  "succ = ", show(succ), "\n",
  "maxleg = ", show(maxleg), "\n"
];
