%% Circuit-constraint benchmark instance
%% Generated by generate_instances.py
%% Method: Francis & Stuckey (2014) "Explaining circuit propagation"
%%
%% Model: minimise the length of the longest leg (maxleg).
%%        Successor variables must form a Hamiltonian circuit using only
%%        edges present in the transport network (travelTime >= 0).
%%        This matches the MiniZinc model in Figure 1 of the paper.
%%
%% Instance parameters
%%   n              = 50
%%   k              = 10
%%   seed           = 65
%%   knn_edges      = 298   (undirected edges from k-nearest step)
%%   walk_edges     = 4  (undirected edges added by random walk)
%%   total_edges    = 302
%%   walk_fraction  = 0.0132  (walk_edges / total_edges)
%%
%% NOTE: a walk_fraction above 0.20 may indicate a near-degenerate instance
%%       in which the random walk dominates the graph structure.

include "globals.mzn";

int: n = 50;
set of int: Locations = 1..n;

%% Maximum possible travel time; used as the upper bound for maxleg.
int: maxLegLen = 1054;

%% Travel times between locations (–1 means no direct connection exists).
array[Locations, Locations] of int: travelTime =
  array2d(Locations, Locations, [ -1, -1, -1, -1, -1, 148, -1, 408, -1, -1, 285, 180, -1, 247, -1, -1, -1, -1, 281, -1, -1, -1, 157, -1, -1, -1, -1, -1, -1, 221, -1, 344, -1, -1, -1, -1, 195, -1, 212, 129, -1, 174, -1, -1, -1, 284, -1, -1, -1, -1, -1, -1, -1, -1, 376, -1, 261, -1, -1, -1, -1, 279, -1, 214, -1, -1, -1, 191, -1, -1, -1, -1, -1, 143, 180, -1, -1, 241, -1, -1, -1, -1, 92, 245, 441, -1, 278, -1, -1, -1, -1, -1, -1, -1, -1, -1, -1, 313, -1, -1, -1, -1, -1, 209, -1, -1, 146, -1, -1, -1, -1, 191, -1, 187, 157, -1, -1, -1, -1, -1, -1, -1, -1, -1, -1, -1, -1, 200, -1, 278, -1, -1, -1, 203, -1, -1, 150, -1, 75, -1, 95, -1, -1, -1, -1, -1, -1, -1, -1, -1, -1, -1, 209, -1, -1, -1, -1, -1, -1, -1, -1, -1, 303, -1, 150, -1, -1, -1, 268, 251, -1, -1, -1, -1, -1, 132, 157, -1, -1, 199, -1, -1, -1, -1, -1, -1, -1, -1, 217, -1, 166, -1, -1, -1, 223, -1, 183, -1, -1, 214, -1, 376, -1, -1, -1, 390, -1, -1, -1, -1, -1, 437, -1, 420, -1, -1, -1, 241, -1, -1, -1, -1, -1, 357, 262, -1, -1, -1, -1, -1, -1, -1, 388, -1, -1, -1, -1, -1, -1, -1, -1, -1, -1, -1, -1, 364, -1, 101, -1, -1, 148, -1, -1, -1, 390, -1, -1, -1, -1, -1, -1, 104, -1, 153, -1, -1, -1, 202, -1, -1, -1, -1, 184, -1, -1, -1, -1, -1, -1, -1, -1, 462, 255, -1, -1, -1, 143, -1, 232, 276, -1, 276, -1, -1, -1, 234, -1, 290, -1, -1, -1, 261, 146, -1, -1, -1, -1, -1, 268, 246, -1, 269, -1, 226, 195, 187, -1, -1, -1, -1, -1, -1, -1, 388, -1, -1, -1, 55, -1, -1, 316, -1, 215, 57, 409, 439, 233, -1, 214, -1, 152, -1, -1, -1, -1, -1, -1, -1, 265, -1, 408, -1, -1, -1, -1, -1, -1, -1, -1, -1, 255, -1, -1, -1, -1, -1, -1, -1, 341, -1, -1, -1, 387, -1, -1, 482, 487, -1, -1, 407, -1, 89, -1, -1, -1, -1, -1, -1, -1, 329, -1, 267, -1, -1, -1, -1, -1, -1, -1, -1, -1, -1, -1, -1, -1, -1, 268, -1, -1, 272, -1, -1, 304, -1, 167, 244, 222, -1, -1, 268, -1, -1, -1, -1, -1, -1, -1, -1, -1, -1, -1, -1, -1, -1, -1, -1, -1, -1, -1, -1, 217, -1, 108, 124, -1, -1, -1, -1, 158, -1, -1, -1, -1, -1, -1, -1, 246, -1, 272, -1, 813, -1, -1, -1, -1, 59, -1, -1, -1, -1, -1, -1, -1, -1, -1, -1, -1, 204, -1, -1, 74, -1, -1, 199, 195, 212, -1, -1, -1, -1, -1, -1, 236, 283, -1, -1, -1, -1, 131, -1, 285, -1, -1, -1, -1, -1, -1, 255, -1, 813, -1, -1, -1, -1, -1, -1, -1, -1, 87, -1, -1, -1, -1, -1, -1, 228, 234, -1, 343, 166, -1, 259, -1, -1, -1, -1, -1, -1, -1, 157, -1, 265, -1, -1, -1, -1, -1, -1, -1, -1, 180, 279, 191, -1, 437, 104, 269, -1, -1, -1, -1, -1, -1, 66, -1, -1, -1, 209, -1, -1, -1, -1, 275, -1, 404, -1, -1, -1, -1, -1, -1, -1, 188, -1, -1, -1, 41, -1, 146, -1, -1, -1, -1, -1, -1, 337, -1, 337, -1, -1, -1, -1, -1, 303, -1, -1, -1, -1, 304, -1, -1, -1, -1, -1, -1, -1, 113, -1, -1, 54, 245, 130, -1, -1, -1, -1, -1, -1, -1, -1, -1, -1, -1, -1, -1, -1, -1, 107, -1, -1, -1, -1, -1, 335, 135, -1, 209, -1, -1, 94, 247, 214, 187, -1, 420, 153, 226, -1, -1, -1, -1, 66, -1, -1, -1, -1, -1, 180, -1, -1, -1, -1, 334, 351, 351, -1, -1, -1, -1, -1, -1, -1, 123, -1, -1, -1, 67, -1, 168, -1, 278, -1, -1, -1, -1, 379, -1, 323, -1, -1, -1, -1, 157, 150, -1, -1, 195, -1, 167, -1, -1, -1, -1, -1, -1, -1, -1, -1, -1, -1, -1, -1, -1, -1, -1, -1, -1, 238, -1, -1, -1, -1, -1, 238, -1, -1, -1, -1, 215, -1, 63, -1, 272, 292, -1, -1, -1, -1, 280, 269, -1, -1, -1, -1, -1, -1, 187, -1, 244, 59, -1, -1, -1, -1, -1, -1, -1, -1, -1, -1, -1, -1, -1, -1, -1, -1, -1, 148, -1, -1, 132, -1, -1, 142, 244, 266, -1, -1, -1, -1, -1, -1, 232, 281, -1, -1, -1, -1, 132, -1, -1, -1, -1, -1, -1, -1, -1, -1, 222, -1, -1, -1, 113, -1, -1, -1, -1, -1, -1, 116, -1, 233, -1, -1, -1, -1, -1, -1, -1, -1, -1, -1, -1, -1, -1, -1, -1, 214, -1, -1, -1, -1, 262, 227, 230, -1, 294, -1, -1, 168, -1, 191, -1, -1, 241, 202, -1, -1, -1, -1, -1, 209, -1, 180, -1, -1, -1, -1, -1, -1, -1, -1, 358, 267, 221, -1, -1, -1, -1, -1, -1, -1, 161, -1, -1, -1, 237, -1, -1, -1, -1, -1, -1, -1, -1, 328, -1, 149, -1, -1, 281, -1, -1, 268, -1, -1, -1, 341, -1, -1, 87, -1, -1, -1, -1, -1, -1, -1, -1, -1, -1, -1, -1, -1, -1, 141, 149, -1, 290, 99, -1, 341, -1, -1, -1, -1, -1, -1, -1, 157, -1, 313, -1, -1, -1, -1, 291, -1, -1, -1, -1, -1, -1, 251, -1, -1, -1, -1, 268, -1, -1, -1, 54, -1, -1, -1, 116, -1, -1, -1, 258, 119, -1, -1, -1, -1, -1, -1, 330, -1, -1, -1, -1, -1, -1, -1, -1, 105, -1, -1, -1, -1, -1, 317, 114, -1, 179, -1, -1, 53, -1, -1, -1, -1, -1, -1, -1, -1, -1, -1, -1, -1, 245, -1, -1, -1, -1, -1, -1, 258, -1, 153, -1, 1054, -1, 348, 304, -1, 150, -1, -1, -1, -1, -1, -1, -1, -1, 155, -1, -1, -1, -1, -1, -1, 173, -1, 192, -1, -1, 231, -1, -1, -1, -1, -1, -1, -1, -1, -1, -1, -1, -1, 130, -1, -1, -1, 233, -1, -1, 119, 153, -1, -1, -1, -1, -1, 237, -1, 212, -1, -1, -1, -1, -1, -1, -1, -1, 28, -1, -1, -1, -1, -1, -1, 24, -1, 92, -1, -1, 80, 157, -1, -1, -1, -1, 184, -1, 387, -1, -1, -1, 275, -1, 334, -1, -1, -1, 358, -1, -1, -1, -1, -1, -1, -1, -1, -1, -1, -1, -1, -1, 303, -1, -1, -1, -1, 307, -1, -1, 243, -1, 124, -1, -1, -1, 145, -1, -1, -1, -1, -1, 143, -1, -1, 357, -1, 388, -1, -1, -1, -1, -1, -1, 351, -1, -1, -1, 267, -1, -1, 1054, -1, -1, -1, 97, -1, -1, 356, -1, -1, -1, -1, 232, 359, -1, -1, -1, -1, -1, -1, -1, -1, -1, -1, -1, -1, -1, 332, -1, -1, -1, 180, -1, -1, 262, -1, -1, -1, -1, -1, -1, 404, -1, 351, -1, -1, -1, 221, -1, -1, -1, -1, -1, 97, -1, -1, -1, 418, -1, -1, -1, -1, 250, -1, -1, -1, 418, -1, -1, -1, -1, -1, -1, -1, -1, -1, -1, 249, -1, -1, -1, -1, -1, 132, -1, -1, -1, 482, -1, -1, 228, -1, -1, -1, -1, -1, -1, -1, 141, -1, 348, -1, -1, -1, -1, -1, 48, -1, 258, 106, -1, -1, -1, -1, -1, -1, -1, -1, 264, 232, -1, -1, -1, -1, 248, -1, 177, -1, -1, -1, -1, -1, -1, 157, -1, -1, -1, 487, -1, -1, 234, -1, -1, -1, -1, -1, -1, -1, 149, -1, 304, 237, -1, -1, -1, 48, -1, -1, 210, 144, -1, -1, -1, -1, -1, -1, -1, 265, -1, 266, -1, -1, -1, -1, 220, -1, 145, -1, -1, 256, -1, 241, 200, -1, -1, -1, 55, -1, -1, 204, -1, -1, -1, -1, 238, 148, -1, -1, -1, -1, -1, -1, -1, 356, 418, -1, -1, -1, -1, -1, 271, -1, 215, 6, 357, 389, -1, -1, -1, -1, 203, -1, -1, -1, -1, -1, -1, -1, 247, -1, -1, -1, -1, -1, -1, -1, -1, -1, -1, -1, 343, -1, -1, -1, -1, -1, -1, -1, 290, 330, 150, 212, -1, -1, -1, 258, 210, -1, -1, -1, -1, -1, -1, -1, -1, -1, -1, 233, -1, -1, -1, -1, -1, -1, 217, -1, 177, -1, -1, 284, 221, -1, 278, 199, -1, -1, -1, 407, -1, -1, 166, -1, -1, -1, -1, -1, -1, -1, 99, -1, -1, -1, -1, -1, -1, 106, 144, -1, -1, -1, -1, 387, -1, -1, -1, -1, -1, -1, 226, 125, -1, 307, -1, -1, -1, -1, 283, -1, -1, -1, -1, -1, -1, -1, -1, -1, 316, -1, -1, 74, -1, -1, -1, -1, -1, 132, -1, -1, -1, -1, -1, -1, -1, -1, -1, -1, -1, 271, -1, -1, -1, -1, -1, 266, 132, 142, -1, -1, -1, -1, -1, -1, 274, 317, -1, -1, -1, -1, 176, -1, 344, -1, -1, -1, -1, 462, -1, 89, -1, -1, 259, -1, -1, -1, -1, -1, -1, -1, 341, -1, -1, -1, 303, -1, -1, -1, -1, -1, -1, 387, -1, -1, -1, -1, -1, -1, -1, -1, -1, 288, -1, 187, -1, -1, -1, 410, -1, -1, -1, -1, -1, 92, -1, -1, 388, 255, 215, -1, -1, -1, -1, 188, -1, 123, -1, -1, -1, 161, -1, -1, -1, -1, -1, 232, 250, -1, -1, 215, -1, -1, -1, -1, -1, 220, -1, 529, 186, -1, -1, -1, -1, -1, -1, -1, -1, -1, -1, 307, -1, -1, -1, 245, 203, -1, -1, -1, 57, -1, -1, 199, -1, -1, -1, -1, 238, 142, -1, -1, -1, -1, -1, -1, -1, 359, -1, -1, -1, 6, -1, -1, 266, -1, 220, -1, 354, 385, -1, -1, -1, -1, 203, -1, 318, -1, -1, -1, -1, -1, 242, -1, -1, 441, -1, -1, -1, -1, 409, -1, -1, 195, -1, -1, -1, -1, -1, 244, -1, -1, -1, -1, -1, -1, -1, -1, -1, -1, -1, 357, -1, -1, 132, -1, -1, 354, -1, 43, -1, -1, -1, -1, -1, -1, 403, -1, -1, -1, -1, -1, 308, -1, -1, -1, -1, -1, -1, -1, 439, -1, -1, 212, -1, -1, -1, -1, -1, 266, -1, -1, -1, -1, -1, -1, -1, -1, -1, -1, -1, 389, -1, -1, 142, -1, 529, 385, 43, -1, -1, -1, -1, 905, -1, -1, 402, 441, -1, -1, -1, -1, 312, -1, 195, 278, 150, -1, -1, 143, 233, -1, -1, -1, -1, 41, -1, 67, -1, -1, -1, 237, -1, -1, -1, -1, 307, -1, 418, -1, -1, -1, -1, -1, -1, -1, 186, -1, -1, -1, -1, -1, 110, -1, 244, -1, -1, -1, -1, 377, -1, -1, -1, -1, -1, -1, -1, -1, -1, -1, -1, -1, -1, -1, -1, -1, 107, -1, -1, -1, 214, -1, -1, 105, 155, 28, -1, -1, -1, -1, 265, -1, 233, -1, -1, -1, -1, -1, -1, -1, -1, -1, -1, -1, -1, -1, -1, -1, 47, -1, 120, -1, -1, 78, 212, -1, 75, 217, -1, 232, 214, -1, -1, -1, -1, 146, -1, 168, 215, -1, -1, -1, -1, -1, -1, -1, -1, -1, -1, 264, -1, -1, -1, 226, -1, -1, -1, -1, -1, -1, 110, -1, -1, 252, 158, -1, -1, -1, -1, -1, -1, -1, -1, -1, 129, -1, -1, -1, -1, 276, -1, 329, -1, -1, 157, -1, -1, -1, -1, -1, -1, -1, 157, -1, -1, -1, 243, -1, -1, 232, 266, -1, -1, 125, -1, 288, -1, -1, -1, 905, -1, -1, 252, -1, -1, 182, -1, -1, -1, -1, -1, -1, -1, -1, -1, -1, 95, 166, -1, -1, 152, -1, 217, -1, -1, -1, -1, 278, 63, -1, -1, -1, -1, -1, -1, -1, -1, -1, -1, -1, -1, 203, -1, -1, -1, -1, -1, 203, -1, -1, 244, -1, 158, -1, -1, -1, 314, -1, -1, -1, -1, -1, -1, -1, 174, -1, -1, -1, -1, 276, -1, 267, -1, -1, 265, -1, -1, -1, -1, -1, -1, -1, 313, -1, -1, -1, 124, -1, -1, -1, -1, -1, -1, 307, -1, 187, -1, -1, -1, -1, -1, -1, -1, 182, -1, -1, -1, -1, -1, 257, -1, -1, -1, -1, -1, -1, -1, -1, -1, -1, -1, -1, 108, 236, -1, -1, -1, -1, 272, 232, 262, -1, -1, -1, -1, -1, -1, -1, -1, -1, -1, -1, -1, -1, 274, -1, -1, 318, 403, 402, -1, -1, -1, -1, 314, -1, -1, 49, -1, -1, -1, -1, 105, -1, -1, -1, -1, -1, -1, -1, -1, -1, 124, 283, -1, -1, 335, -1, 292, 281, 227, -1, -1, 317, -1, -1, -1, -1, -1, -1, -1, -1, -1, -1, 317, -1, -1, -1, -1, 441, -1, -1, -1, -1, -1, -1, 49, -1, -1, -1, -1, -1, 153, -1, -1, -1, -1, 223, -1, -1, -1, -1, -1, -1, -1, -1, 135, -1, -1, -1, 230, -1, -1, 114, 173, 24, -1, -1, -1, 248, 220, -1, 217, -1, -1, -1, -1, -1, -1, -1, -1, 47, -1, -1, -1, -1, -1, -1, -1, -1, 76, -1, -1, 68, 284, -1, -1, -1, 364, 234, -1, -1, -1, -1, -1, 337, -1, 379, -1, -1, -1, 328, -1, -1, -1, -1, 145, -1, -1, -1, -1, -1, -1, -1, -1, 410, -1, -1, -1, -1, 377, -1, -1, -1, -1, 257, -1, -1, -1, -1, -1, 298, -1, -1, -1, -1, -1, 183, -1, -1, -1, -1, -1, -1, -1, -1, 209, -1, -1, -1, 294, -1, 291, 179, 192, 92, -1, -1, -1, 177, 145, -1, 177, 283, -1, -1, -1, -1, -1, -1, -1, 120, -1, -1, -1, -1, -1, -1, 76, -1, -1, -1, -1, 126, -1, 313, -1, -1, 101, 290, -1, -1, -1, -1, -1, 337, -1, 323, -1, -1, -1, 149, -1, -1, -1, -1, -1, 332, 249, -1, -1, -1, -1, -1, -1, -1, 307, -1, -1, -1, -1, -1, -1, -1, -1, -1, -1, -1, -1, 298, -1, -1, -1, -1, -1, -1, -1, -1, -1, -1, 265, -1, 158, 131, -1, -1, -1, -1, 280, 132, -1, -1, -1, -1, -1, -1, -1, -1, -1, -1, -1, 247, -1, -1, 176, -1, -1, 242, 308, 312, -1, -1, -1, -1, -1, -1, 105, 153, -1, -1, -1, -1, -1, -1, -1, -1, -1, 214, -1, -1, -1, -1, -1, -1, -1, -1, 94, -1, 269, -1, 168, -1, -1, 53, 231, 80, -1, -1, -1, -1, 256, -1, 284, -1, -1, -1, -1, -1, -1, -1, -1, 78, -1, -1, -1, -1, -1, -1, 68, -1, 126, -1, -1, -1 ]);


%% Successor variables: succ[i] = next location after i in the tour.
array[Locations] of var Locations: succ;

%% Only use allowed legs (edges present in the transport network).
constraint forall(loc1, loc2 in Locations)(
  travelTime[loc1, loc2] < 0 -> succ[loc1] != loc2
);

%% Successors must form a Hamiltonian circuit.
constraint circuit(succ);

%% Variable for the length of the longest leg.
var 1..maxLegLen: maxleg;

%% Link maxleg to actual travel times used in the tour.
constraint forall(loc1, loc2 in Locations)(
  succ[loc1] = loc2 -> maxleg >= travelTime[loc1, loc2]
);

solve :: int_search(succ, input_order, indomain_min, complete)
      minimize maxleg;

output [
  "succ = ", show(succ), "\n",
  "maxleg = ", show(maxleg), "\n"
];
