%% Circuit-constraint benchmark instance
%% Generated by generate_instances.py
%% Method: Francis & Stuckey (2014) "Explaining circuit propagation"
%%
%% Model: minimise the length of the longest leg (maxleg).
%%        Successor variables must form a Hamiltonian circuit using only
%%        edges present in the transport network (travelTime >= 0).
%%        This matches the MiniZinc model in Figure 1 of the paper.
%%
%% Instance parameters
%%   n              = 50
%%   k              = 10
%%   seed           = 64
%%   knn_edges      = 298   (undirected edges from k-nearest step)
%%   walk_edges     = 3  (undirected edges added by random walk)
%%   total_edges    = 301
%%   walk_fraction  = 0.0100  (walk_edges / total_edges)
%%
%% NOTE: a walk_fraction above 0.20 may indicate a near-degenerate instance
%%       in which the random walk dominates the graph structure.

include "globals.mzn";

int: n = 50;
set of int: Locations = 1..n;

%% Maximum possible travel time; used as the upper bound for maxleg.
int: maxLegLen = 924;

%% Travel times between locations (–1 means no direct connection exists).
array[Locations, Locations] of int: travelTime =
  array2d(Locations, Locations, [ -1, -1, -1, -1, -1, -1, -1, 98, -1, -1, -1, -1, -1, -1, -1, 281, -1, -1, -1, -1, 200, -1, -1, -1, 178, -1, -1, -1, -1, -1, -1, -1, -1, -1, 159, -1, 43, 196, -1, 73, -1, -1, -1, -1, 258, -1, -1, 184, -1, -1, -1, -1, 393, -1, -1, -1, 263, 202, -1, -1, -1, -1, 232, -1, 260, -1, -1, -1, -1, -1, 276, -1, -1, -1, -1, -1, -1, -1, 146, -1, 160, -1, 293, -1, -1, -1, 256, -1, -1, -1, -1, -1, -1, -1, -1, -1, 275, -1, 241, -1, -1, 393, -1, -1, -1, -1, 182, -1, 315, 924, -1, -1, 249, -1, 314, -1, -1, -1, -1, -1, -1, -1, -1, -1, -1, -1, -1, -1, 250, -1, 303, -1, 116, -1, -1, -1, -1, -1, 242, -1, -1, -1, -1, -1, -1, -1, -1, -1, 155, -1, -1, -1, -1, -1, -1, 190, -1, 277, -1, -1, -1, -1, -1, -1, -1, -1, -1, -1, -1, -1, -1, -1, -1, 174, -1, -1, 298, -1, -1, -1, -1, -1, -1, -1, -1, 211, 265, -1, -1, 214, 140, 287, -1, -1, -1, -1, 128, 195, -1, 128, -1, -1, -1, -1, -1, -1, -1, -1, -1, -1, -1, 215, -1, 198, -1, 298, -1, 317, -1, -1, -1, 174, 102, -1, -1, 237, -1, 155, -1, -1, -1, -1, -1, -1, -1, -1, -1, -1, -1, -1, -1, -1, -1, 194, -1, -1, -1, 437, -1, -1, -1, -1, -1, 190, -1, -1, -1, -1, -1, -1, -1, -1, -1, 261, -1, -1, -1, -1, -1, -1, -1, -1, -1, 237, -1, -1, 143, -1, -1, -1, -1, -1, -1, -1, -1, 318, -1, -1, -1, 285, 172, 179, -1, -1, -1, -1, 310, 165, -1, 66, -1, 263, 182, -1, -1, -1, -1, -1, 193, -1, -1, -1, 68, -1, 136, -1, -1, -1, -1, -1, 231, -1, -1, -1, -1, -1, -1, -1, 126, -1, 131, -1, 68, -1, -1, -1, -1, -1, 159, -1, -1, -1, -1, -1, -1, -1, -1, -1, 124, -1, 98, 202, -1, 277, -1, -1, -1, -1, -1, -1, -1, -1, -1, -1, 227, -1, -1, -1, -1, -1, 166, -1, -1, -1, 162, -1, -1, -1, 270, -1, 197, -1, -1, -1, 192, -1, 58, 240, -1, 107, -1, -1, -1, -1, -1, -1, 317, 244, -1, -1, -1, -1, 315, -1, -1, -1, 193, -1, -1, -1, -1, -1, 176, -1, 145, -1, -1, -1, 229, -1, 197, -1, -1, -1, 218, -1, -1, -1, -1, -1, 241, -1, 241, -1, -1, -1, -1, -1, 82, -1, -1, -1, -1, -1, -1, 267, -1, -1, 316, -1, -1, -1, 924, -1, -1, -1, -1, -1, -1, -1, 102, -1, -1, -1, -1, -1, 426, 495, 402, 208, -1, -1, -1, -1, -1, -1, -1, -1, -1, 427, -1, 299, -1, 117, -1, -1, -1, -1, -1, -1, -1, -1, 284, -1, -1, 377, -1, -1, -1, -1, -1, -1, -1, -1, -1, -1, -1, -1, -1, 102, -1, -1, -1, -1, -1, -1, 377, 404, 432, 109, -1, -1, -1, -1, -1, -1, -1, -1, -1, 381, -1, 209, -1, 133, -1, -1, -1, -1, -1, -1, -1, -1, 282, -1, -1, 373, -1, -1, -1, -1, -1, -1, -1, -1, 215, -1, -1, -1, -1, -1, -1, -1, -1, 254, -1, 145, -1, 110, -1, -1, -1, 306, 233, -1, -1, 27, -1, 367, -1, -1, -1, 305, -1, -1, -1, -1, -1, -1, -1, -1, -1, -1, -1, 97, 260, -1, -1, -1, -1, -1, -1, 232, 249, -1, -1, -1, 68, -1, 176, -1, -1, -1, -1, -1, 75, -1, -1, -1, -1, -1, 165, -1, -1, -1, 201, -1, -1, -1, 123, -1, 78, -1, 135, -1, -1, -1, -1, -1, 173, -1, -1, -1, -1, -1, -1, -1, -1, -1, 170, -1, -1, -1, -1, -1, 198, 261, -1, -1, -1, -1, -1, 254, -1, -1, -1, 223, -1, -1, -1, -1, -1, 372, 101, -1, -1, 256, 323, 306, -1, -1, -1, -1, -1, -1, -1, -1, -1, -1, -1, -1, -1, 394, -1, 306, -1, -1, -1, 243, -1, 295, -1, 260, 314, -1, -1, -1, 136, 227, 145, -1, -1, -1, 75, -1, -1, -1, -1, -1, -1, -1, 97, -1, -1, -1, 132, -1, -1, -1, 184, -1, 104, -1, 205, -1, 216, -1, -1, -1, 176, -1, -1, -1, -1, -1, -1, -1, -1, -1, 245, -1, 281, -1, -1, -1, 298, -1, -1, -1, -1, -1, -1, 145, -1, 223, -1, -1, 243, 191, -1, -1, -1, 432, 263, -1, -1, 123, -1, 451, -1, 249, -1, -1, -1, -1, -1, -1, -1, -1, -1, -1, -1, -1, -1, 242, 161, -1, -1, 278, -1, -1, -1, -1, -1, -1, -1, -1, -1, -1, -1, 426, 377, -1, -1, -1, -1, 243, -1, 258, 322, 322, -1, -1, -1, -1, 278, 291, -1, -1, -1, 11, -1, 237, -1, 318, 199, -1, -1, 151, -1, -1, -1, -1, 201, -1, 87, 179, -1, -1, -1, -1, -1, -1, -1, -1, 317, -1, -1, -1, -1, 495, 404, 110, -1, -1, -1, 191, 258, -1, -1, 300, -1, 374, 343, -1, -1, 101, -1, 463, -1, 269, -1, 196, -1, -1, -1, -1, -1, -1, -1, -1, -1, -1, -1, 146, 229, -1, -1, -1, -1, -1, -1, -1, -1, -1, -1, -1, -1, -1, 229, 402, 432, -1, -1, -1, -1, -1, 322, -1, -1, -1, -1, -1, -1, -1, 345, -1, -1, -1, -1, 313, -1, -1, -1, 301, 345, -1, -1, 320, 284, -1, -1, -1, 174, -1, -1, 143, -1, -1, -1, -1, -1, -1, -1, -1, -1, -1, -1, -1, -1, 208, 109, -1, -1, -1, -1, -1, 322, 300, -1, -1, -1, -1, -1, -1, -1, -1, -1, -1, -1, 328, -1, 111, -1, 194, -1, -1, -1, -1, -1, -1, -1, -1, 291, -1, 376, 370, -1, -1, -1, -1, 200, 276, -1, -1, -1, -1, 231, 166, 197, -1, -1, -1, 165, -1, 97, -1, -1, -1, -1, -1, -1, -1, -1, -1, 36, -1, -1, -1, 249, -1, 154, -1, -1, -1, 123, -1, 192, 162, 254, 255, -1, -1, -1, -1, -1, -1, -1, -1, -1, -1, -1, -1, -1, -1, 174, -1, -1, -1, -1, -1, -1, 306, -1, 372, -1, 432, -1, 374, -1, -1, -1, -1, 274, -1, -1, 333, -1, 169, -1, -1, -1, 540, -1, -1, -1, -1, -1, -1, -1, -1, -1, -1, -1, 228, -1, -1, -1, -1, -1, -1, -1, -1, -1, -1, 102, -1, -1, -1, -1, -1, -1, 233, -1, 101, -1, 263, -1, 343, -1, -1, -1, 274, -1, -1, -1, 246, 386, 210, -1, -1, -1, -1, -1, -1, -1, -1, -1, -1, -1, -1, -1, -1, -1, 253, -1, -1, -1, 344, -1, -1, -1, -1, -1, 174, -1, 237, -1, -1, -1, -1, -1, -1, -1, -1, -1, -1, -1, -1, -1, -1, -1, -1, -1, -1, -1, -1, 254, -1, -1, -1, -1, -1, -1, -1, -1, 87, -1, -1, -1, 387, 66, 201, -1, -1, -1, -1, 183, 337, -1, 215, 178, -1, -1, -1, -1, -1, -1, 162, 218, -1, -1, -1, 201, -1, 132, -1, 278, -1, 345, -1, 36, -1, -1, -1, -1, -1, -1, -1, -1, 269, 187, -1, -1, -1, 87, -1, 177, 128, -1, 239, -1, -1, -1, -1, -1, 277, -1, -1, -1, -1, -1, -1, -1, -1, 237, -1, -1, -1, -1, -1, -1, 27, -1, 256, -1, 123, 291, 101, -1, -1, -1, 333, 246, -1, -1, -1, -1, 390, -1, -1, 659, 293, -1, -1, -1, -1, -1, -1, -1, 436, -1, -1, -1, 122, 233, -1, -1, -1, -1, -1, -1, -1, -1, 298, -1, 143, -1, -1, -1, -1, -1, -1, -1, 323, -1, -1, -1, -1, -1, -1, -1, -1, 386, 254, -1, -1, -1, 508, -1, -1, -1, -1, -1, -1, -1, 340, -1, -1, -1, -1, 205, 75, -1, -1, -1, -1, -1, 306, -1, 199, -1, -1, -1, -1, 155, -1, -1, -1, -1, -1, -1, 367, -1, 306, -1, 451, -1, 463, -1, -1, -1, 169, 210, -1, -1, 390, 508, -1, -1, -1, -1, -1, -1, -1, -1, -1, -1, -1, -1, -1, -1, -1, -1, 326, -1, -1, -1, -1, -1, -1, -1, 146, 250, -1, -1, -1, 126, 270, -1, -1, -1, -1, 123, -1, 184, -1, -1, -1, -1, -1, 249, -1, -1, -1, -1, -1, -1, -1, -1, -1, 96, -1, 147, -1, -1, -1, -1, -1, 281, -1, -1, -1, -1, -1, -1, -1, -1, -1, 106, -1, -1, -1, -1, -1, -1, -1, -1, -1, -1, 427, 381, -1, -1, -1, -1, 249, 11, 269, 313, 328, -1, -1, -1, -1, 269, -1, -1, -1, -1, -1, -1, 246, -1, 318, 192, -1, -1, 143, -1, -1, -1, -1, 196, -1, 91, 170, -1, -1, -1, -1, -1, 160, 303, -1, -1, -1, 131, 197, 241, -1, -1, -1, 78, -1, 104, -1, -1, -1, -1, -1, 154, -1, -1, -1, 187, 659, -1, -1, 96, -1, -1, -1, 187, -1, -1, -1, 251, -1, 250, -1, -1, -1, -1, -1, -1, -1, -1, -1, 187, -1, -1, -1, -1, -1, -1, -1, -1, -1, -1, 299, 209, 305, -1, -1, -1, -1, 237, 196, -1, 111, -1, 540, -1, -1, -1, 293, -1, -1, -1, 246, -1, -1, -1, 246, -1, -1, -1, -1, -1, -1, -1, -1, 276, 325, 276, -1, -1, -1, -1, -1, -1, 293, 116, -1, -1, -1, 68, -1, 241, -1, -1, -1, 135, -1, 205, -1, -1, -1, -1, -1, -1, -1, -1, -1, -1, -1, -1, -1, 147, -1, 187, -1, -1, -1, -1, -1, -1, -1, 188, -1, -1, -1, -1, -1, -1, -1, -1, -1, 88, -1, -1, -1, -1, -1, -1, -1, -1, -1, -1, 117, 133, -1, -1, -1, -1, -1, 318, -1, 301, 194, -1, -1, -1, -1, -1, -1, -1, -1, -1, 318, -1, 246, -1, -1, -1, -1, -1, -1, -1, -1, -1, -1, 168, -1, 399, 261, -1, -1, -1, -1, 159, -1, -1, -1, -1, -1, -1, 192, -1, -1, -1, -1, -1, -1, 216, -1, 199, -1, 345, -1, 123, -1, -1, -1, 87, -1, -1, -1, -1, 192, -1, -1, -1, -1, -1, -1, 179, 49, -1, 230, -1, -1, -1, -1, 184, 244, -1, -1, -1, -1, -1, -1, -1, 211, -1, 318, -1, -1, -1, -1, -1, -1, -1, -1, -1, -1, -1, -1, -1, -1, -1, -1, -1, 87, -1, -1, 340, -1, -1, -1, -1, -1, -1, -1, -1, -1, -1, -1, -1, 422, 148, 284, -1, -1, -1, -1, 159, 397, -1, 287, 43, 256, -1, 265, -1, -1, -1, 58, -1, -1, -1, -1, -1, -1, -1, -1, -1, -1, -1, -1, 192, -1, -1, -1, 177, -1, -1, -1, -1, -1, 251, -1, -1, -1, 179, -1, -1, 222, -1, 62, -1, -1, -1, -1, -1, -1, -1, 196, -1, -1, 196, -1, -1, -1, -1, -1, -1, 240, -1, -1, -1, -1, -1, -1, -1, -1, 151, -1, 320, -1, 162, -1, -1, -1, 128, -1, -1, -1, -1, 143, -1, -1, -1, -1, 49, -1, 222, -1, -1, 268, -1, -1, 280, -1, 147, 206, -1, -1, -1, -1, -1, -1, 242, -1, -1, -1, 159, -1, 82, -1, -1, -1, 173, -1, 176, -1, -1, -1, 284, -1, 254, -1, -1, -1, -1, -1, -1, -1, 281, -1, 250, -1, 188, -1, -1, -1, -1, -1, -1, -1, -1, -1, -1, -1, -1, -1, -1, -1, 272, -1, 73, -1, -1, 214, -1, 285, -1, 107, -1, -1, -1, -1, -1, -1, -1, -1, -1, -1, -1, -1, 255, -1, -1, 387, 239, 436, -1, -1, -1, -1, -1, -1, -1, -1, 230, 422, 62, 268, -1, -1, 342, -1, -1, -1, -1, -1, 295, 137, -1, 232, -1, -1, -1, 140, -1, 172, -1, -1, -1, -1, -1, -1, -1, -1, -1, -1, -1, -1, -1, -1, -1, -1, -1, 66, -1, -1, 205, -1, -1, -1, -1, -1, -1, -1, -1, 148, -1, -1, -1, 342, -1, 168, -1, -1, -1, -1, 195, 278, -1, 151, -1, -1, -1, 287, -1, 179, -1, -1, -1, -1, -1, -1, -1, 394, -1, -1, -1, -1, -1, -1, -1, -1, -1, 201, -1, -1, 75, -1, -1, -1, -1, -1, -1, -1, -1, 284, -1, -1, -1, -1, 168, -1, -1, -1, -1, -1, 363, 342, -1, 218, -1, -1, -1, -1, -1, -1, -1, -1, -1, 284, 282, -1, -1, -1, -1, -1, 201, -1, 174, 291, -1, -1, -1, -1, -1, -1, -1, -1, -1, 196, -1, 276, -1, 168, -1, -1, -1, 280, -1, -1, -1, -1, -1, -1, 288, 93, -1, -1, -1, -1, -1, -1, -1, -1, 194, -1, -1, -1, -1, -1, -1, 97, -1, 306, -1, 242, -1, 146, -1, -1, -1, 228, 253, -1, -1, 122, -1, 326, -1, -1, -1, 325, -1, -1, -1, -1, -1, -1, -1, -1, -1, -1, -1, -1, -1, -1, -1, -1, -1, -1, 258, -1, -1, -1, -1, -1, -1, -1, -1, -1, -1, 260, -1, -1, -1, 161, 87, 229, -1, 376, -1, -1, -1, -1, -1, 233, -1, -1, -1, 91, -1, 276, -1, 399, 184, -1, -1, 147, -1, -1, -1, -1, 288, -1, -1, 256, -1, -1, -1, -1, -1, -1, -1, -1, -1, -1, -1, -1, 267, 377, 373, -1, -1, -1, -1, -1, 179, -1, 143, 370, -1, -1, -1, -1, 277, -1, -1, -1, -1, 170, -1, -1, -1, 261, 244, -1, -1, 206, -1, -1, -1, -1, 93, -1, 256, -1, -1, -1, -1, -1, -1, 275, -1, 128, -1, 310, -1, 317, -1, -1, -1, -1, -1, -1, -1, -1, -1, -1, -1, -1, -1, -1, -1, 183, -1, -1, -1, -1, -1, -1, -1, -1, -1, -1, -1, 159, -1, -1, -1, 295, 195, 363, -1, -1, -1, -1, -1, 316, -1, 253, 184, -1, -1, 195, 437, 165, -1, 244, -1, -1, -1, -1, -1, 243, -1, 278, -1, -1, -1, -1, -1, -1, 344, 337, -1, -1, 306, -1, -1, -1, -1, -1, -1, -1, -1, 397, 196, -1, -1, 137, 278, 342, -1, -1, -1, -1, 316, -1, -1, 133, -1, 241, 155, -1, -1, -1, 124, -1, 316, -1, -1, -1, 170, -1, 245, -1, -1, -1, -1, -1, -1, -1, -1, -1, -1, -1, -1, -1, 106, -1, 187, -1, 88, -1, -1, -1, -1, -1, 272, -1, -1, -1, -1, -1, -1, -1, -1, -1, -1, -1, -1, -1, -1, 128, -1, 66, -1, -1, -1, -1, -1, -1, -1, 295, -1, -1, -1, -1, -1, -1, -1, -1, -1, 215, -1, -1, 199, -1, -1, -1, -1, -1, -1, -1, -1, 287, -1, -1, -1, 232, 151, 218, -1, -1, -1, -1, 253, 133, -1, -1 ]);


%% Successor variables: succ[i] = next location after i in the tour.
array[Locations] of var Locations: succ;

%% Only use allowed legs (edges present in the transport network).
constraint forall(loc1, loc2 in Locations)(
  travelTime[loc1, loc2] < 0 -> succ[loc1] != loc2
);

%% Successors must form a Hamiltonian circuit.
constraint circuit(succ);

%% Variable for the length of the longest leg.
var 1..maxLegLen: maxleg;

%% Link maxleg to actual travel times used in the tour.
constraint forall(loc1, loc2 in Locations)(
  succ[loc1] = loc2 -> maxleg >= travelTime[loc1, loc2]
);

solve :: int_search(succ, input_order, indomain_min, complete)
      minimize maxleg;

output [
  "succ = ", show(succ), "\n",
  "maxleg = ", show(maxleg), "\n"
];
