%% Circuit-constraint benchmark instance
%% Generated by generate_instances.py
%% Method: Francis & Stuckey (2014) "Explaining circuit propagation"
%%
%% Model: minimise the length of the longest leg (maxleg).
%%        Successor variables must form a Hamiltonian circuit using only
%%        edges present in the transport network (travelTime >= 0).
%%        This matches the MiniZinc model in Figure 1 of the paper.
%%
%% Instance parameters
%%   n              = 50
%%   k              = 10
%%   seed           = 46
%%   knn_edges      = 293   (undirected edges from k-nearest step)
%%   walk_edges     = 4  (undirected edges added by random walk)
%%   total_edges    = 297
%%   walk_fraction  = 0.0135  (walk_edges / total_edges)
%%
%% NOTE: a walk_fraction above 0.20 may indicate a near-degenerate instance
%%       in which the random walk dominates the graph structure.

include "globals.mzn";

int: n = 50;
set of int: Locations = 1..n;

%% Maximum possible travel time; used as the upper bound for maxleg.
int: maxLegLen = 1279;

%% Travel times between locations (–1 means no direct connection exists).
array[Locations, Locations] of int: travelTime =
  array2d(Locations, Locations, [ -1, -1, -1, -1, -1, -1, 268, 132, 540, -1, -1, -1, 201, -1, -1, -1, -1, -1, -1, 228, -1, -1, -1, -1, 330, 217, -1, -1, -1, -1, 275, -1, 380, -1, 118, -1, -1, -1, 335, -1, -1, -1, -1, 90, -1, -1, 344, -1, -1, -1, -1, -1, -1, 88, -1, 271, -1, -1, 387, -1, -1, -1, -1, -1, 115, -1, -1, 253, -1, -1, -1, 150, -1, -1, -1, 334, -1, -1, -1, -1, -1, -1, -1, -1, -1, -1, -1, 222, 266, 194, -1, -1, -1, -1, -1, 141, -1, -1, -1, -1, -1, -1, -1, -1, -1, -1, -1, -1, -1, -1, -1, -1, -1, -1, -1, -1, -1, -1, 219, -1, 291, -1, -1, -1, -1, -1, -1, -1, 366, -1, -1, 93, -1, -1, -1, 189, -1, 306, -1, 308, 154, -1, -1, -1, 167, -1, -1, 128, 88, -1, -1, 88, -1, -1, -1, 291, -1, -1, 384, -1, -1, -1, -1, -1, 186, -1, -1, 259, -1, -1, -1, 237, -1, -1, -1, -1, -1, -1, -1, -1, -1, -1, -1, -1, -1, -1, -1, 262, 322, 267, -1, -1, -1, -1, -1, 150, -1, -1, -1, 346, -1, -1, -1, -1, -1, -1, -1, -1, -1, -1, -1, -1, -1, 175, -1, 246, 323, -1, 278, -1, 197, -1, -1, 256, -1, -1, -1, -1, -1, 157, -1, -1, -1, -1, -1, 327, -1, -1, -1, -1, -1, 286, 18, -1, -1, -1, -1, -1, -1, -1, -1, 271, -1, 291, -1, -1, -1, -1, -1, 272, -1, -1, -1, -1, 192, -1, -1, 49, -1, -1, -1, -1, -1, -1, -1, -1, -1, -1, 222, -1, -1, 251, -1, -1, -1, -1, -1, 76, -1, 193, -1, -1, -1, -1, 169, -1, 970, -1, 269, 108, 268, -1, -1, -1, -1, -1, -1, -1, -1, -1, -1, -1, -1, -1, -1, -1, -1, -1, -1, 98, -1, -1, 181, -1, -1, -1, 263, -1, -1, -1, 137, -1, 148, 218, 240, -1, 193, -1, -1, -1, -1, -1, -1, 276, -1, -1, 104, -1, -1, -1, 132, -1, -1, -1, -1, -1, -1, -1, 410, -1, -1, -1, 171, -1, -1, -1, -1, -1, -1, 356, -1, 360, -1, -1, 394, 173, -1, -1, -1, -1, 398, -1, -1, -1, 217, -1, -1, -1, 224, -1, -1, -1, -1, 160, -1, -1, -1, -1, -1, -1, 540, 387, -1, 384, -1, -1, -1, 410, -1, -1, -1, -1, 447, -1, 487, -1, -1, -1, -1, -1, -1, 421, -1, -1, -1, 425, -1, -1, -1, -1, -1, -1, -1, -1, -1, -1, -1, -1, 254, -1, -1, -1, 1279, -1, -1, 246, -1, -1, -1, -1, -1, -1, -1, -1, -1, 272, -1, -1, -1, -1, -1, -1, -1, -1, 458, -1, -1, 263, -1, -1, -1, -1, -1, -1, -1, -1, -1, -1, 116, -1, -1, 451, -1, -1, -1, -1, -1, 347, -1, 464, -1, -1, -1, -1, 391, -1, -1, -1, 470, 166, -1, -1, -1, -1, -1, -1, -1, -1, -1, -1, -1, 83, -1, -1, -1, 210, 152, -1, -1, -1, -1, -1, 218, 199, 225, -1, 105, 111, -1, -1, -1, -1, -1, 209, -1, -1, 173, -1, -1, -1, -1, 169, -1, -1, -1, -1, -1, -1, -1, -1, -1, -1, -1, -1, -1, -1, -1, -1, -1, -1, 83, -1, -1, -1, -1, 193, 111, -1, -1, -1, -1, -1, 211, 186, 306, -1, 152, 77, -1, 300, -1, -1, -1, 188, -1, -1, 195, -1, -1, -1, -1, 164, -1, -1, -1, -1, -1, -1, -1, -1, 201, -1, -1, -1, -1, -1, -1, 171, 447, -1, -1, -1, -1, -1, 337, -1, -1, -1, -1, -1, -1, 217, -1, -1, 260, 24, -1, -1, -1, -1, -1, -1, -1, -1, 181, -1, -1, -1, 197, 321, -1, -1, -1, 282, -1, 354, 514, -1, -1, -1, -1, -1, -1, -1, 175, -1, -1, -1, -1, -1, -1, -1, -1, -1, -1, 204, 291, -1, 106, -1, 22, -1, -1, 207, -1, -1, -1, -1, -1, 234, -1, -1, -1, -1, -1, 167, -1, -1, -1, -1, 162, 223, 187, -1, -1, -1, -1, 213, -1, -1, -1, 115, -1, 186, -1, 192, -1, -1, 487, 458, -1, -1, 337, -1, -1, -1, -1, 195, -1, -1, -1, 123, -1, -1, -1, 322, -1, -1, -1, -1, -1, 290, -1, -1, -1, -1, -1, 126, 317, 82, -1, -1, -1, -1, 224, 249, -1, -1, -1, 291, -1, -1, -1, -1, 246, -1, -1, -1, -1, -1, 210, 193, -1, 204, -1, -1, 88, -1, 215, -1, 214, -1, -1, 13, -1, -1, -1, -1, -1, 146, -1, -1, -1, -1, -1, -1, -1, -1, -1, -1, -1, 44, 240, -1, -1, -1, -1, -1, -1, -1, -1, -1, -1, -1, 323, -1, -1, -1, -1, -1, 152, 111, -1, 291, -1, 88, -1, -1, 289, -1, -1, -1, -1, 85, -1, -1, 250, 188, -1, 193, -1, -1, -1, -1, -1, -1, -1, -1, -1, -1, -1, 76, 314, -1, -1, -1, -1, -1, -1, -1, -1, 253, -1, 259, -1, 49, -1, -1, -1, 263, -1, -1, -1, -1, 195, -1, -1, -1, -1, -1, -1, -1, -1, -1, -1, -1, -1, -1, 235, -1, -1, -1, -1, -1, -1, -1, -1, 102, -1, 215, -1, -1, -1, -1, 216, -1, -1, -1, -1, 98, -1, -1, 219, -1, 278, -1, -1, -1, -1, -1, -1, -1, -1, 106, -1, 215, 289, -1, -1, -1, 87, -1, -1, 211, -1, -1, -1, -1, -1, 301, -1, -1, -1, -1, -1, 133, -1, -1, -1, -1, 89, 213, 287, -1, -1, -1, -1, 108, 282, -1, 228, -1, -1, -1, -1, -1, 98, 356, -1, -1, -1, -1, -1, -1, -1, -1, -1, -1, -1, -1, -1, -1, 169, -1, 268, -1, 194, -1, -1, -1, 60, -1, 246, 209, 162, -1, 140, -1, -1, -1, -1, -1, -1, 267, -1, -1, 202, -1, -1, -1, -1, -1, 291, -1, 197, -1, -1, -1, -1, -1, -1, -1, -1, 22, -1, 214, -1, -1, 87, -1, -1, -1, -1, 215, -1, -1, -1, -1, -1, 254, -1, -1, -1, -1, -1, 147, -1, -1, -1, -1, 139, 229, 209, -1, -1, -1, -1, 194, -1, -1, -1, 150, -1, 237, -1, -1, -1, 360, 421, -1, -1, -1, 217, -1, 123, -1, -1, -1, -1, -1, -1, -1, -1, -1, -1, 201, -1, -1, -1, -1, -1, -1, -1, -1, -1, -1, -1, 239, 210, 139, -1, -1, -1, -1, 296, 218, -1, -1, -1, -1, -1, -1, -1, -1, -1, -1, 181, -1, -1, -1, 218, 211, -1, -1, -1, -1, -1, -1, -1, 169, -1, -1, -1, -1, -1, -1, 143, 134, -1, -1, 127, -1, 266, 40, -1, -1, 76, -1, -1, -1, -1, -1, -1, -1, -1, -1, 235, -1, -1, -1, -1, -1, -1, -1, 256, -1, -1, -1, -1, -1, 199, 186, -1, 207, -1, 13, 85, -1, 211, -1, 215, -1, -1, -1, -1, -1, -1, 263, -1, 159, -1, -1, -1, -1, -1, 340, -1, -1, -1, -1, 300, 32, 251, -1, -1, -1, -1, 276, -1, -1, 330, -1, -1, -1, -1, -1, -1, 394, -1, -1, 225, 306, 260, -1, -1, -1, -1, -1, -1, 268, -1, -1, -1, -1, -1, 279, 196, 301, -1, -1, 238, -1, -1, -1, 215, -1, 247, -1, -1, -1, -1, -1, -1, -1, -1, -1, -1, -1, -1, -1, 217, 334, -1, -1, -1, -1, -1, 173, 425, -1, -1, -1, 24, -1, 322, -1, -1, -1, -1, -1, -1, 201, -1, -1, 279, -1, -1, -1, -1, -1, -1, -1, -1, -1, 204, -1, -1, -1, 173, 312, -1, -1, -1, 295, -1, 330, -1, -1, -1, -1, -1, -1, -1, -1, -1, -1, 263, -1, -1, -1, 105, 152, -1, -1, -1, -1, 250, -1, -1, 194, -1, -1, 143, -1, 196, -1, -1, 113, -1, -1, 134, -1, -1, 152, -1, -1, 77, -1, -1, -1, -1, -1, -1, -1, -1, -1, -1, -1, -1, -1, -1, -1, -1, -1, -1, -1, -1, -1, -1, -1, 111, 77, -1, -1, -1, -1, 188, -1, -1, -1, -1, -1, 134, 263, 301, -1, 113, -1, -1, -1, 211, -1, -1, 111, -1, -1, 129, -1, -1, -1, -1, 240, -1, -1, -1, -1, -1, -1, -1, -1, -1, -1, 366, -1, -1, 222, -1, -1, -1, 116, -1, -1, -1, -1, -1, -1, -1, 235, -1, -1, -1, -1, -1, -1, -1, -1, -1, -1, -1, -1, -1, 347, -1, -1, -1, -1, -1, 291, -1, 401, -1, -1, -1, -1, 298, -1, -1, -1, 366, 146, -1, -1, -1, -1, 157, -1, -1, -1, -1, -1, -1, 300, -1, 234, -1, 146, 193, -1, 301, -1, 254, -1, -1, 159, -1, -1, -1, -1, -1, -1, -1, -1, -1, -1, -1, -1, -1, -1, -1, -1, -1, 190, 143, -1, -1, -1, -1, -1, -1, -1, 275, -1, -1, -1, -1, -1, 137, 398, -1, -1, -1, -1, -1, -1, -1, -1, -1, -1, -1, 60, -1, -1, 127, -1, 238, -1, 134, 211, -1, -1, -1, -1, 277, 164, 190, -1, 82, -1, -1, -1, -1, -1, -1, 323, -1, -1, 234, -1, -1, -1, -1, -1, 93, -1, -1, 251, -1, -1, -1, 451, -1, -1, -1, -1, 290, -1, -1, -1, -1, -1, -1, -1, -1, -1, -1, -1, -1, -1, 347, -1, -1, -1, -1, -1, -1, 282, -1, 221, -1, 214, 244, -1, -1, -1, 84, -1, -1, 193, 19, 330, 380, -1, -1, -1, -1, -1, 148, -1, -1, -1, -1, -1, -1, -1, -1, -1, -1, -1, -1, 246, -1, -1, 266, -1, -1, -1, -1, -1, -1, -1, 277, -1, -1, 291, 380, -1, 311, -1, -1, -1, -1, -1, -1, 356, -1, -1, 44, -1, -1, -1, -1, -1, -1, -1, -1, -1, 218, -1, -1, -1, 209, 188, -1, -1, -1, -1, -1, -1, -1, 209, -1, -1, 40, -1, -1, -1, 152, 111, -1, -1, 164, -1, 291, -1, -1, -1, 101, -1, -1, -1, -1, -1, -1, -1, -1, -1, 263, -1, -1, -1, 118, -1, -1, -1, -1, -1, 240, 217, -1, -1, -1, -1, 181, -1, -1, -1, -1, -1, -1, 162, -1, -1, -1, -1, 215, 204, -1, -1, -1, -1, 190, -1, 380, -1, -1, -1, 261, -1, -1, -1, -1, -1, -1, 201, -1, -1, 338, -1, -1, -1, -1, -1, 189, -1, 327, -1, -1, -1, -1, -1, -1, -1, -1, 167, -1, -1, -1, -1, 133, -1, 147, -1, -1, 340, -1, -1, -1, -1, -1, -1, -1, 282, -1, -1, -1, -1, -1, -1, -1, -1, 64, -1, 342, -1, -1, -1, -1, 162, 275, -1, -1, -1, -1, -1, -1, -1, 193, -1, -1, -1, 173, 195, -1, -1, -1, -1, -1, -1, -1, 140, -1, -1, 76, -1, 247, -1, 77, 129, -1, -1, 82, -1, 311, 101, 261, -1, -1, -1, -1, -1, -1, -1, -1, -1, -1, -1, 273, -1, -1, -1, -1, 222, 306, 262, -1, 76, -1, -1, -1, 347, -1, -1, -1, -1, 126, -1, -1, 102, -1, -1, -1, 239, -1, -1, -1, -1, -1, -1, 291, -1, -1, 221, -1, -1, -1, -1, -1, -1, -1, 117, -1, -1, -1, -1, 139, 363, -1, -1, 237, 183, 335, 266, -1, 322, -1, -1, -1, 224, 254, -1, -1, -1, 197, -1, 317, -1, -1, -1, -1, -1, -1, 210, -1, -1, -1, 173, -1, -1, -1, -1, -1, -1, -1, -1, -1, -1, -1, -1, -1, -1, -1, -1, -1, -1, -1, 195, -1, -1, -1, -1, -1, 194, 308, 267, -1, 193, -1, -1, -1, 464, -1, -1, 321, -1, 82, -1, -1, 215, -1, -1, -1, 139, -1, -1, -1, 312, -1, -1, 401, -1, -1, 214, -1, -1, -1, -1, -1, 117, -1, -1, -1, -1, -1, -1, 159, 319, -1, -1, 222, 301, -1, -1, 154, -1, -1, -1, -1, -1, -1, -1, -1, -1, -1, 162, -1, -1, -1, -1, 89, -1, 139, -1, -1, 300, -1, -1, -1, -1, -1, -1, -1, 244, -1, -1, -1, 64, -1, -1, -1, -1, -1, 299, 348, -1, -1, -1, -1, 99, 234, -1, -1, -1, -1, -1, 286, -1, -1, -1, -1, -1, 169, 164, -1, 223, -1, 44, 76, -1, 213, -1, 229, -1, -1, 32, -1, -1, -1, 240, -1, 190, -1, -1, -1, -1, -1, -1, -1, -1, -1, -1, 299, -1, 282, -1, -1, -1, -1, 265, -1, -1, -1, -1, -1, -1, 18, -1, -1, -1, 1279, -1, -1, -1, -1, 187, -1, 240, 314, -1, 287, -1, 209, -1, -1, 251, -1, -1, -1, -1, -1, 143, -1, -1, -1, -1, -1, 342, -1, -1, -1, -1, 348, 282, -1, -1, -1, -1, -1, -1, -1, -1, 90, -1, -1, -1, -1, -1, 276, 160, -1, -1, -1, -1, 282, -1, -1, -1, -1, -1, -1, 267, -1, -1, -1, -1, -1, 295, -1, -1, -1, -1, 323, -1, 356, -1, 201, -1, -1, -1, -1, -1, -1, -1, -1, -1, -1, -1, 327, -1, -1, -1, -1, -1, 167, -1, -1, 169, -1, -1, -1, 391, -1, -1, -1, -1, 224, -1, -1, 216, -1, -1, -1, 296, -1, -1, -1, -1, -1, -1, 298, -1, -1, 84, -1, -1, -1, -1, -1, 139, -1, 159, -1, -1, -1, -1, -1, -1, -1, 277, 101, 255, -1, 141, -1, 150, -1, -1, -1, -1, 246, -1, -1, -1, 354, -1, 249, -1, -1, -1, -1, -1, -1, 218, -1, -1, -1, 330, -1, -1, -1, -1, -1, -1, -1, -1, -1, -1, -1, 363, 195, 319, -1, -1, -1, -1, -1, -1, -1, -1, -1, -1, 344, -1, -1, -1, -1, 970, 104, -1, -1, -1, -1, -1, 514, -1, -1, -1, -1, -1, -1, 202, -1, -1, 235, -1, -1, -1, -1, -1, -1, -1, 234, -1, 44, 263, 338, -1, 273, -1, -1, -1, -1, -1, -1, 327, -1, -1, -1, -1, -1, -1, -1, -1, 128, -1, -1, -1, -1, -1, -1, -1, -1, -1, -1, 213, -1, -1, -1, -1, 108, -1, 194, -1, -1, 276, -1, -1, -1, -1, -1, -1, -1, 193, -1, -1, -1, 162, -1, -1, -1, -1, 99, 265, -1, -1, 277, -1, -1, -1, 177, -1, -1, -1, 88, -1, -1, 269, -1, -1, -1, 470, -1, -1, -1, -1, -1, -1, -1, -1, 282, -1, -1, -1, -1, -1, -1, -1, -1, -1, 366, -1, -1, 19, -1, -1, -1, 275, -1, 237, -1, 222, 234, -1, -1, -1, 101, -1, -1, 177, -1, -1, -1, -1, -1, 346, -1, 108, -1, -1, -1, 166, -1, -1, -1, -1, 291, -1, -1, 98, -1, -1, -1, -1, -1, -1, -1, -1, -1, -1, 146, -1, -1, 330, -1, -1, -1, -1, -1, 183, -1, 301, -1, -1, -1, -1, 255, -1, -1, -1, -1, -1 ]);


%% Successor variables: succ[i] = next location after i in the tour.
array[Locations] of var Locations: succ;

%% Only use allowed legs (edges present in the transport network).
constraint forall(loc1, loc2 in Locations)(
  travelTime[loc1, loc2] < 0 -> succ[loc1] != loc2
);

%% Successors must form a Hamiltonian circuit.
constraint circuit(succ);

%% Variable for the length of the longest leg.
var 1..maxLegLen: maxleg;

%% Link maxleg to actual travel times used in the tour.
constraint forall(loc1, loc2 in Locations)(
  succ[loc1] = loc2 -> maxleg >= travelTime[loc1, loc2]
);

solve :: int_search(succ, input_order, indomain_min, complete)
      minimize maxleg;

output [
  "succ = ", show(succ), "\n",
  "maxleg = ", show(maxleg), "\n"
];
