%% Circuit-constraint benchmark instance
%% Generated by generate_instances.py
%% Method: Francis & Stuckey (2014) "Explaining circuit propagation"
%%
%% Model: minimise the length of the longest leg (maxleg).
%%        Successor variables must form a Hamiltonian circuit using only
%%        edges present in the transport network (travelTime >= 0).
%%        This matches the MiniZinc model in Figure 1 of the paper.
%%
%% Instance parameters
%%   n              = 50
%%   k              = 10
%%   seed           = 51
%%   knn_edges      = 291   (undirected edges from k-nearest step)
%%   walk_edges     = 3  (undirected edges added by random walk)
%%   total_edges    = 294
%%   walk_fraction  = 0.0102  (walk_edges / total_edges)
%%
%% NOTE: a walk_fraction above 0.20 may indicate a near-degenerate instance
%%       in which the random walk dominates the graph structure.

include "globals.mzn";

int: n = 50;
set of int: Locations = 1..n;

%% Maximum possible travel time; used as the upper bound for maxleg.
int: maxLegLen = 818;

%% Travel times between locations (–1 means no direct connection exists).
array[Locations, Locations] of int: travelTime =
  array2d(Locations, Locations, [ -1, -1, 52, -1, -1, -1, -1, -1, -1, 325, -1, 131, -1, -1, 263, -1, -1, -1, -1, -1, -1, 237, 347, -1, -1, 158, 437, -1, -1, -1, -1, 297, -1, -1, 231, 177, -1, -1, -1, -1, 194, -1, -1, -1, -1, -1, -1, -1, 281, -1, -1, -1, 278, -1, -1, -1, -1, -1, -1, -1, 316, 206, 208, -1, 69, 277, 320, -1, -1, -1, -1, -1, -1, -1, -1, -1, -1, -1, -1, -1, -1, -1, -1, -1, -1, 248, -1, -1, -1, 165, -1, -1, -1, -1, -1, -1, -1, 332, 220, -1, 52, 278, -1, -1, -1, -1, -1, -1, -1, 357, -1, 83, 270, -1, 211, -1, -1, -1, -1, -1, -1, 245, -1, -1, -1, 201, -1, -1, -1, -1, -1, -1, -1, -1, 243, 148, -1, -1, -1, -1, 198, -1, -1, -1, -1, -1, -1, -1, 245, -1, -1, -1, -1, -1, -1, -1, -1, 71, -1, -1, -1, -1, -1, -1, -1, -1, -1, -1, -1, -1, 90, -1, -1, 287, 154, -1, -1, -1, -1, -1, 247, -1, -1, -1, -1, -1, -1, 186, 273, -1, -1, -1, 164, 110, -1, 288, 318, -1, -1, -1, -1, -1, -1, -1, -1, -1, -1, 329, 122, -1, -1, -1, -1, 52, -1, -1, -1, 95, 167, -1, 268, -1, -1, -1, 193, -1, -1, 220, 99, 322, 95, -1, 248, 175, -1, -1, -1, -1, -1, -1, -1, -1, 181, -1, -1, -1, -1, -1, -1, -1, -1, -1, -1, -1, -1, -1, 271, -1, -1, -1, 199, -1, 239, -1, -1, 236, 288, -1, -1, -1, -1, -1, -1, -1, -1, -1, -1, 216, -1, -1, -1, 106, -1, -1, -1, -1, 75, -1, 186, -1, -1, 36, -1, -1, -1, 226, -1, 340, -1, 162, -1, -1, -1, -1, -1, 271, -1, -1, -1, -1, -1, -1, -1, -1, -1, -1, -1, -1, -1, 185, -1, -1, 234, -1, -1, -1, 278, -1, -1, -1, -1, 170, -1, -1, -1, -1, 201, 304, 267, -1, -1, 241, -1, 308, 238, 82, 318, -1, -1, -1, -1, -1, -1, 71, 329, -1, -1, -1, -1, -1, -1, -1, -1, -1, -1, -1, -1, -1, -1, -1, 61, -1, -1, 294, 173, -1, -1, -1, -1, -1, 249, -1, -1, -1, -1, -1, -1, 226, 324, -1, -1, -1, 148, 155, 576, -1, 360, -1, -1, -1, -1, -1, -1, -1, 122, -1, -1, -1, -1, -1, -1, -1, -1, 107, -1, -1, -1, 28, 161, -1, -1, -1, -1, -1, -1, -1, -1, 299, 23, 245, 215, -1, 185, 154, -1, -1, -1, -1, -1, -1, -1, -1, -1, -1, -1, -1, -1, -1, -1, -1, 325, -1, 357, -1, -1, -1, -1, -1, -1, -1, -1, 388, -1, -1, -1, -1, -1, -1, -1, -1, -1, 177, 391, -1, -1, 181, -1, -1, -1, -1, -1, -1, -1, -1, 162, 332, -1, -1, -1, -1, 208, -1, -1, -1, -1, -1, -1, -1, 402, -1, -1, 316, -1, -1, -1, 199, -1, -1, -1, -1, -1, -1, 114, -1, 290, 46, 92, -1, -1, -1, -1, -1, -1, -1, -1, -1, -1, -1, -1, -1, -1, 297, -1, -1, -1, -1, 274, -1, -1, 311, -1, 227, -1, -1, -1, -1, -1, 145, -1, 219, 131, 206, 83, -1, -1, -1, -1, -1, -1, 388, -1, -1, 255, -1, 145, -1, -1, -1, -1, -1, -1, 243, -1, -1, -1, 258, -1, -1, -1, -1, -1, -1, -1, -1, 246, 95, -1, -1, -1, 364, 195, -1, -1, -1, -1, -1, -1, -1, 172, -1, -1, 208, 270, -1, -1, 239, -1, -1, -1, -1, 114, 255, -1, -1, 176, 88, 159, -1, -1, -1, -1, -1, -1, -1, -1, -1, -1, -1, -1, -1, -1, -1, -1, -1, -1, -1, 310, -1, -1, 247, -1, 254, -1, -1, -1, -1, -1, 198, -1, -1, -1, -1, -1, -1, 52, -1, -1, -1, 107, -1, -1, -1, -1, -1, -1, -1, -1, 86, 115, -1, -1, -1, -1, -1, 214, -1, -1, 197, 88, 274, 118, -1, 198, 123, -1, -1, -1, -1, -1, -1, -1, -1, 218, -1, -1, -1, -1, -1, -1, -1, 263, 69, 211, -1, -1, -1, -1, -1, -1, -1, 290, 145, 176, -1, -1, 257, 313, -1, -1, -1, -1, 371, -1, -1, -1, -1, -1, -1, -1, -1, -1, -1, -1, -1, 378, 205, -1, -1, -1, 219, 327, -1, -1, -1, -1, -1, -1, 336, 208, -1, -1, 277, -1, -1, -1, 236, -1, -1, -1, -1, 46, -1, 88, -1, 257, -1, 76, -1, -1, -1, -1, -1, -1, -1, -1, -1, -1, -1, -1, -1, -1, -1, -1, -1, -1, -1, -1, -1, -1, 266, -1, 261, -1, -1, -1, -1, -1, 124, -1, 264, -1, 320, -1, -1, -1, 288, -1, -1, -1, -1, 92, -1, 159, -1, 313, 76, -1, -1, -1, -1, -1, -1, -1, -1, -1, -1, -1, -1, -1, -1, -1, -1, -1, 367, -1, -1, -1, -1, -1, 267, -1, 318, -1, -1, -1, -1, -1, 52, -1, 275, -1, -1, -1, -1, 95, -1, -1, -1, 28, -1, -1, -1, -1, 86, -1, -1, -1, -1, 160, -1, -1, -1, -1, -1, -1, -1, -1, -1, 7, 264, 188, -1, 200, 156, -1, -1, -1, -1, -1, -1, -1, -1, 273, -1, -1, -1, -1, -1, -1, -1, -1, -1, -1, -1, 167, -1, -1, -1, 161, -1, -1, -1, -1, 115, -1, -1, -1, 160, -1, -1, -1, -1, -1, -1, -1, -1, -1, 179, 157, 182, 205, -1, 107, 21, -1, -1, -1, -1, 252, -1, -1, -1, -1, -1, -1, -1, -1, -1, -1, 175, -1, -1, -1, -1, -1, -1, 185, -1, -1, -1, -1, -1, -1, -1, -1, -1, -1, -1, -1, -1, -1, -1, 179, 374, -1, -1, 153, -1, -1, -1, -1, 353, -1, -1, -1, -1, -1, 271, -1, -1, -1, -1, -1, 318, 114, 252, 203, -1, -1, -1, -1, -1, -1, 90, 268, -1, -1, 61, -1, -1, -1, -1, -1, -1, -1, -1, -1, -1, -1, -1, -1, -1, -1, 353, 119, -1, -1, 291, -1, -1, 188, -1, -1, -1, -1, -1, -1, 271, 285, -1, -1, -1, 87, 197, -1, -1, -1, -1, -1, -1, 237, -1, 245, -1, -1, -1, -1, -1, -1, 177, -1, 243, -1, -1, 371, -1, -1, -1, -1, -1, -1, -1, -1, -1, -1, 179, -1, -1, -1, -1, -1, -1, -1, -1, 18, 167, -1, -1, -1, -1, 48, -1, -1, -1, -1, -1, -1, -1, 226, -1, 347, -1, -1, -1, -1, -1, 234, -1, -1, 391, -1, -1, -1, -1, -1, -1, -1, -1, -1, 179, -1, -1, -1, -1, -1, 284, 90, -1, -1, -1, -1, 346, -1, -1, -1, -1, -1, -1, -1, -1, -1, -1, -1, -1, 86, 315, 380, -1, -1, -1, -1, -1, -1, 287, -1, -1, -1, 294, -1, -1, -1, -1, -1, -1, -1, -1, -1, -1, -1, 374, 353, -1, -1, -1, 441, -1, -1, -1, -1, -1, -1, -1, -1, -1, -1, -1, -1, 152, -1, -1, -1, -1, 440, 197, -1, 446, 176, -1, -1, -1, -1, -1, -1, 154, 193, -1, -1, 173, -1, -1, -1, -1, -1, 214, -1, -1, -1, -1, -1, -1, 119, -1, -1, 441, -1, -1, -1, 174, -1, -1, 98, -1, -1, -1, -1, 818, -1, 328, 179, -1, -1, -1, 78, 256, -1, -1, -1, -1, -1, -1, 158, -1, 201, -1, -1, -1, -1, -1, -1, 181, -1, 258, -1, -1, -1, -1, -1, -1, -1, -1, -1, 179, 284, -1, -1, -1, 363, -1, -1, -1, -1, -1, -1, -1, 164, 245, -1, -1, -1, -1, 164, -1, -1, -1, 369, -1, -1, -1, 345, -1, 437, -1, -1, -1, -1, -1, 278, -1, -1, -1, -1, -1, -1, -1, -1, -1, -1, -1, -1, 153, -1, -1, 90, -1, -1, 363, -1, -1, -1, -1, -1, 416, -1, -1, -1, -1, -1, 422, -1, -1, -1, -1, -1, -1, 43, 359, 335, -1, -1, -1, -1, -1, -1, -1, 220, 216, -1, -1, 299, -1, -1, -1, -1, 197, -1, -1, -1, -1, 179, -1, 291, -1, -1, -1, 174, -1, -1, -1, -1, -1, 169, 258, 278, 199, -1, -1, 204, -1, 74, -1, -1, 234, 241, -1, -1, 260, -1, -1, -1, 113, -1, -1, -1, -1, 99, -1, -1, -1, 23, -1, -1, -1, -1, 88, -1, -1, -1, 7, 157, -1, -1, -1, -1, -1, -1, -1, -1, -1, -1, 258, 193, -1, 194, 152, -1, -1, -1, -1, -1, -1, -1, -1, 278, -1, -1, -1, -1, -1, -1, -1, -1, -1, -1, -1, 322, -1, -1, -1, 245, -1, -1, -1, -1, 274, -1, -1, -1, 264, 182, -1, -1, -1, -1, -1, -1, -1, -1, -1, 258, -1, -1, -1, 77, 164, -1, -1, -1, -1, -1, -1, -1, -1, -1, -1, -1, -1, -1, 324, -1, 292, -1, -1, -1, 247, 95, -1, -1, 249, 215, -1, -1, -1, -1, 118, -1, -1, -1, 188, 205, -1, 188, -1, -1, -1, 98, -1, -1, 169, 193, -1, -1, -1, -1, -1, -1, -1, -1, -1, 211, -1, -1, -1, 105, -1, -1, -1, -1, -1, -1, -1, 297, -1, -1, -1, -1, 106, 170, -1, -1, -1, 297, -1, -1, -1, -1, -1, -1, -1, -1, 353, -1, -1, 346, -1, -1, -1, 416, 258, -1, -1, -1, -1, -1, -1, -1, -1, 55, -1, 200, -1, -1, 72, -1, -1, 381, 143, -1, -1, -1, 245, -1, -1, -1, -1, 248, -1, -1, -1, 185, -1, -1, -1, -1, 198, -1, -1, -1, 200, 107, -1, -1, -1, -1, -1, -1, -1, -1, 278, 194, 77, -1, -1, -1, 88, -1, -1, -1, -1, -1, -1, -1, -1, -1, -1, -1, -1, -1, -1, -1, 242, -1, -1, -1, -1, 175, -1, -1, -1, 154, -1, -1, -1, -1, 123, -1, -1, 367, 156, 21, -1, -1, -1, -1, -1, -1, -1, -1, 199, 152, 164, -1, -1, 88, -1, -1, -1, -1, -1, -1, -1, -1, -1, -1, -1, -1, -1, -1, -1, -1, 190, 231, -1, 243, -1, -1, -1, -1, -1, -1, 162, -1, 246, -1, -1, 378, -1, -1, -1, -1, -1, -1, 18, -1, -1, -1, 164, -1, -1, -1, -1, -1, -1, -1, -1, -1, 175, -1, -1, -1, -1, 51, -1, -1, -1, -1, -1, -1, -1, 240, -1, 177, 248, 148, -1, -1, -1, -1, -1, -1, 332, -1, 95, -1, -1, 205, -1, -1, -1, -1, -1, -1, 167, -1, -1, 818, 245, -1, -1, -1, -1, -1, -1, -1, -1, 175, -1, -1, -1, -1, 413, 125, -1, -1, -1, -1, -1, -1, -1, 107, -1, -1, -1, -1, -1, -1, 75, 201, -1, -1, -1, 274, -1, 310, -1, -1, -1, -1, -1, -1, -1, -1, -1, -1, -1, -1, -1, -1, 204, -1, -1, -1, 55, -1, -1, -1, -1, -1, -1, 151, -1, -1, 57, -1, -1, 425, 151, -1, -1, -1, 192, -1, -1, -1, 186, -1, -1, 304, 226, -1, -1, -1, -1, -1, -1, -1, -1, -1, -1, -1, 271, 271, -1, -1, 152, 328, -1, 422, -1, -1, -1, -1, -1, -1, -1, -1, -1, -1, -1, -1, -1, -1, -1, -1, 75, 385, 294, 134, -1, -1, -1, -1, -1, -1, 273, -1, 186, 267, 324, -1, -1, -1, -1, -1, -1, -1, -1, -1, -1, 252, -1, 285, -1, -1, -1, 179, -1, -1, 74, -1, -1, 211, 200, -1, -1, -1, -1, 151, -1, -1, -1, -1, 193, 256, -1, -1, 187, -1, -1, -1, 149, -1, 165, -1, -1, -1, -1, -1, -1, -1, -1, 311, 364, 247, -1, 219, 266, 267, -1, -1, -1, -1, -1, -1, -1, -1, -1, -1, -1, -1, -1, -1, -1, -1, -1, -1, 413, -1, -1, -1, -1, -1, -1, -1, -1, -1, -1, -1, 252, 377, -1, 194, -1, 198, -1, -1, -1, -1, -1, -1, 208, -1, 195, -1, -1, 327, -1, -1, -1, -1, -1, -1, 48, -1, -1, -1, 164, -1, -1, -1, -1, -1, -1, -1, -1, 51, 125, -1, -1, -1, -1, -1, -1, -1, -1, -1, -1, -1, -1, 200, -1, -1, -1, -1, -1, -1, 36, 241, -1, -1, -1, 227, -1, 254, -1, -1, 261, 318, -1, -1, -1, -1, -1, -1, -1, -1, -1, -1, 234, -1, -1, -1, 72, -1, -1, -1, -1, 57, -1, 193, -1, -1, -1, -1, -1, -1, 202, -1, -1, -1, 193, -1, -1, -1, 164, 181, -1, -1, 148, -1, -1, -1, -1, -1, 218, -1, -1, -1, 273, -1, -1, 87, -1, -1, 440, 78, -1, -1, 241, 278, -1, 105, -1, -1, -1, -1, -1, -1, -1, 256, -1, -1, -1, -1, 274, -1, -1, -1, -1, -1, -1, -1, -1, -1, 110, -1, -1, 308, 155, -1, -1, -1, -1, -1, -1, -1, -1, -1, -1, -1, 318, 197, -1, -1, 197, 256, -1, -1, -1, -1, -1, -1, -1, -1, -1, -1, -1, -1, 75, -1, -1, -1, -1, 274, -1, -1, 278, 209, -1, -1, -1, -1, -1, -1, -1, -1, -1, 238, 576, -1, -1, -1, -1, -1, -1, -1, -1, -1, -1, -1, 114, -1, -1, 86, -1, -1, 369, 43, -1, -1, -1, -1, 381, -1, -1, -1, -1, 425, 385, -1, -1, -1, -1, -1, -1, -1, 318, 305, -1, -1, -1, -1, -1, -1, 288, -1, 226, 82, -1, -1, -1, -1, -1, -1, -1, -1, -1, -1, -1, -1, 252, -1, -1, 315, 446, -1, -1, 359, 260, -1, -1, -1, 143, -1, -1, -1, -1, 151, 294, 187, -1, -1, 202, -1, 278, 318, -1, 342, -1, -1, -1, -1, -1, -1, 318, -1, -1, 318, 360, -1, -1, -1, -1, -1, -1, -1, -1, -1, -1, -1, 203, -1, -1, 380, 176, -1, -1, 335, -1, -1, -1, -1, -1, -1, -1, -1, -1, -1, 134, -1, -1, -1, -1, -1, 209, 305, 342, -1, -1, -1, -1, -1, 332, -1, -1, -1, 340, -1, -1, -1, -1, 145, -1, 198, -1, 336, 124, 52, -1, -1, -1, -1, -1, -1, -1, -1, -1, -1, -1, -1, 324, -1, -1, -1, -1, -1, -1, -1, -1, -1, 252, -1, -1, -1, -1, -1, -1, -1, -1, -1, 316, 281, 220, 245, -1, -1, -1, -1, -1, -1, 402, -1, 172, -1, -1, 208, -1, -1, -1, -1, -1, -1, 226, -1, -1, -1, 345, -1, -1, -1, -1, -1, -1, -1, -1, 240, 107, -1, -1, -1, 377, 200, -1, -1, -1, -1, -1, -1, -1, -1, -1, -1, -1, -1, -1, -1, 162, -1, -1, -1, -1, 219, -1, -1, -1, -1, 264, 275, -1, 175, -1, -1, -1, -1, -1, -1, -1, -1, 113, -1, 292, -1, 245, 242, 190, -1, -1, 192, -1, 149, -1, -1, 193, -1, -1, -1, -1, -1, 316, -1, -1 ]);


%% Successor variables: succ[i] = next location after i in the tour.
array[Locations] of var Locations: succ;

%% Only use allowed legs (edges present in the transport network).
constraint forall(loc1, loc2 in Locations)(
  travelTime[loc1, loc2] < 0 -> succ[loc1] != loc2
);

%% Successors must form a Hamiltonian circuit.
constraint circuit(succ);

%% Variable for the length of the longest leg.
var 1..maxLegLen: maxleg;

%% Link maxleg to actual travel times used in the tour.
constraint forall(loc1, loc2 in Locations)(
  succ[loc1] = loc2 -> maxleg >= travelTime[loc1, loc2]
);

solve :: int_search(succ, input_order, indomain_min, complete)
      minimize maxleg;

output [
  "succ = ", show(succ), "\n",
  "maxleg = ", show(maxleg), "\n"
];
