instance = "pumpkin-v0/opt/n20_k5/instance_n20_k5_0017.fzn"
directory = "experiments/20260609-14.46.48.023744-pumpkin-v0/296"
status = "OPTIMAL"
num_solutions = 4
wall_clock_time = 14.44
cpu_time = 1.11
failures = "7708"
propagations = "1076997"
solveTime = "0.988228684"
nodes = "9665"
peakDepth = "130"
restarts = "0"
nogoods = "7708"
AverageLbd = "6.353009859885833"
AverageLearnedNogoodLength = "24.53918007265179"
AverageConflictSize = "8.130643487285937"
NumUnitNogoodsLearned = "1"
circuitNumberPropagationsThatFoundConflict = "166"
circuitNumberTotalFixedEdgesAtConflict = "1994"
circuitNumberNumberOfConflicts = "166"
circuitNumberPropagationsThatPruned = "2358"
circuitNumberPropagationsTotal = "10348"

[[solution_objectives]]
nodes = 144
restarts = 0
peakDepth = 130
solveTime = 0.001074819
failures = 14
propagations = 2529
nogoods = 14
AverageConflictSize = 2.357142857142857
NumUnitNogoodsLearned = 0
AverageLearnedNogoodLength = 9.285714285714286
AverageLbd = 5.857142857142857
value = 576
time = 12.11

[[solution_objectives]]
nodes = 267
restarts = 0
peakDepth = 130
solveTime = 0.001329901
failures = 15
propagations = 3309
nogoods = 15
AverageConflictSize = 3.3333333333333335
NumUnitNogoodsLearned = 0
AverageLearnedNogoodLength = 9.733333333333333
AverageLbd = 6.266666666666667
value = 575
time = 12.11

[[solution_objectives]]
nodes = 389
restarts = 0
peakDepth = 130
solveTime = 0.001528632
failures = 15
propagations = 4017
nogoods = 15
AverageConflictSize = 3.3333333333333335
NumUnitNogoodsLearned = 0
AverageLearnedNogoodLength = 9.733333333333333
AverageLbd = 6.266666666666667
value = 446
time = 12.11

[[solution_objectives]]
nodes = 487
restarts = 0
peakDepth = 130
solveTime = 0.001708927
failures = 15
propagations = 4726
nogoods = 15
AverageConflictSize = 3.3333333333333335
NumUnitNogoodsLearned = 0
AverageLearnedNogoodLength = 9.733333333333333
AverageLbd = 6.266666666666667
value = 379
time = 12.11
