instance = "pumpkin-v3/opt/n150_k10/instance_n150_k10_0003.fzn"
directory = "experiments/20260605-18.05.57.686725-pumpkin-v3/19"
status = "OPTIMAL"
num_solutions = 2
wall_clock_time = 39.27
cpu_time = 32.410000000000004
failures = "22573"
propagations = "948467"
solveTime = "32.394447743"
nodes = "32054"
peakDepth = "1336"
restarts = "7"
nogoods = "22573"
AverageLbd = "51.773091746777126"
AverageLearnedNogoodLength = "133.13064280334913"
AverageConflictSize = "30.536082930935187"
NumUnitNogoodsLearned = "136"

[[solution_objectives]]
nodes = 23237
restarts = 7
peakDepth = 1336
solveTime = 21.59573058
failures = 16657
propagations = 709942
nogoods = 16657
AverageConflictSize = 36.66614636489164
NumUnitNogoodsLearned = 136
AverageLearnedNogoodLength = 122.32899081467251
AverageLbd = 52.477336855376116
value = 174
time = 28.35

[[solution_objectives]]
nodes = 32054
restarts = 7
peakDepth = 1336
solveTime = 32.394429296
failures = 22573
propagations = 948467
nogoods = 22573
AverageConflictSize = 30.536082930935187
NumUnitNogoodsLearned = 136
AverageLearnedNogoodLength = 133.13064280334913
AverageLbd = 51.773091746777126
value = 137
time = 39.16
