instance = "pumpkin-v1/opt/n100_k15/instance_n100_k15_0009.fzn"
directory = "experiments/20260602-15.07.06.641281-pumpkin-v1/156"
status = "OPTIMAL"
num_solutions = 3
wall_clock_time = 229.7
cpu_time = 224.61
failures = "231937"
propagations = "28506533"
solveTime = "225.122656902"
nodes = "968315"
peakDepth = "1128"
restarts = "1109"
nogoods = "231937"
AverageLbd = "37.6632706295244"
AverageLearnedNogoodLength = "77.72223060572483"
AverageConflictSize = "59.95187055105481"
NumUnitNogoodsLearned = "190"

[[solution_objectives]]
nodes = 963672
restarts = 1108
peakDepth = 1128
solveTime = 224.734791545
failures = 231645
propagations = 28470851
nogoods = 231645
AverageConflictSize = 59.974754473439965
NumUnitNogoodsLearned = 190
AverageLearnedNogoodLength = 77.74442357918366
AverageLbd = 37.68089533553498
value = 200
time = 228.75

[[solution_objectives]]
nodes = 965581
restarts = 1109
peakDepth = 1128
solveTime = 224.890141712
failures = 231759
propagations = 28484261
nogoods = 231759
AverageConflictSize = 59.97951320121333
NumUnitNogoodsLearned = 190
AverageLearnedNogoodLength = 77.7494681975673
AverageLbd = 37.67829512553989
value = 199
time = 228.9

[[solution_objectives]]
nodes = 968315
restarts = 1109
peakDepth = 1128
solveTime = 225.122651723
failures = 231937
propagations = 28506533
nogoods = 231937
AverageConflictSize = 59.95187055105481
NumUnitNogoodsLearned = 190
AverageLearnedNogoodLength = 77.72223060572483
AverageLbd = 37.6632706295244
value = 191
time = 229.15
