instance = "pumpkin-v1/opt/n20_k7/instance_n20_k7_0006.fzn"
directory = "experiments/20260610-10.42.57.240042-pumpkin-v1/131"
status = "OPTIMAL"
num_solutions = 4
wall_clock_time = 0.47
cpu_time = 0.29000000000000004
failures = "2965"
propagations = "85081"
solveTime = "0.219154183"
nodes = "4092"
peakDepth = "177"
restarts = "0"
nogoods = "2965"
AverageLbd = "4.811804384485666"
AverageLearnedNogoodLength = "17.160539629005058"
AverageConflictSize = "13.186846543001685"
NumUnitNogoodsLearned = "1"
circuitNumberPropagationsThatFoundConflict = "0"
circuitNumberTotalFixedEdgesAtConflict = "0"
circuitNumberNumberOfConflicts = "0"
circuitNumberPropagationsThatPruned = "1487"
circuitNumberPropagationsTotal = "8173"
allDifferentNumberTotalHallSetSize = "54702"
allDifferentNumberNumberOfConflicts = "3248"
allDifferentNumberMaxHallSetSize = "88"
allDifferentNumberPropagationsTotal = "15609"
allDifferentNumberPropagationsThatFoundConflict = "3248"

[[solution_objectives]]
nodes = 561
restarts = 0
peakDepth = 177
solveTime = 0.005135101
failures = 61
propagations = 3540
nogoods = 61
AverageConflictSize = 2.377049180327869
NumUnitNogoodsLearned = 0
AverageLearnedNogoodLength = 2.442622950819672
AverageLbd = 2.4262295081967213
value = 646
time = 0.25

[[solution_objectives]]
nodes = 737
restarts = 0
peakDepth = 177
solveTime = 0.005592147
failures = 65
propagations = 4056
nogoods = 65
AverageConflictSize = 2.4307692307692306
NumUnitNogoodsLearned = 0
AverageLearnedNogoodLength = 2.4923076923076923
AverageLbd = 2.476923076923077
value = 641
time = 0.25

[[solution_objectives]]
nodes = 966
restarts = 0
peakDepth = 177
solveTime = 0.006723152
failures = 77
propagations = 4949
nogoods = 77
AverageConflictSize = 2.6103896103896105
NumUnitNogoodsLearned = 0
AverageLearnedNogoodLength = 2.7012987012987013
AverageLbd = 2.6233766233766236
value = 614
time = 0.25

[[solution_objectives]]
nodes = 1181
restarts = 0
peakDepth = 177
solveTime = 0.007711769
failures = 83
propagations = 5791
nogoods = 83
AverageConflictSize = 2.710843373493976
NumUnitNogoodsLearned = 0
AverageLearnedNogoodLength = 2.8674698795180724
AverageLbd = 2.7951807228915664
value = 583
time = 0.25
