instance = "pumpkin-v2/opt/n150_k10/instance_n150_k10_0001.fzn"
directory = "experiments/20260603-09.01.52.920058-pumpkin-v2/12"
status = "OPTIMAL"
num_solutions = 2
wall_clock_time = 80.48
cpu_time = 56.89
failures = "68589"
propagations = "2935873"
solveTime = "56.936116516"
nodes = "75845"
peakDepth = "1422"
restarts = "1"
nogoods = "68589"
AverageLbd = "25.720582017524677"
AverageLearnedNogoodLength = "56.87608800244937"
AverageConflictSize = "36.71725786933765"
NumUnitNogoodsLearned = "135"

[[solution_objectives]]
nodes = 17205
restarts = 1
peakDepth = 1422
solveTime = 13.683872757
failures = 13805
propagations = 812136
nogoods = 13805
AverageConflictSize = 35.58181818181818
NumUnitNogoodsLearned = 135
AverageLearnedNogoodLength = 68.107279971025
AverageLbd = 28.359145237232887
value = 1027
time = 34.19

[[solution_objectives]]
nodes = 75845
restarts = 1
peakDepth = 1422
solveTime = 56.936109871
failures = 68589
propagations = 2935873
nogoods = 68589
AverageConflictSize = 36.71725786933765
NumUnitNogoodsLearned = 135
AverageLearnedNogoodLength = 56.87608800244937
AverageLbd = 25.720582017524677
value = 136
time = 77.43
