instance = "pumpkin-v0/opt/n100_k10/instance_n100_k10_0019.fzn"
directory = "experiments/20260609-14.46.48.023744-pumpkin-v0/377"
status = "SATISFIABLE"
num_solutions = 4
wall_clock_time = 1800.0
cpu_time = 1800.0
failures = "3920"
propagations = "2949440"
solveTime = "1.949883061"
nodes = "11857"
peakDepth = "1180"
restarts = "0"
nogoods = "3920"
AverageLbd = "38.035714285714285"
AverageLearnedNogoodLength = "46.35739795918367"
AverageConflictSize = "45.45331632653061"
NumUnitNogoodsLearned = "0"
circuitNumberPropagationsThatFoundConflict = "8332"
circuitNumberTotalFixedEdgesAtConflict = "788046"
circuitNumberNumberOfConflicts = "8332"
circuitNumberPropagationsThatPruned = "4201"
circuitNumberPropagationsTotal = "30947"

[[solution_objectives]]
nodes = 1850
restarts = 0
peakDepth = 1177
solveTime = 0.353780863
failures = 487
propagations = 380024
nogoods = 487
AverageConflictSize = 34.68377823408624
NumUnitNogoodsLearned = 0
AverageLearnedNogoodLength = 58.26283367556468
AverageLbd = 54.80698151950719
value = 435
time = 17.7

[[solution_objectives]]
nodes = 6568
restarts = 0
peakDepth = 1180
solveTime = 1.1748530050000001
failures = 2430
propagations = 1777117
nogoods = 2430
AverageConflictSize = 40.42057613168724
NumUnitNogoodsLearned = 0
AverageLearnedNogoodLength = 44.42716049382716
AverageLbd = 37.117695473251025
value = 406
time = 18.51

[[solution_objectives]]
nodes = 10687
restarts = 0
peakDepth = 1180
solveTime = 1.945764544
failures = 3918
propagations = 2936352
nogoods = 3918
AverageConflictSize = 45.47549770290965
NumUnitNogoodsLearned = 0
AverageLearnedNogoodLength = 46.373404798366515
AverageLbd = 38.05155691679428
value = 378
time = 19.28

[[solution_objectives]]
nodes = 11857
restarts = 0
peakDepth = 1180
solveTime = 1.949883061
failures = 3920
propagations = 2949440
nogoods = 3920
AverageConflictSize = 45.45331632653061
NumUnitNogoodsLearned = 0
AverageLearnedNogoodLength = 46.35739795918367
AverageLbd = 38.035714285714285
value = 350
time = 19.29
