instance = "pumpkin-v0/opt/n20_k7/instance_n20_k7_0018.fzn"
directory = "experiments/20260602-11.16.13.665988-pumpkin-v0/130"
status = "OPTIMAL"
num_solutions = 3
wall_clock_time = 19.97
cpu_time = 19.33
failures = "83491"
propagations = "6582674"
solveTime = "19.278557822"
nodes = "113467"
peakDepth = "177"
restarts = "429"
nogoods = "83491"
AverageLbd = "12.423794181408775"
AverageLearnedNogoodLength = "32.496029512162984"
AverageConflictSize = "18.44280221820316"
NumUnitNogoodsLearned = "371"

[[solution_objectives]]
nodes = 14079
restarts = 2
peakDepth = 162
solveTime = 1.482918079
failures = 10174
propagations = 933540
nogoods = 10174
AverageConflictSize = 13.692647926086101
NumUnitNogoodsLearned = 370
AverageLearnedNogoodLength = 35.53204246117554
AverageLbd = 10.53263219972479
value = 464
time = 2.07

[[solution_objectives]]
nodes = 14489
restarts = 4
peakDepth = 177
solveTime = 1.506949989
failures = 10285
propagations = 944116
nogoods = 10285
AverageConflictSize = 13.780359747204667
NumUnitNogoodsLearned = 370
AverageLearnedNogoodLength = 35.60291686922703
AverageLbd = 10.583762761302868
value = 454
time = 2.09

[[solution_objectives]]
nodes = 14881
restarts = 5
peakDepth = 177
solveTime = 1.5516558329999999
failures = 10464
propagations = 961089
nogoods = 10464
AverageConflictSize = 13.78316131498471
NumUnitNogoodsLearned = 370
AverageLearnedNogoodLength = 35.55619266055046
AverageLbd = 10.581899847094801
value = 388
time = 2.13
