instance = "pumpkin-v1/opt/n150_k15/instance_n150_k15_0017.fzn"
directory = "experiments/20260610-10.42.57.240042-pumpkin-v1/34"
status = "SATISFIABLE"
num_solutions = 6
wall_clock_time = 1800.0
cpu_time = 1800.0
failures = "277435"
propagations = "5002034"
solveTime = "561.78621098"
nodes = "379354"
peakDepth = "2509"
restarts = "0"
nogoods = "277435"
AverageLbd = "90.30939499342188"
AverageLearnedNogoodLength = "93.0570403878386"
AverageConflictSize = "92.66322562041559"
NumUnitNogoodsLearned = "0"
circuitNumberPropagationsThatFoundConflict = "7155"
circuitNumberTotalFixedEdgesAtConflict = "879840"
circuitNumberNumberOfConflicts = "7155"
circuitNumberPropagationsThatPruned = "98117"
circuitNumberPropagationsTotal = "3000240"
allDifferentNumberTotalHallSetSize = "177312169"
allDifferentNumberNumberOfConflicts = "1651549"
allDifferentNumberMaxHallSetSize = "858"
allDifferentNumberPropagationsTotal = "6259252"
allDifferentNumberPropagationsThatFoundConflict = "1651549"

[[solution_objectives]]
nodes = 362092
restarts = 0
peakDepth = 2509
solveTime = 560.127372645
failures = 277031
propagations = 4937115
nogoods = 277031
AverageConflictSize = 92.7634235879739
NumUnitNogoodsLearned = 0
AverageLearnedNogoodLength = 93.1334363302302
AverageLbd = 90.39112229317297
value = 857
time = 564.02

[[solution_objectives]]
nodes = 369208
restarts = 0
peakDepth = 2509
solveTime = 561.480722183
failures = 277326
propagations = 4978325
nogoods = 277326
AverageConflictSize = 92.69212767645298
NumUnitNogoodsLearned = 0
AverageLearnedNogoodLength = 93.07302236357211
AverageLbd = 90.33144386029439
value = 472
time = 565.39

[[solution_objectives]]
nodes = 371707
restarts = 0
peakDepth = 2509
solveTime = 561.52968419
failures = 277338
propagations = 4983768
nogoods = 277338
AverageConflictSize = 92.68839106072734
NumUnitNogoodsLearned = 0
AverageLearnedNogoodLength = 93.06938104406898
AverageLbd = 90.32779857069713
value = 319
time = 565.46

[[solution_objectives]]
nodes = 374274
restarts = 0
peakDepth = 2509
solveTime = 561.593786892
failures = 277353
propagations = 4989924
nogoods = 277353
AverageConflictSize = 92.68413537982282
NumUnitNogoodsLearned = 0
AverageLearnedNogoodLength = 93.06519129052147
AverageLbd = 90.32338211593168
value = 312
time = 565.54

[[solution_objectives]]
nodes = 376928
restarts = 0
peakDepth = 2509
solveTime = 561.745880166
failures = 277432
propagations = 4997115
nogoods = 277432
AverageConflictSize = 92.66371579341966
NumUnitNogoodsLearned = 0
AverageLearnedNogoodLength = 93.05753481934312
AverageLbd = 90.31017690821534
value = 288
time = 565.71

[[solution_objectives]]
nodes = 379354
restarts = 0
peakDepth = 2509
solveTime = 561.78621098
failures = 277435
propagations = 5002034
nogoods = 277435
AverageConflictSize = 92.66322562041559
NumUnitNogoodsLearned = 0
AverageLearnedNogoodLength = 93.0570403878386
AverageLbd = 90.30939499342188
value = 274
time = 565.78
