instance = "pumpkin-v1/opt/n50_k3/instance_n50_k3_0008.fzn"
directory = "experiments/20260602-15.07.06.641281-pumpkin-v1/362"
status = "OPTIMAL"
num_solutions = 2
wall_clock_time = 47.27
cpu_time = 39.96
failures = "128338"
propagations = "4045515"
solveTime = "39.875482007"
nodes = "139861"
peakDepth = "255"
restarts = "155"
nogoods = "128338"
AverageLbd = "8.771268057784912"
AverageLearnedNogoodLength = "36.71986473219156"
AverageConflictSize = "40.340701896554414"
NumUnitNogoodsLearned = "336"

[[solution_objectives]]
nodes = 34937
restarts = 63
peakDepth = 255
solveTime = 7.467021174
failures = 29132
propagations = 1216448
nogoods = 29132
AverageConflictSize = 34.23771110805986
NumUnitNogoodsLearned = 335
AverageLearnedNogoodLength = 29.12917067142661
AverageLbd = 10.593642729644378
value = 738
time = 13.61

[[solution_objectives]]
nodes = 47417
restarts = 64
peakDepth = 255
solveTime = 11.26015404
failures = 40975
propagations = 1537590
nogoods = 40975
AverageConflictSize = 36.514069554606465
NumUnitNogoodsLearned = 335
AverageLearnedNogoodLength = 31.77603416717511
AverageLbd = 9.672971323978036
value = 606
time = 17.39
