instance = "pumpkin-v2/opt/n150_k10/instance_n150_k10_0004.fzn"
directory = "experiments/20260603-09.01.52.920058-pumpkin-v2/6"
status = "OPTIMAL"
num_solutions = 3
wall_clock_time = 25.25
cpu_time = 17.08
failures = "18397"
propagations = "1143450"
solveTime = "16.982800787"
nodes = "26564"
peakDepth = "1354"
restarts = "6"
nogoods = "18397"
AverageLbd = "21.043485350872423"
AverageLearnedNogoodLength = "57.21791596455944"
AverageConflictSize = "28.033211936728815"
NumUnitNogoodsLearned = "137"

[[solution_objectives]]
nodes = 17884
restarts = 2
peakDepth = 1354
solveTime = 12.111322509
failures = 13969
propagations = 929366
nogoods = 13969
AverageConflictSize = 29.288352781158277
NumUnitNogoodsLearned = 137
AverageLearnedNogoodLength = 54.34426229508197
AverageLbd = 21.347340539766627
value = 160
time = 19.55

[[solution_objectives]]
nodes = 21160
restarts = 6
peakDepth = 1354
solveTime = 13.663170004
failures = 14993
propagations = 982730
nogoods = 14993
AverageConflictSize = 27.9935303141466
NumUnitNogoodsLearned = 137
AverageLearnedNogoodLength = 59.25125058360568
AverageLbd = 21.216234242646568
value = 159
time = 21.1

[[solution_objectives]]
nodes = 26564
restarts = 6
peakDepth = 1354
solveTime = 16.982795254
failures = 18397
propagations = 1143450
nogoods = 18397
AverageConflictSize = 28.033211936728815
NumUnitNogoodsLearned = 137
AverageLearnedNogoodLength = 57.21791596455944
AverageLbd = 21.043485350872423
value = 138
time = 24.42
