instance = "pumpkin-v2/opt/n150_k20/instance_n150_k20_0011.fzn"
directory = "experiments/20260603-09.01.52.920058-pumpkin-v2/275"
status = "OPTIMAL"
num_solutions = 2
wall_clock_time = 134.18
cpu_time = 123.15
failures = "76674"
propagations = "7864519"
solveTime = "123.351568661"
nodes = "85254"
peakDepth = "2045"
restarts = "1"
nogoods = "76674"
AverageLbd = "74.6610845919086"
AverageLearnedNogoodLength = "170.65439392753737"
AverageConflictSize = "97.83628087748129"
NumUnitNogoodsLearned = "175"

[[solution_objectives]]
nodes = 83531
restarts = 1
peakDepth = 2045
solveTime = 123.268319954
failures = 76674
propagations = 7856807
nogoods = 76674
AverageConflictSize = 97.83628087748129
NumUnitNogoodsLearned = 175
AverageLearnedNogoodLength = 170.65439392753737
AverageLbd = 74.6610845919086
value = 478
time = 132.78

[[solution_objectives]]
nodes = 85254
restarts = 1
peakDepth = 2045
solveTime = 123.351564397
failures = 76674
propagations = 7864519
nogoods = 76674
AverageConflictSize = 97.83628087748129
NumUnitNogoodsLearned = 175
AverageLearnedNogoodLength = 170.65439392753737
AverageLbd = 74.6610845919086
value = 176
time = 132.86
