instance = "pumpkin-v1/opt/n100_k5/instance_n100_k5_0007.fzn"
directory = "experiments/20260602-15.07.06.641281-pumpkin-v1/235"
status = "OPTIMAL"
num_solutions = 3
wall_clock_time = 384.54
cpu_time = 381.2
failures = "881378"
propagations = "22883637"
solveTime = "381.942686589"
nodes = "1057078"
peakDepth = "643"
restarts = "720"
nogoods = "881378"
AverageLbd = "11.962770797546568"
AverageLearnedNogoodLength = "26.920328167937026"
AverageConflictSize = "21.03208952345078"
NumUnitNogoodsLearned = "208"

[[solution_objectives]]
nodes = 382895
restarts = 603
peakDepth = 581
solveTime = 117.018742489
failures = 267189
propagations = 8290407
nogoods = 267189
AverageConflictSize = 22.45562878711324
NumUnitNogoodsLearned = 207
AverageLearnedNogoodLength = 28.902069321716088
AverageLbd = 15.895351230776717
value = 733
time = 118.52

[[solution_objectives]]
nodes = 564182
restarts = 606
peakDepth = 643
solveTime = 190.515842538
failures = 433505
propagations = 12038461
nogoods = 433505
AverageConflictSize = 22.42773901108407
NumUnitNogoodsLearned = 207
AverageLearnedNogoodLength = 28.667191843231336
AverageLbd = 13.983859471055696
value = 539
time = 192.0

[[solution_objectives]]
nodes = 565525
restarts = 608
peakDepth = 643
solveTime = 190.630271893
failures = 433672
propagations = 12046939
nogoods = 433672
AverageConflictSize = 22.42755354276965
NumUnitNogoodsLearned = 207
AverageLearnedNogoodLength = 28.666992565810105
AverageLbd = 13.985860281503072
value = 253
time = 192.12
