instance = "pumpkin-v0/opt/n50_k5/instance_n50_k5_0015.fzn"
directory = "experiments/20260602-11.16.13.665988-pumpkin-v0/213"
status = "OPTIMAL"
num_solutions = 2
wall_clock_time = 11.76
cpu_time = 7.9799999999999995
failures = "23829"
propagations = "7892341"
solveTime = "7.901615874"
nodes = "33808"
peakDepth = "329"
restarts = "1"
nogoods = "23829"
AverageLbd = "27.502538923160856"
AverageLearnedNogoodLength = "50.765285996055226"
AverageConflictSize = "18.24793319065005"
NumUnitNogoodsLearned = "304"

[[solution_objectives]]
nodes = 28433
restarts = 1
peakDepth = 329
solveTime = 6.863183756
failures = 20209
propagations = 6767594
nogoods = 20209
AverageConflictSize = 18.852689395813748
NumUnitNogoodsLearned = 304
AverageLearnedNogoodLength = 53.104062546390224
AverageLbd = 28.553367311593846
value = 331
time = 10.2

[[solution_objectives]]
nodes = 33808
restarts = 1
peakDepth = 329
solveTime = 7.901610787
failures = 23829
propagations = 7892341
nogoods = 23829
AverageConflictSize = 18.24793319065005
NumUnitNogoodsLearned = 304
AverageLearnedNogoodLength = 50.765285996055226
AverageLbd = 27.502538923160856
value = 305
time = 11.23
