instance = "pumpkin-v2/opt/n150_k20/instance_n150_k20_0019.fzn"
directory = "experiments/20260603-09.01.52.920058-pumpkin-v2/272"
status = "OPTIMAL"
num_solutions = 2
wall_clock_time = 34.93
cpu_time = 29.96
failures = "37829"
propagations = "4054050"
solveTime = "29.861864934"
nodes = "47922"
peakDepth = "2675"
restarts = "2"
nogoods = "37829"
AverageLbd = "19.15963943006688"
AverageLearnedNogoodLength = "67.5184646699622"
AverageConflictSize = "23.65584604404029"
NumUnitNogoodsLearned = "150"

[[solution_objectives]]
nodes = 46105
restarts = 2
peakDepth = 2675
solveTime = 29.719739653
failures = 37769
propagations = 4036851
nogoods = 37769
AverageConflictSize = 23.672535677407396
NumUnitNogoodsLearned = 150
AverageLearnedNogoodLength = 67.54044322063068
AverageLbd = 19.173316741242818
value = 520
time = 34.08

[[solution_objectives]]
nodes = 47922
restarts = 2
peakDepth = 2675
solveTime = 29.861859736
failures = 37829
propagations = 4054050
nogoods = 37829
AverageConflictSize = 23.65584604404029
NumUnitNogoodsLearned = 150
AverageLearnedNogoodLength = 67.5184646699622
AverageLbd = 19.15963943006688
value = 151
time = 34.22
