instance = "pumpkin-v1/opt/n100_k5/instance_n100_k5_0009.fzn"
directory = "experiments/20260602-15.07.06.641281-pumpkin-v1/223"
status = "OPTIMAL"
num_solutions = 2
wall_clock_time = 413.57
cpu_time = 409.89000000000004
failures = "1028008"
propagations = "26919584"
solveTime = "410.587121485"
nodes = "1245972"
peakDepth = "713"
restarts = "942"
nogoods = "1028008"
AverageLbd = "9.244436813721293"
AverageLearnedNogoodLength = "22.239276348043983"
AverageConflictSize = "14.764187632781068"
NumUnitNogoodsLearned = "208"

[[solution_objectives]]
nodes = 430103
restarts = 680
peakDepth = 627
solveTime = 106.084653571
failures = 288651
propagations = 9678238
nogoods = 288651
AverageConflictSize = 14.139185383040418
NumUnitNogoodsLearned = 207
AverageLearnedNogoodLength = 20.02578892849843
AverageLbd = 10.800128875354668
value = 704
time = 107.75

[[solution_objectives]]
nodes = 440646
restarts = 695
peakDepth = 713
solveTime = 108.735967826
failures = 295308
propagations = 9879274
nogoods = 295308
AverageConflictSize = 14.117355439067008
NumUnitNogoodsLearned = 207
AverageLearnedNogoodLength = 20.052379210857815
AverageLbd = 10.787046067157002
value = 351
time = 110.39
