instance = "pumpkin-v1/opt/n100_k7/instance_n100_k7_0000.fzn"
directory = "experiments/20260602-15.07.06.641281-pumpkin-v1/17"
status = "OPTIMAL"
num_solutions = 3
wall_clock_time = 35.69
cpu_time = 33.870000000000005
failures = "41419"
propagations = "1794947"
solveTime = "33.850198453"
nodes = "188123"
peakDepth = "851"
restarts = "147"
nogoods = "41419"
AverageLbd = "33.50720683744176"
AverageLearnedNogoodLength = "52.894879161737364"
AverageConflictSize = "46.55952582148289"
NumUnitNogoodsLearned = "191"

[[solution_objectives]]
nodes = 184741
restarts = 144
peakDepth = 764
solveTime = 33.539952386
failures = 41221
propagations = 1780191
nogoods = 41221
AverageConflictSize = 46.47114334926373
NumUnitNogoodsLearned = 191
AverageLearnedNogoodLength = 52.79558962664661
AverageLbd = 33.45176002522986
value = 198
time = 35.13

[[solution_objectives]]
nodes = 186688
restarts = 147
peakDepth = 851
solveTime = 33.749794648
failures = 41356
propagations = 1789261
nogoods = 41356
AverageConflictSize = 46.58782280684786
NumUnitNogoodsLearned = 191
AverageLearnedNogoodLength = 52.92876487087726
AverageLbd = 33.53090240835671
value = 197
time = 35.33

[[solution_objectives]]
nodes = 188123
restarts = 147
peakDepth = 851
solveTime = 33.850193284
failures = 41419
propagations = 1794947
nogoods = 41419
AverageConflictSize = 46.55952582148289
NumUnitNogoodsLearned = 191
AverageLearnedNogoodLength = 52.894879161737364
AverageLbd = 33.50720683744176
value = 192
time = 35.44
