instance = "pumpkin-v1/opt/n100_k15/instance_n100_k15_0007.fzn"
directory = "experiments/20260602-15.07.06.641281-pumpkin-v1/165"
status = "OPTIMAL"
num_solutions = 2
wall_clock_time = 941.7
cpu_time = 937.16
failures = "1350368"
propagations = "96061586"
solveTime = "939.206945978"
nodes = "3070345"
peakDepth = "1182"
restarts = "2868"
nogoods = "1350368"
AverageLbd = "26.540799248797367"
AverageLearnedNogoodLength = "62.823519218464895"
AverageConflictSize = "35.514798188345694"
NumUnitNogoodsLearned = "207"

[[solution_objectives]]
nodes = 3062672
restarts = 2865
peakDepth = 1182
solveTime = 938.579784625
failures = 1350100
propagations = 96021954
nogoods = 1350100
AverageConflictSize = 35.50881490259981
NumUnitNogoodsLearned = 207
AverageLearnedNogoodLength = 62.82053403451596
AverageLbd = 26.53858380860677
value = 228
time = 938.86

[[solution_objectives]]
nodes = 3070345
restarts = 2868
peakDepth = 1182
solveTime = 939.206940025
failures = 1350368
propagations = 96061586
nogoods = 1350368
AverageConflictSize = 35.514798188345694
NumUnitNogoodsLearned = 207
AverageLearnedNogoodLength = 62.823519218464895
AverageLbd = 26.540799248797367
value = 208
time = 939.47
