instance = "pumpkin-v0/random/n150_p015/instance_n150_p0.150_0003.fzn"
directory = "experiments/20260612-11.19.59.708870-pumpkin-v0/72"
status = "SATISFIABLE"
num_solutions = 4
wall_clock_time = 300.0
cpu_time = 300.0
failures = "351061"
propagations = "352329812"
solveTime = "296.204295306"
nodes = "407494"
peakDepth = "3294"
restarts = "0"
nogoods = "351061"
AverageLbd = "32.56627480694238"
AverageLearnedNogoodLength = "49.679540022958975"
AverageConflictSize = "16.389667322772965"
NumUnitNogoodsLearned = "0"
circuitNumberPropagationsThatFoundConflict = "1738"
circuitNumberTotalFixedEdgesAtConflict = "242539"
circuitNumberNumberOfConflicts = "1738"
circuitNumberPropagationsThatPruned = "28001"
circuitNumberPropagationsTotal = "320400"

[[solution_objectives]]
nodes = 3477
restarts = 0
peakDepth = 3294
solveTime = 0.104774904
failures = 159
propagations = 221678
nogoods = 159
AverageConflictSize = 11.182389937106919
NumUnitNogoodsLearned = 0
AverageLearnedNogoodLength = 35.35220125786164
AverageLbd = 27.654088050314467
value = 1208
time = 3.84

[[solution_objectives]]
nodes = 6752
restarts = 0
peakDepth = 3294
solveTime = 0.132226236
failures = 207
propagations = 294646
nogoods = 207
AverageConflictSize = 10.381642512077295
NumUnitNogoodsLearned = 0
AverageLearnedNogoodLength = 32.85990338164251
AverageLbd = 25.130434782608695
value = 1143
time = 3.86

[[solution_objectives]]
nodes = 9971
restarts = 0
peakDepth = 3294
solveTime = 0.14569118
failures = 215
propagations = 332245
nogoods = 215
AverageConflictSize = 10.069767441860465
NumUnitNogoodsLearned = 0
AverageLearnedNogoodLength = 32.26046511627907
AverageLbd = 24.586046511627906
value = 1094
time = 3.9

[[solution_objectives]]
nodes = 13215
restarts = 0
peakDepth = 3294
solveTime = 0.172710461
failures = 227
propagations = 375039
nogoods = 227
AverageConflictSize = 10.325991189427313
NumUnitNogoodsLearned = 0
AverageLearnedNogoodLength = 33.07488986784141
AverageLbd = 25.26431718061674
value = 1034
time = 3.93
