instance = "pumpkin-v2/opt/n50_k5/instance_n50_k5_0009.fzn"
directory = "experiments/20260603-09.01.52.920058-pumpkin-v2/211"
status = "OPTIMAL"
num_solutions = 3
wall_clock_time = 1692.18
cpu_time = 1682.6000000000001
failures = "3042764"
propagations = "89770674"
solveTime = "1686.225124658"
nodes = "3294045"
peakDepth = "306"
restarts = "4204"
nogoods = "3042764"
AverageLbd = "13.281206166498619"
AverageLearnedNogoodLength = "37.87607057267668"
AverageConflictSize = "28.78826192238373"
NumUnitNogoodsLearned = "252"

[[solution_objectives]]
nodes = 11702
restarts = 2
peakDepth = 288
solveTime = 2.78147989
failures = 10462
propagations = 428939
nogoods = 10462
AverageConflictSize = 13.20760848786083
NumUnitNogoodsLearned = 251
AverageLearnedNogoodLength = 23.586216784553624
AverageLbd = 8.323073982030204
value = 354
time = 4.4

[[solution_objectives]]
nodes = 13153
restarts = 12
peakDepth = 288
solveTime = 2.990264849
failures = 11242
propagations = 462459
nogoods = 11242
AverageConflictSize = 13.316313823163139
NumUnitNogoodsLearned = 251
AverageLearnedNogoodLength = 23.638765344244796
AverageLbd = 8.643568760007117
value = 325
time = 4.61

[[solution_objectives]]
nodes = 13588
restarts = 13
peakDepth = 306
solveTime = 3.009389621
failures = 11297
propagations = 465589
nogoods = 11297
AverageConflictSize = 13.343808090643535
NumUnitNogoodsLearned = 251
AverageLearnedNogoodLength = 23.638576613260156
AverageLbd = 8.645304063025582
value = 284
time = 4.63
