instance = "pumpkin-v2/opt/n50_k7/instance_n50_k7_0012.fzn"
directory = "experiments/20260603-09.01.52.920058-pumpkin-v2/378"
status = "OPTIMAL"
num_solutions = 2
wall_clock_time = 9.41
cpu_time = 3.92
failures = "10636"
propagations = "498673"
solveTime = "3.755051463"
nodes = "12557"
peakDepth = "344"
restarts = "5"
nogoods = "10636"
AverageLbd = "22.25"
AverageLearnedNogoodLength = "53.86470477623167"
AverageConflictSize = "39.06637833772095"
NumUnitNogoodsLearned = "227"

[[solution_objectives]]
nodes = 12241
restarts = 5
peakDepth = 344
solveTime = 3.746895762
failures = 10633
propagations = 497257
nogoods = 10633
AverageConflictSize = 39.07617793661243
NumUnitNogoodsLearned = 227
AverageLearnedNogoodLength = 53.872190350794696
AverageLbd = 22.253926455374778
value = 351
time = 8.9

[[solution_objectives]]
nodes = 12557
restarts = 5
peakDepth = 344
solveTime = 3.755045383
failures = 10636
propagations = 498673
nogoods = 10636
AverageConflictSize = 39.06637833772095
NumUnitNogoodsLearned = 227
AverageLearnedNogoodLength = 53.86470477623167
AverageLbd = 22.25
value = 228
time = 8.91
