instance = "pumpkin-v3/opt/n150_k15/instance_n150_k15_0016.fzn"
directory = "experiments/20260605-18.05.57.686725-pumpkin-v3/149"
status = "OPTIMAL"
num_solutions = 2
wall_clock_time = 25.53
cpu_time = 18.91
failures = "12733"
propagations = "1194083"
solveTime = "18.728192425"
nodes = "19091"
peakDepth = "1675"
restarts = "3"
nogoods = "12733"
AverageLbd = "36.320662844577086"
AverageLearnedNogoodLength = "90.01342967093379"
AverageConflictSize = "27.663708474043823"
NumUnitNogoodsLearned = "168"

[[solution_objectives]]
nodes = 17434
restarts = 3
peakDepth = 1675
solveTime = 18.556188059
failures = 12728
propagations = 1187497
nogoods = 12728
AverageConflictSize = 27.648962916404777
NumUnitNogoodsLearned = 168
AverageLearnedNogoodLength = 89.99300754242614
AverageLbd = 36.307196731615335
value = 929
time = 24.46

[[solution_objectives]]
nodes = 19091
restarts = 3
peakDepth = 1675
solveTime = 18.728168797
failures = 12733
propagations = 1194083
nogoods = 12733
AverageConflictSize = 27.663708474043823
NumUnitNogoodsLearned = 168
AverageLearnedNogoodLength = 90.01342967093379
AverageLbd = 36.320662844577086
value = 169
time = 24.64
