instance = "pumpkin-v1/opt/n150_k10/instance_n150_k10_0018.fzn"
directory = "experiments/20260610-10.42.57.240042-pumpkin-v1/148"
status = "SATISFIABLE"
num_solutions = 9
wall_clock_time = 1801.31
cpu_time = 1793.3799999999999
failures = "1358881"
propagations = "18452449"
solveTime = "1798.360241616"
nodes = "1618618"
peakDepth = "1728"
restarts = "0"
nogoods = "1358881"
AverageLbd = "62.637222832610064"
AverageLearnedNogoodLength = "120.75693530191386"
AverageConflictSize = "113.14725130456604"
NumUnitNogoodsLearned = "0"
circuitNumberPropagationsThatFoundConflict = "317367"
circuitNumberTotalFixedEdgesAtConflict = "41753518"
circuitNumberNumberOfConflicts = "317367"
circuitNumberPropagationsThatPruned = "575448"
circuitNumberPropagationsTotal = "9423529"
allDifferentNumberTotalHallSetSize = "414136165"
allDifferentNumberNumberOfConflicts = "6580689"
allDifferentNumberMaxHallSetSize = "1500"
allDifferentNumberPropagationsTotal = "22370956"
allDifferentNumberPropagationsThatFoundConflict = "6580689"

[[solution_objectives]]
nodes = 750865
restarts = 0
peakDepth = 1719
solveTime = 780.802753451
failures = 596199
propagations = 9774810
nogoods = 596199
AverageConflictSize = 90.11769727892867
NumUnitNogoodsLearned = 0
AverageLearnedNogoodLength = 102.40441530428599
AverageLbd = 69.52097873361076
value = 314
time = 782.4

[[solution_objectives]]
nodes = 771059
restarts = 0
peakDepth = 1719
solveTime = 788.043546471
failures = 603623
propagations = 10086610
nogoods = 603623
AverageConflictSize = 89.32007561010764
NumUnitNogoodsLearned = 0
AverageLearnedNogoodLength = 101.67536856614144
AverageLbd = 69.02656625078899
value = 293
time = 789.66

[[solution_objectives]]
nodes = 902080
restarts = 0
peakDepth = 1728
solveTime = 836.238130716
failures = 657352
propagations = 12197265
nogoods = 657352
AverageConflictSize = 84.32157656780538
NumUnitNogoodsLearned = 0
AverageLearnedNogoodLength = 96.80681583078777
AverageLbd = 65.79619594981075
value = 235
time = 837.86

[[solution_objectives]]
nodes = 903949
restarts = 0
peakDepth = 1728
solveTime = 836.326061493
failures = 657420
propagations = 12204270
nogoods = 657420
AverageConflictSize = 84.31572054394451
NumUnitNogoodsLearned = 0
AverageLearnedNogoodLength = 96.80105564175109
AverageLbd = 65.79219220589577
value = 233
time = 837.96

[[solution_objectives]]
nodes = 905724
restarts = 0
peakDepth = 1728
solveTime = 836.368445999
failures = 657441
propagations = 12208836
nogoods = 657441
AverageConflictSize = 84.31388976349209
NumUnitNogoodsLearned = 0
AverageLearnedNogoodLength = 96.79904660646355
AverageLbd = 65.79072038403446
value = 222
time = 838.01

[[solution_objectives]]
nodes = 907790
restarts = 0
peakDepth = 1728
solveTime = 836.575961176
failures = 657640
propagations = 12217448
nogoods = 657640
AverageConflictSize = 84.30254698619305
NumUnitNogoodsLearned = 0
AverageLearnedNogoodLength = 96.78716623076456
AverageLbd = 65.78030381363664
value = 219
time = 838.22

[[solution_objectives]]
nodes = 910289
restarts = 0
peakDepth = 1728
solveTime = 836.745795142
failures = 657680
propagations = 12227854
nogoods = 657680
AverageConflictSize = 84.30102025301058
NumUnitNogoodsLearned = 0
AverageLearnedNogoodLength = 96.78538498966063
AverageLbd = 65.77836485828975
value = 210
time = 838.4

[[solution_objectives]]
nodes = 915077
restarts = 0
peakDepth = 1728
solveTime = 837.303999756
failures = 657849
propagations = 12260059
nogoods = 657849
AverageConflictSize = 84.28378548876718
NumUnitNogoodsLearned = 0
AverageLearnedNogoodLength = 96.7678099381469
AverageLbd = 65.76614846264113
value = 209
time = 838.97

[[solution_objectives]]
nodes = 917509
restarts = 0
peakDepth = 1728
solveTime = 837.547451708
failures = 658016
propagations = 12272797
nogoods = 658016
AverageConflictSize = 84.27123960511598
NumUnitNogoodsLearned = 0
AverageLearnedNogoodLength = 96.75522935612508
AverageLbd = 65.75692384379711
value = 205
time = 839.22
