instance = "pumpkin-v1/opt/n50_k5/instance_n50_k5_0003.fzn"
directory = "experiments/20260610-10.42.57.240042-pumpkin-v1/196"
status = "SATISFIABLE"
num_solutions = 5
wall_clock_time = 1800.0
cpu_time = 1800.0
failures = "2225200"
propagations = "54663173"
solveTime = "511.540269874"
nodes = "3016342"
peakDepth = "303"
restarts = "2"
nogoods = "2225200"
AverageLbd = "12.534532176882976"
AverageLearnedNogoodLength = "20.871167984900232"
AverageConflictSize = "25.394644076936906"
NumUnitNogoodsLearned = "0"
circuitNumberPropagationsThatFoundConflict = "740983"
circuitNumberTotalFixedEdgesAtConflict = "27774328"
circuitNumberNumberOfConflicts = "740983"
circuitNumberPropagationsThatPruned = "1969980"
circuitNumberPropagationsTotal = "9078122"
allDifferentNumberTotalHallSetSize = "187593061"
allDifferentNumberNumberOfConflicts = "4415160"
allDifferentNumberMaxHallSetSize = "224"
allDifferentNumberPropagationsTotal = "18688657"
allDifferentNumberPropagationsThatFoundConflict = "4415160"

[[solution_objectives]]
nodes = 3555
restarts = 0
peakDepth = 302
solveTime = 0.201170994
failures = 1063
propagations = 39218
nogoods = 1063
AverageConflictSize = 14.0931326434619
NumUnitNogoodsLearned = 0
AverageLearnedNogoodLength = 19.328316086547506
AverageLbd = 14.940733772342426
value = 996
time = 3.11

[[solution_objectives]]
nodes = 4345
restarts = 0
peakDepth = 303
solveTime = 0.230853021
failures = 1216
propagations = 45701
nogoods = 1216
AverageConflictSize = 14.335526315789474
NumUnitNogoodsLearned = 0
AverageLearnedNogoodLength = 18.835526315789473
AverageLbd = 14.449013157894736
value = 927
time = 3.14

[[solution_objectives]]
nodes = 1483070
restarts = 0
peakDepth = 303
solveTime = 289.443400947
failures = 1479073
propagations = 24458664
nogoods = 1479073
AverageConflictSize = 26.91242352473475
NumUnitNogoodsLearned = 0
AverageLearnedNogoodLength = 20.32253986111571
AverageLbd = 12.352954181436615
value = 737
time = 292.36

[[solution_objectives]]
nodes = 1506059
restarts = 2
peakDepth = 303
solveTime = 294.202167423
failures = 1498105
propagations = 24957192
nogoods = 1498105
AverageConflictSize = 26.843083762486607
NumUnitNogoodsLearned = 0
AverageLearnedNogoodLength = 20.396153807643657
AverageLbd = 12.42066477316343
value = 658
time = 297.12

[[solution_objectives]]
nodes = 3016342
restarts = 2
peakDepth = 303
solveTime = 511.540269874
failures = 2225200
propagations = 54663173
nogoods = 2225200
AverageConflictSize = 25.394644076936906
NumUnitNogoodsLearned = 0
AverageLearnedNogoodLength = 20.871167984900232
AverageLbd = 12.534532176882976
value = 315
time = 514.46
