instance = "pumpkin-v3/opt/n50_k10/instance_n50_k10_0024.fzn"
directory = "experiments/20260605-18.05.57.686725-pumpkin-v3/296"
status = "OPTIMAL"
num_solutions = 3
wall_clock_time = 13.13
cpu_time = 5.529999999999999
failures = "16367"
propagations = "817321"
solveTime = "5.59588479"
nodes = "19825"
peakDepth = "543"
restarts = "7"
nogoods = "16367"
AverageLbd = "15.816704344107045"
AverageLearnedNogoodLength = "46.47980692857579"
AverageConflictSize = "28.506690291440094"
NumUnitNogoodsLearned = "228"

[[solution_objectives]]
nodes = 18070
restarts = 3
peakDepth = 476
solveTime = 5.369060094
failures = 15876
propagations = 780330
nogoods = 15876
AverageConflictSize = 28.526014109347443
NumUnitNogoodsLearned = 227
AverageLearnedNogoodLength = 45.979717813051145
AverageLbd = 15.740299823633157
value = 564
time = 12.09

[[solution_objectives]]
nodes = 19200
restarts = 7
peakDepth = 543
solveTime = 5.508655307
failures = 16191
propagations = 800482
nogoods = 16191
AverageConflictSize = 28.633005990982646
NumUnitNogoodsLearned = 227
AverageLearnedNogoodLength = 46.178308937063804
AverageLbd = 15.901920820208758
value = 460
time = 12.23

[[solution_objectives]]
nodes = 19825
restarts = 7
peakDepth = 543
solveTime = 5.595587286
failures = 16366
propagations = 816853
nogoods = 16366
AverageConflictSize = 28.507454478797506
NumUnitNogoodsLearned = 227
AverageLearnedNogoodLength = 46.48258584871074
AverageLbd = 15.817609678601979
value = 239
time = 12.32
