instance = "pumpkin-v2/opt/n100_k10/instance_n100_k10_0019.fzn"
directory = "experiments/20260603-09.01.52.920058-pumpkin-v2/352"
status = "OPTIMAL"
num_solutions = 2
wall_clock_time = 18.63
cpu_time = 6.72
failures = "12847"
propagations = "735066"
solveTime = "6.578517758"
nodes = "16562"
peakDepth = "1077"
restarts = "2"
nogoods = "12847"
AverageLbd = "17.411457927920914"
AverageLearnedNogoodLength = "40.93243558807504"
AverageConflictSize = "23.627850860122987"
NumUnitNogoodsLearned = "208"

[[solution_objectives]]
nodes = 15606
restarts = 2
peakDepth = 1077
solveTime = 6.548245769
failures = 12846
propagations = 732154
nogoods = 12846
AverageConflictSize = 23.629223104468316
NumUnitNogoodsLearned = 208
AverageLearnedNogoodLength = 40.93297524521252
AverageLbd = 17.411489957963568
value = 917
time = 18.27

[[solution_objectives]]
nodes = 16562
restarts = 2
peakDepth = 1077
solveTime = 6.578513356
failures = 12847
propagations = 735066
nogoods = 12847
AverageConflictSize = 23.627850860122987
NumUnitNogoodsLearned = 208
AverageLearnedNogoodLength = 40.93243558807504
AverageLbd = 17.411457927920914
value = 209
time = 18.3
