instance = "pumpkin-v3/opt/n150_k10/instance_n150_k10_0000.fzn"
directory = "experiments/20260605-18.05.57.686725-pumpkin-v3/13"
status = "OPTIMAL"
num_solutions = 2
wall_clock_time = 25.6
cpu_time = 20.37
failures = "11558"
propagations = "742772"
solveTime = "20.306082001"
nodes = "18654"
peakDepth = "1380"
restarts = "10"
nogoods = "11558"
AverageLbd = "47.955096037376705"
AverageLearnedNogoodLength = "100.32073023014362"
AverageConflictSize = "72.93597508219415"
NumUnitNogoodsLearned = "141"

[[solution_objectives]]
nodes = 15401
restarts = 10
peakDepth = 1380
solveTime = 19.241851215
failures = 10816
propagations = 700453
nogoods = 10816
AverageConflictSize = 76.75120192307692
NumUnitNogoodsLearned = 141
AverageLearnedNogoodLength = 102.93907174556213
AverageLbd = 49.6561575443787
value = 745
time = 23.62

[[solution_objectives]]
nodes = 18654
restarts = 10
peakDepth = 1380
solveTime = 20.306067143
failures = 11558
propagations = 742772
nogoods = 11558
AverageConflictSize = 72.93597508219415
NumUnitNogoodsLearned = 141
AverageLearnedNogoodLength = 100.32073023014362
AverageLbd = 47.955096037376705
value = 142
time = 24.69
