instance = "pumpkin-v2/opt/n150_k15/instance_n150_k15_0005.fzn"
directory = "experiments/20260603-09.01.52.920058-pumpkin-v2/155"
status = "OPTIMAL"
num_solutions = 2
wall_clock_time = 10.71
cpu_time = 8.82
failures = "10494"
propagations = "1077244"
solveTime = "8.624978446"
nodes = "16028"
peakDepth = "1907"
restarts = "1"
nogoods = "10494"
AverageLbd = "18.683247570040024"
AverageLearnedNogoodLength = "38.998761196874405"
AverageConflictSize = "13.16295025728988"
NumUnitNogoodsLearned = "169"

[[solution_objectives]]
nodes = 13873
restarts = 1
peakDepth = 1907
solveTime = 8.470597708
failures = 10477
propagations = 1068630
nogoods = 10477
AverageConflictSize = 13.166841653144985
NumUnitNogoodsLearned = 169
AverageLearnedNogoodLength = 38.93270974515605
AverageLbd = 18.65276319557125
value = 284
time = 10.26

[[solution_objectives]]
nodes = 16028
restarts = 1
peakDepth = 1907
solveTime = 8.624968027
failures = 10494
propagations = 1077244
nogoods = 10494
AverageConflictSize = 13.16295025728988
NumUnitNogoodsLearned = 169
AverageLearnedNogoodLength = 38.998761196874405
AverageLbd = 18.683247570040024
value = 170
time = 10.42
