instance = "pumpkin-v2/opt/n50_k5/instance_n50_k5_0016.fzn"
directory = "experiments/20260603-09.01.52.920058-pumpkin-v2/214"
status = "SATISFIABLE"
num_solutions = 2
wall_clock_time = 1801.54
cpu_time = 1789.3400000000001
failures = "2780368"
propagations = "92036613"
solveTime = "1796.828536496"
nodes = "3386198"
peakDepth = "339"
restarts = "11247"
nogoods = "2780368"
AverageLbd = "15.233282788465411"
AverageLearnedNogoodLength = "37.89224771684899"
AverageConflictSize = "29.077400185874676"
NumUnitNogoodsLearned = "239"

[[solution_objectives]]
nodes = 19614
restarts = 26
peakDepth = 298
solveTime = 5.854736974
failures = 16410
propagations = 594972
nogoods = 16410
AverageConflictSize = 32.23418647166362
NumUnitNogoodsLearned = 239
AverageLearnedNogoodLength = 41.04539914686167
AverageLbd = 17.281352833638024
value = 954
time = 9.3

[[solution_objectives]]
nodes = 37614
restarts = 27
peakDepth = 339
solveTime = 13.33069764
failures = 33423
propagations = 1134496
nogoods = 33423
AverageConflictSize = 36.8879214911887
NumUnitNogoodsLearned = 239
AverageLearnedNogoodLength = 44.64829608353529
AverageLbd = 16.152499775603626
value = 909
time = 16.76
