instance = "pumpkin-v2/opt/n50_k7/instance_n50_k7_0024.fzn"
directory = "experiments/20260603-09.01.52.920058-pumpkin-v2/365"
status = "OPTIMAL"
num_solutions = 2
wall_clock_time = 6.61
cpu_time = 4.45
failures = "13550"
propagations = "577492"
solveTime = "4.634199238"
nodes = "16144"
peakDepth = "390"
restarts = "7"
nogoods = "13550"
AverageLbd = "15.787970479704796"
AverageLearnedNogoodLength = "46.105239852398526"
AverageConflictSize = "31.208634686346862"
NumUnitNogoodsLearned = "228"

[[solution_objectives]]
nodes = 15634
restarts = 7
peakDepth = 390
solveTime = 4.588793315
failures = 13430
propagations = 569945
nogoods = 13430
AverageConflictSize = 31.365822784810128
NumUnitNogoodsLearned = 227
AverageLearnedNogoodLength = 46.11198808637379
AverageLbd = 15.879374534623976
value = 674
time = 6.28

[[solution_objectives]]
nodes = 16144
restarts = 7
peakDepth = 390
solveTime = 4.634033619
failures = 13549
propagations = 577296
nogoods = 13549
AverageConflictSize = 31.210716658055944
NumUnitNogoodsLearned = 227
AverageLearnedNogoodLength = 46.108568898073656
AverageLbd = 15.78906192338918
value = 239
time = 6.32
