instance = "pumpkin-v3/opt/n50_k10/instance_n50_k10_0012.fzn"
directory = "experiments/20260605-18.05.57.686725-pumpkin-v3/303"
status = "OPTIMAL"
num_solutions = 2
wall_clock_time = 11.63
cpu_time = 4.71
failures = "13916"
propagations = "1233847"
solveTime = "4.607676629"
nodes = "15953"
peakDepth = "403"
restarts = "2"
nogoods = "13916"
AverageLbd = "16.710980166714574"
AverageLearnedNogoodLength = "62.27270767461914"
AverageConflictSize = "21.56618281115263"
NumUnitNogoodsLearned = "209"

[[solution_objectives]]
nodes = 13535
restarts = 2
peakDepth = 403
solveTime = 3.91469927
failures = 12178
propagations = 1125021
nogoods = 12178
AverageConflictSize = 21.854738052225326
NumUnitNogoodsLearned = 208
AverageLearnedNogoodLength = 57.7235178190179
AverageLbd = 17.967892921662013
value = 315
time = 9.9

[[solution_objectives]]
nodes = 15953
restarts = 2
peakDepth = 403
solveTime = 4.606723506
failures = 13915
propagations = 1233295
nogoods = 13915
AverageConflictSize = 21.561696011498384
NumUnitNogoodsLearned = 208
AverageLearnedNogoodLength = 62.27711103126123
AverageLbd = 16.71210923463888
value = 228
time = 10.6
