instance = "pumpkin-v1/opt/n100_k7/instance_n100_k7_0008.fzn"
directory = "experiments/20260610-10.42.57.240042-pumpkin-v1/19"
status = "SATISFIABLE"
num_solutions = 3
wall_clock_time = 1801.34
cpu_time = 1790.57
failures = "2417554"
propagations = "52047298"
solveTime = "1798.12292695"
nodes = "2443587"
peakDepth = "808"
restarts = "0"
nogoods = "2417554"
AverageLbd = "34.49504457811491"
AverageLearnedNogoodLength = "76.19098353128824"
AverageConflictSize = "60.367312581228795"
NumUnitNogoodsLearned = "0"
circuitNumberPropagationsThatFoundConflict = "1338"
circuitNumberTotalFixedEdgesAtConflict = "81486"
circuitNumberNumberOfConflicts = "1338"
circuitNumberPropagationsThatPruned = "2496800"
circuitNumberPropagationsTotal = "4667205"
allDifferentNumberTotalHallSetSize = "101885900"
allDifferentNumberNumberOfConflicts = "2415121"
allDifferentNumberMaxHallSetSize = "392"
allDifferentNumberPropagationsTotal = "9186635"
allDifferentNumberPropagationsThatFoundConflict = "2415121"

[[solution_objectives]]
nodes = 11071
restarts = 0
peakDepth = 808
solveTime = 0.724220243
failures = 613
propagations = 78167
nogoods = 613
AverageConflictSize = 11.525285481239804
NumUnitNogoodsLearned = 0
AverageLearnedNogoodLength = 12.845024469820554
AverageLbd = 11.378466557911908
value = 1012
time = 2.64

[[solution_objectives]]
nodes = 13168
restarts = 0
peakDepth = 808
solveTime = 0.832935885
failures = 832
propagations = 91717
nogoods = 832
AverageConflictSize = 11.748798076923077
NumUnitNogoodsLearned = 0
AverageLearnedNogoodLength = 14.48798076923077
AverageLbd = 12.141826923076923
value = 917
time = 2.75

[[solution_objectives]]
nodes = 15124
restarts = 0
peakDepth = 808
solveTime = 1.035358783
failures = 1331
propagations = 109692
nogoods = 1331
AverageConflictSize = 13.356123215627347
NumUnitNogoodsLearned = 0
AverageLearnedNogoodLength = 19.732531930879038
AverageLbd = 14.756574004507888
value = 236
time = 2.96
