instance = "pumpkin-v1/opt/n100_k7/instance_n100_k7_0011.fzn"
directory = "experiments/20260602-15.07.06.641281-pumpkin-v1/10"
status = "OPTIMAL"
num_solutions = 3
wall_clock_time = 49.46
cpu_time = 47.56
failures = "99198"
propagations = "3310313"
solveTime = "47.504566158"
nodes = "254607"
peakDepth = "889"
restarts = "368"
nogoods = "99198"
AverageLbd = "21.954515212000242"
AverageLearnedNogoodLength = "32.554023266598115"
AverageConflictSize = "26.142906106977964"
NumUnitNogoodsLearned = "190"

[[solution_objectives]]
nodes = 252189
restarts = 367
peakDepth = 791
solveTime = 47.391143913
failures = 99172
propagations = 3302838
nogoods = 99172
AverageConflictSize = 26.139283265437825
NumUnitNogoodsLearned = 190
AverageLearnedNogoodLength = 32.55176864437543
AverageLbd = 21.952627757834872
value = 198
time = 49.05

[[solution_objectives]]
nodes = 253652
restarts = 368
peakDepth = 889
solveTime = 47.470729808
failures = 99193
propagations = 3307845
nogoods = 99193
AverageConflictSize = 26.142368917161495
NumUnitNogoodsLearned = 190
AverageLearnedNogoodLength = 32.55373867107558
AverageLbd = 21.954059258213785
value = 196
time = 49.1

[[solution_objectives]]
nodes = 254607
restarts = 368
peakDepth = 889
solveTime = 47.504561864
failures = 99198
propagations = 3310313
nogoods = 99198
AverageConflictSize = 26.142906106977964
NumUnitNogoodsLearned = 190
AverageLearnedNogoodLength = 32.554023266598115
AverageLbd = 21.954515212000242
value = 191
time = 49.14
