instance = "pumpkin-v2/opt/n150_k10/instance_n150_k10_0010.fzn"
directory = "experiments/20260603-09.01.52.920058-pumpkin-v2/14"
status = "OPTIMAL"
num_solutions = 4
wall_clock_time = 74.07
cpu_time = 69.45
failures = "49957"
propagations = "2767588"
solveTime = "69.530574682"
nodes = "67776"
peakDepth = "1598"
restarts = "41"
nogoods = "49957"
AverageLbd = "51.65960726224553"
AverageLearnedNogoodLength = "123.7356326440739"
AverageConflictSize = "53.515823608303144"
NumUnitNogoodsLearned = "142"

[[solution_objectives]]
nodes = 60166
restarts = 38
peakDepth = 1284
solveTime = 68.044313582
failures = 48856
propagations = 2693245
nogoods = 48856
AverageConflictSize = 54.13204110037662
NumUnitNogoodsLearned = 142
AverageLearnedNogoodLength = 124.7634272146717
AverageLbd = 52.20048714589815
value = 177
time = 72.06

[[solution_objectives]]
nodes = 63109
restarts = 39
peakDepth = 1598
solveTime = 68.49826627
failures = 49141
propagations = 2714149
nogoods = 49141
AverageConflictSize = 53.969760485134614
NumUnitNogoodsLearned = 142
AverageLearnedNogoodLength = 124.47445106937181
AverageLbd = 52.082904295801875
value = 175
time = 72.52

[[solution_objectives]]
nodes = 65599
restarts = 41
peakDepth = 1598
solveTime = 69.203260214
failures = 49565
propagations = 2745016
nogoods = 49565
AverageConflictSize = 53.826793099969734
NumUnitNogoodsLearned = 142
AverageLearnedNogoodLength = 124.49123373348128
AverageLbd = 51.97510339957631
value = 174
time = 73.24

[[solution_objectives]]
nodes = 67776
restarts = 41
peakDepth = 1598
solveTime = 69.530569501
failures = 49957
propagations = 2767588
nogoods = 49957
AverageConflictSize = 53.515823608303144
NumUnitNogoodsLearned = 142
AverageLearnedNogoodLength = 123.7356326440739
AverageLbd = 51.65960726224553
value = 143
time = 73.56
