instance = "pumpkin-v1/opt/n50_k5/instance_n50_k5_0020.fzn"
directory = "experiments/20260610-10.42.57.240042-pumpkin-v1/217"
status = "SATISFIABLE"
num_solutions = 3
wall_clock_time = 1800.0
cpu_time = 1800.0
failures = "9792"
propagations = "295174"
solveTime = "2.322577989"
nodes = "15017"
peakDepth = "319"
restarts = "0"
nogoods = "9792"
AverageLbd = "23.97640931372549"
AverageLearnedNogoodLength = "32.237132352941174"
AverageConflictSize = "20.756025326797385"
NumUnitNogoodsLearned = "0"
circuitNumberPropagationsThatFoundConflict = "4573"
circuitNumberTotalFixedEdgesAtConflict = "209668"
circuitNumberNumberOfConflicts = "4573"
circuitNumberPropagationsThatPruned = "4540"
circuitNumberPropagationsTotal = "30698"
allDifferentNumberTotalHallSetSize = "30359"
allDifferentNumberNumberOfConflicts = "6572"
allDifferentNumberMaxHallSetSize = "102"
allDifferentNumberPropagationsTotal = "48964"
allDifferentNumberPropagationsThatFoundConflict = "6572"

[[solution_objectives]]
nodes = 2554
restarts = 0
peakDepth = 319
solveTime = 0.055080245
failures = 210
propagations = 16961
nogoods = 210
AverageConflictSize = 5.142857142857143
NumUnitNogoodsLearned = 0
AverageLearnedNogoodLength = 5.380952380952381
AverageLbd = 4.985714285714286
value = 911
time = 2.3

[[solution_objectives]]
nodes = 6179
restarts = 0
peakDepth = 319
solveTime = 0.309601098
failures = 1618
propagations = 63996
nogoods = 1618
AverageConflictSize = 9.61248454882571
NumUnitNogoodsLearned = 0
AverageLearnedNogoodLength = 17.12113720642769
AverageLbd = 14.081582200247219
value = 899
time = 2.54

[[solution_objectives]]
nodes = 15017
restarts = 0
peakDepth = 319
solveTime = 2.322577989
failures = 9792
propagations = 295174
nogoods = 9792
AverageConflictSize = 20.756025326797385
NumUnitNogoodsLearned = 0
AverageLearnedNogoodLength = 32.237132352941174
AverageLbd = 23.97640931372549
value = 352
time = 4.56
