instance = "pumpkin-v3/opt/n50_k15/instance_n50_k15_0024.fzn"
directory = "experiments/20260605-18.05.57.686725-pumpkin-v3/101"
status = "OPTIMAL"
num_solutions = 4
wall_clock_time = 10.91
cpu_time = 5.24
failures = "14988"
propagations = "1628999"
solveTime = "5.108273496"
nodes = "18807"
peakDepth = "866"
restarts = "5"
nogoods = "14988"
AverageLbd = "18.091473178542834"
AverageLearnedNogoodLength = "66.50360288230584"
AverageConflictSize = "34.56845476381105"
NumUnitNogoodsLearned = "228"

[[solution_objectives]]
nodes = 14358
restarts = 1
peakDepth = 684
solveTime = 4.293437546
failures = 12785
propagations = 1378548
nogoods = 12785
AverageConflictSize = 34.579350801720764
NumUnitNogoodsLearned = 227
AverageLearnedNogoodLength = 65.34251075479077
AverageLbd = 17.917950723504106
value = 566
time = 8.94

[[solution_objectives]]
nodes = 17255
restarts = 4
peakDepth = 692
solveTime = 4.994034169
failures = 14770
propagations = 1596283
nogoods = 14770
AverageConflictSize = 34.805958023019635
NumUnitNogoodsLearned = 227
AverageLearnedNogoodLength = 66.07528774542993
AverageLbd = 18.149221394719024
value = 565
time = 9.64

[[solution_objectives]]
nodes = 18252
restarts = 5
peakDepth = 866
solveTime = 5.037792451
failures = 14839
propagations = 1604303
nogoods = 14839
AverageConflictSize = 34.70233843250893
NumUnitNogoodsLearned = 227
AverageLearnedNogoodLength = 66.31012871487297
AverageLbd = 18.161129456162815
value = 564
time = 9.69

[[solution_objectives]]
nodes = 18807
restarts = 5
peakDepth = 866
solveTime = 5.107295227
failures = 14987
propagations = 1628057
nogoods = 14987
AverageConflictSize = 34.5696270100754
NumUnitNogoodsLearned = 227
AverageLearnedNogoodLength = 66.50797357710016
AverageLbd = 18.09261359845199
value = 239
time = 9.76
