instance = "pumpkin-v1/opt/n100_k5/instance_n100_k5_0015.fzn"
directory = "experiments/20260610-10.42.57.240042-pumpkin-v1/227"
status = "SATISFIABLE"
num_solutions = 3
wall_clock_time = 1801.98
cpu_time = 1786.44
failures = "1398093"
propagations = "74367647"
solveTime = "1794.402819068"
nodes = "3363595"
peakDepth = "604"
restarts = "0"
nogoods = "1398093"
AverageLbd = "38.20525816236831"
AverageLearnedNogoodLength = "57.85436519602058"
AverageConflictSize = "68.13871251769375"
NumUnitNogoodsLearned = "0"
circuitNumberPropagationsThatFoundConflict = "1241594"
circuitNumberTotalFixedEdgesAtConflict = "113631735"
circuitNumberNumberOfConflicts = "1241594"
circuitNumberPropagationsThatPruned = "1797039"
circuitNumberPropagationsTotal = "6541243"
allDifferentNumberTotalHallSetSize = "2259011"
allDifferentNumberNumberOfConflicts = "247086"
allDifferentNumberMaxHallSetSize = "360"
allDifferentNumberPropagationsTotal = "9024589"
allDifferentNumberPropagationsThatFoundConflict = "247086"

[[solution_objectives]]
nodes = 14851
restarts = 0
peakDepth = 604
solveTime = 3.490434182
failures = 5981
propagations = 216575
nogoods = 5981
AverageConflictSize = 25.662765423842167
NumUnitNogoodsLearned = 0
AverageLearnedNogoodLength = 47.60173883965892
AverageLbd = 30.82879117204481
value = 707
time = 8.55

[[solution_objectives]]
nodes = 54355
restarts = 0
peakDepth = 604
solveTime = 37.007515914
failures = 43445
propagations = 1673595
nogoods = 43445
AverageConflictSize = 12.575808493497526
NumUnitNogoodsLearned = 0
AverageLearnedNogoodLength = 56.33557371389113
AverageLbd = 37.616917942225804
value = 510
time = 42.05

[[solution_objectives]]
nodes = 101376
restarts = 0
peakDepth = 604
solveTime = 60.584483364
failures = 67716
propagations = 2619912
nogoods = 67716
AverageConflictSize = 21.988865260795084
NumUnitNogoodsLearned = 0
AverageLearnedNogoodLength = 55.19959832240534
AverageLbd = 38.79507058893024
value = 509
time = 65.64
