instance = "pumpkin-v1/opt/n100_k7/instance_n100_k7_0019.fzn"
directory = "experiments/20260610-10.42.57.240042-pumpkin-v1/11"
status = "SATISFIABLE"
num_solutions = 8
wall_clock_time = 1801.4
cpu_time = 1786.33
failures = "1914156"
propagations = "40563160"
solveTime = "1796.378972858"
nodes = "1965499"
peakDepth = "878"
restarts = "1"
nogoods = "1914156"
AverageLbd = "37.29307485910239"
AverageLearnedNogoodLength = "97.48144926536813"
AverageConflictSize = "98.85072690000187"
NumUnitNogoodsLearned = "0"
circuitNumberPropagationsThatFoundConflict = "38164"
circuitNumberTotalFixedEdgesAtConflict = "3058089"
circuitNumberNumberOfConflicts = "38164"
circuitNumberPropagationsThatPruned = "384710"
circuitNumberPropagationsTotal = "4374687"
allDifferentNumberTotalHallSetSize = "134850587"
allDifferentNumberNumberOfConflicts = "2131785"
allDifferentNumberMaxHallSetSize = "855"
allDifferentNumberPropagationsTotal = "8557792"
allDifferentNumberPropagationsThatFoundConflict = "2131785"

[[solution_objectives]]
nodes = 130601
restarts = 0
peakDepth = 853
solveTime = 58.782969214
failures = 89965
propagations = 2609024
nogoods = 89965
AverageConflictSize = 27.261979658756182
NumUnitNogoodsLearned = 0
AverageLearnedNogoodLength = 51.06302450953149
AverageLbd = 39.581637303395766
value = 998
time = 63.1

[[solution_objectives]]
nodes = 131629
restarts = 0
peakDepth = 853
solveTime = 58.836103595
failures = 90020
propagations = 2614061
nogoods = 90020
AverageConflictSize = 27.25684292379471
NumUnitNogoodsLearned = 0
AverageLearnedNogoodLength = 51.047445012219505
AverageLbd = 39.56781826260831
value = 350
time = 63.14

[[solution_objectives]]
nodes = 135191
restarts = 1
peakDepth = 878
solveTime = 60.202610946
failures = 91607
propagations = 2670548
nogoods = 91607
AverageConflictSize = 27.388300020740772
NumUnitNogoodsLearned = 0
AverageLearnedNogoodLength = 51.14876592400144
AverageLbd = 39.53822306155643
value = 313
time = 64.51

[[solution_objectives]]
nodes = 137570
restarts = 1
peakDepth = 878
solveTime = 60.758313671
failures = 92309
propagations = 2701481
nogoods = 92309
AverageConflictSize = 27.351200857987845
NumUnitNogoodsLearned = 0
AverageLearnedNogoodLength = 51.14631292723353
AverageLbd = 39.47528410014191
value = 286
time = 65.07

[[solution_objectives]]
nodes = 138419
restarts = 1
peakDepth = 878
solveTime = 60.798042395
failures = 92333
propagations = 2704346
nogoods = 92333
AverageConflictSize = 27.356730529713104
NumUnitNogoodsLearned = 0
AverageLearnedNogoodLength = 51.150780327726814
AverageLbd = 39.4787995624533
value = 276
time = 65.12

[[solution_objectives]]
nodes = 142884
restarts = 1
peakDepth = 878
solveTime = 62.763255876
failures = 94703
propagations = 2780464
nogoods = 94703
AverageConflictSize = 27.785466141516107
NumUnitNogoodsLearned = 0
AverageLearnedNogoodLength = 51.5422848273022
AverageLbd = 39.355733186910655
value = 253
time = 67.08

[[solution_objectives]]
nodes = 143670
restarts = 1
peakDepth = 878
solveTime = 62.777908819
failures = 94709
propagations = 2782899
nogoods = 94709
AverageConflictSize = 27.784687833257664
NumUnitNogoodsLearned = 0
AverageLearnedNogoodLength = 51.54018097540889
AverageLbd = 39.353862885259055
value = 238
time = 67.11

[[solution_objectives]]
nodes = 147182
restarts = 1
peakDepth = 878
solveTime = 65.244251566
failures = 96492
propagations = 2858006
nogoods = 96492
AverageConflictSize = 28.690637565808565
NumUnitNogoodsLearned = 0
AverageLearnedNogoodLength = 52.09511669361191
AverageLbd = 39.7772561455872
value = 237
time = 69.58
