instance = "pumpkin-v1/opt/n100_k7/instance_n100_k7_0005.fzn"
directory = "experiments/20260602-15.07.06.641281-pumpkin-v1/14"
status = "SATISFIABLE"
num_solutions = 3
wall_clock_time = 1801.49
cpu_time = 1792.7199999999998
failures = "3235671"
propagations = "85047246"
solveTime = "1798.804004516"
nodes = "3698588"
peakDepth = "795"
restarts = "2961"
nogoods = "3235671"
AverageLbd = "10.182033958335072"
AverageLearnedNogoodLength = "32.17282999414959"
AverageConflictSize = "18.02944736964914"
NumUnitNogoodsLearned = "171"

[[solution_objectives]]
nodes = 118690
restarts = 122
peakDepth = 732
solveTime = 19.594647343
failures = 29936
propagations = 1466954
nogoods = 29936
AverageConflictSize = 46.25901924104757
NumUnitNogoodsLearned = 171
AverageLearnedNogoodLength = 52.63742650988776
AverageLbd = 30.552812667022984
value = 234
time = 20.99

[[solution_objectives]]
nodes = 121546
restarts = 128
peakDepth = 732
solveTime = 19.989019132
failures = 30429
propagations = 1511935
nogoods = 30429
AverageConflictSize = 46.17621348056131
NumUnitNogoodsLearned = 171
AverageLearnedNogoodLength = 52.898813631732885
AverageLbd = 30.78346314371159
value = 197
time = 21.37

[[solution_objectives]]
nodes = 123011
restarts = 129
peakDepth = 795
solveTime = 20.095294281
failures = 30500
propagations = 1520020
nogoods = 30500
AverageConflictSize = 46.158918032786886
NumUnitNogoodsLearned = 171
AverageLearnedNogoodLength = 52.936229508196725
AverageLbd = 30.79360655737705
value = 183
time = 21.48
