instance = "pumpkin-v2/opt/n50_k5/instance_n50_k5_0017.fzn"
directory = "experiments/20260603-09.01.52.920058-pumpkin-v2/212"
status = "OPTIMAL"
num_solutions = 2
wall_clock_time = 4.91
cpu_time = 3.11
failures = "11892"
propagations = "419919"
solveTime = "3.018646881"
nodes = "13295"
peakDepth = "313"
restarts = "3"
nogoods = "11892"
AverageLbd = "11.25016818028927"
AverageLearnedNogoodLength = "24.37243525058863"
AverageConflictSize = "17.151950891355533"
NumUnitNogoodsLearned = "265"

[[solution_objectives]]
nodes = 13005
restarts = 3
peakDepth = 313
solveTime = 3.012863556
failures = 11892
propagations = 419057
nogoods = 11892
AverageConflictSize = 17.151950891355533
NumUnitNogoodsLearned = 265
AverageLearnedNogoodLength = 24.37243525058863
AverageLbd = 11.25016818028927
value = 283
time = 4.66

[[solution_objectives]]
nodes = 13295
restarts = 3
peakDepth = 313
solveTime = 3.01863787
failures = 11892
propagations = 419919
nogoods = 11892
AverageConflictSize = 17.151950891355533
NumUnitNogoodsLearned = 265
AverageLearnedNogoodLength = 24.37243525058863
AverageLbd = 11.25016818028927
value = 266
time = 4.66
