instance = "pumpkin-v1/opt/n100_k5/instance_n100_k5_0000.fzn"
directory = "experiments/20260610-10.42.57.240042-pumpkin-v1/228"
status = "OPTIMAL"
num_solutions = 3
wall_clock_time = 959.6
cpu_time = 947.9
failures = "1665694"
propagations = "17930546"
solveTime = "949.708025307"
nodes = "1723415"
peakDepth = "575"
restarts = "0"
nogoods = "1665694"
AverageLbd = "25.14656833728164"
AverageLearnedNogoodLength = "51.74247911080907"
AverageConflictSize = "57.68943515435608"
NumUnitNogoodsLearned = "1"
circuitNumberPropagationsThatFoundConflict = "14245"
circuitNumberTotalFixedEdgesAtConflict = "1300336"
circuitNumberNumberOfConflicts = "14245"
circuitNumberPropagationsThatPruned = "35557"
circuitNumberPropagationsTotal = "3780460"
allDifferentNumberTotalHallSetSize = "415113024"
allDifferentNumberNumberOfConflicts = "4997121"
allDifferentNumberMaxHallSetSize = "400"
allDifferentNumberPropagationsTotal = "13834897"
allDifferentNumberPropagationsThatFoundConflict = "4997121"

[[solution_objectives]]
nodes = 69857
restarts = 0
peakDepth = 567
solveTime = 15.636845234
failures = 33907
propagations = 808389
nogoods = 33907
AverageConflictSize = 39.03353289881146
NumUnitNogoodsLearned = 0
AverageLearnedNogoodLength = 37.61757159288643
AverageLbd = 32.672722446692426
value = 1122
time = 21.58

[[solution_objectives]]
nodes = 1696311
restarts = 0
peakDepth = 567
solveTime = 940.970793201
failures = 1652938
propagations = 17391079
nogoods = 1652938
AverageConflictSize = 57.842477455294755
NumUnitNogoodsLearned = 0
AverageLearnedNogoodLength = 51.825053329283975
AverageLbd = 25.138578095488157
value = 806
time = 946.91

[[solution_objectives]]
nodes = 1718048
restarts = 0
peakDepth = 575
solveTime = 948.473765902
failures = 1663869
propagations = 17848399
nogoods = 1663869
AverageConflictSize = 57.71899230047558
NumUnitNogoodsLearned = 0
AverageLearnedNogoodLength = 51.754933230921424
AverageLbd = 25.15294593504657
value = 762
time = 954.41
