instance = "pumpkin-v0/opt/n20_k7/instance_n20_k7_0005.fzn"
directory = "experiments/20260602-11.16.13.665988-pumpkin-v0/128"
status = "OPTIMAL"
num_solutions = 3
wall_clock_time = 40.35
cpu_time = 39.95
failures = "162951"
propagations = "12781718"
solveTime = "39.941656334"
nodes = "214206"
peakDepth = "241"
restarts = "631"
nogoods = "162951"
AverageLbd = "11.885935035685574"
AverageLearnedNogoodLength = "53.74016115273917"
AverageConflictSize = "25.8473406115949"
NumUnitNogoodsLearned = "417"

[[solution_objectives]]
nodes = 27491
restarts = 6
peakDepth = 226
solveTime = 4.042403702
failures = 21437
propagations = 1898913
nogoods = 21437
AverageConflictSize = 18.018332789102953
NumUnitNogoodsLearned = 416
AverageLearnedNogoodLength = 49.118020245370154
AverageLbd = 11.557913887204366
value = 634
time = 4.28

[[solution_objectives]]
nodes = 27909
restarts = 7
peakDepth = 241
solveTime = 4.068727928
failures = 21523
propagations = 1907394
nogoods = 21523
AverageConflictSize = 18.026529758862612
NumUnitNogoodsLearned = 416
AverageLearnedNogoodLength = 49.094364168563864
AverageLbd = 11.559819727733123
value = 583
time = 4.31

[[solution_objectives]]
nodes = 28647
restarts = 9
peakDepth = 241
solveTime = 4.170422047
failures = 21925
propagations = 1956820
nogoods = 21925
AverageConflictSize = 17.956761687571266
NumUnitNogoodsLearned = 416
AverageLearnedNogoodLength = 49.01550741163056
AverageLbd = 11.589327251995439
value = 437
time = 4.41
