instance = "pumpkin-v3/opt/n150_k15/instance_n150_k15_0003.fzn"
directory = "experiments/20260610-15.09.41.739715-pumpkin-v3/158"
status = "SATISFIABLE"
num_solutions = 5
wall_clock_time = 1800.0
cpu_time = 1800.0
failures = "4265"
propagations = "169633"
solveTime = "16.737109612"
nodes = "16771"
peakDepth = "2505"
restarts = "0"
nogoods = "4265"
AverageLbd = "111.7535756154748"
AverageLearnedNogoodLength = "113.51629542790153"
AverageConflictSize = "120.03259085580305"
NumUnitNogoodsLearned = "0"
circuitNumberPropagationsTotal = "145705"
circuitNumberCircuitConflicts = "4613"
circuitNumberAlldiffConflicts = "19"
circuitNumberTotalFixedEdgesAtConflict = "665263"
circuitNumberNumberOfConflicts = "4632"
circuitNumberGacPrunings = "264801"
circuitNumberPropagationsThatGacPruned = "99107"
circuitNumberTotalPruningHallSetSize = "425077"
circuitNumberNumberOfPruningExplanations = "264801"
circuitNumberMaxPruningHallSetSize = "332"
circuitNumberTotalSccSizeAtPruning = "209270"
circuitNumberNumberOfSccPruningCalls = "99107"
circuitNumberTotalVarsInvolvedInPruning = "233758"
circuitNumberMaxValuesPrunedFromSingleVar = "29"
circuitNumberHallCircuitChecks = "343714"
circuitNumberHallCircuitPrunings = "16840"
circuitNumberCircuitPreventPrunings = "86123"

[[solution_objectives]]
nodes = 6531
restarts = 0
peakDepth = 2502
solveTime = 15.627648251
failures = 3968
propagations = 141259
nogoods = 3968
AverageConflictSize = 126.90473790322581
NumUnitNogoodsLearned = 0
AverageLearnedNogoodLength = 114.67641129032258
AverageLbd = 113.35584677419355
value = 668
time = 32.91

[[solution_objectives]]
nodes = 9285
restarts = 0
peakDepth = 2505
solveTime = 16.256060921
failures = 4172
propagations = 151974
nogoods = 4172
AverageConflictSize = 122.50814956855226
NumUnitNogoodsLearned = 0
AverageLearnedNogoodLength = 113.679769894535
AverageLbd = 112.13350910834133
value = 328
time = 33.53

[[solution_objectives]]
nodes = 11857
restarts = 0
peakDepth = 2505
solveTime = 16.613763062
failures = 4262
propagations = 159900
nogoods = 4262
AverageConflictSize = 120.09080244016893
NumUnitNogoodsLearned = 0
AverageLearnedNogoodLength = 113.54129516658845
AverageLbd = 111.79962458939465
value = 311
time = 33.91

[[solution_objectives]]
nodes = 14328
restarts = 0
peakDepth = 2505
solveTime = 16.676725494
failures = 4264
propagations = 164789
nogoods = 4264
AverageConflictSize = 120.05980300187618
NumUnitNogoodsLearned = 0
AverageLearnedNogoodLength = 113.51477485928706
AverageLbd = 111.77063789868667
value = 303
time = 33.97

[[solution_objectives]]
nodes = 16771
restarts = 0
peakDepth = 2505
solveTime = 16.737109612
failures = 4265
propagations = 169633
nogoods = 4265
AverageConflictSize = 120.03259085580305
NumUnitNogoodsLearned = 0
AverageLearnedNogoodLength = 113.51629542790153
AverageLbd = 111.7535756154748
value = 298
time = 34.05
