instance = "pumpkin-v3/opt/n150_k20/instance_n150_k20_0004.fzn"
directory = "experiments/20260605-18.05.57.686725-pumpkin-v3/285"
status = "OPTIMAL"
num_solutions = 4
wall_clock_time = 26.6
cpu_time = 20.080000000000002
failures = "14852"
propagations = "1884351"
solveTime = "19.922383844"
nodes = "26074"
peakDepth = "1890"
restarts = "3"
nogoods = "14852"
AverageLbd = "31.64644492324266"
AverageLearnedNogoodLength = "118.83665499596015"
AverageConflictSize = "48.24387287907353"
NumUnitNogoodsLearned = "137"

[[solution_objectives]]
nodes = 15479
restarts = 1
peakDepth = 1666
solveTime = 13.336850931
failures = 10303
propagations = 1308469
nogoods = 10303
AverageConflictSize = 51.4628748908085
NumUnitNogoodsLearned = 137
AverageLearnedNogoodLength = 130.79801999417646
AverageLbd = 34.66068135494516
value = 226
time = 19.2

[[solution_objectives]]
nodes = 21850
restarts = 2
peakDepth = 1890
solveTime = 19.016127823
failures = 14334
propagations = 1788633
nogoods = 14334
AverageConflictSize = 48.702804520719965
NumUnitNogoodsLearned = 137
AverageLearnedNogoodLength = 120.20733919352588
AverageLbd = 31.76049951165062
value = 194
time = 24.89

[[solution_objectives]]
nodes = 24421
restarts = 3
peakDepth = 1890
solveTime = 19.719929129
failures = 14820
propagations = 1868045
nogoods = 14820
AverageConflictSize = 48.31221322537112
NumUnitNogoodsLearned = 137
AverageLearnedNogoodLength = 118.79676113360324
AverageLbd = 31.659649122807018
value = 184
time = 25.6

[[solution_objectives]]
nodes = 26074
restarts = 3
peakDepth = 1890
solveTime = 19.922372427
failures = 14852
propagations = 1884351
nogoods = 14852
AverageConflictSize = 48.24387287907353
NumUnitNogoodsLearned = 137
AverageLearnedNogoodLength = 118.83665499596015
AverageLbd = 31.64644492324266
value = 138
time = 25.81
