instance = "pumpkin-v2/opt/n150_k20/instance_n150_k20_0013.fzn"
directory = "experiments/20260603-09.01.52.920058-pumpkin-v2/281"
status = "OPTIMAL"
num_solutions = 2
wall_clock_time = 39.9
cpu_time = 36.88
failures = "24560"
propagations = "3506967"
solveTime = "36.855080025"
nodes = "32317"
peakDepth = "1952"
restarts = "4"
nogoods = "24560"
AverageLbd = "56.93004885993486"
AverageLearnedNogoodLength = "128.02707654723127"
AverageConflictSize = "74.2209690553746"
NumUnitNogoodsLearned = "203"

[[solution_objectives]]
nodes = 30363
restarts = 4
peakDepth = 1674
solveTime = 36.758655111
failures = 24559
propagations = 3499587
nogoods = 24559
AverageConflictSize = 74.22378761350218
NumUnitNogoodsLearned = 203
AverageLearnedNogoodLength = 128.03110875849993
AverageLbd = 56.93163402418665
value = 211
time = 39.52

[[solution_objectives]]
nodes = 32317
restarts = 4
peakDepth = 1952
solveTime = 36.855074074
failures = 24560
propagations = 3506967
nogoods = 24560
AverageConflictSize = 74.2209690553746
NumUnitNogoodsLearned = 203
AverageLearnedNogoodLength = 128.02707654723127
AverageLbd = 56.93004885993486
value = 204
time = 39.63
