instance = "pumpkin-v1/opt/n100_k10/instance_n100_k10_0010.fzn"
directory = "experiments/20260602-15.07.06.641281-pumpkin-v1/392"
status = "OPTIMAL"
num_solutions = 2
wall_clock_time = 306.16
cpu_time = 289.38
failures = "550610"
propagations = "26680097"
solveTime = "289.927253792"
nodes = "991995"
peakDepth = "1005"
restarts = "812"
nogoods = "550610"
AverageLbd = "20.29116252883166"
AverageLearnedNogoodLength = "43.553235502442746"
AverageConflictSize = "25.049002015945952"
NumUnitNogoodsLearned = "186"

[[solution_objectives]]
nodes = 989800
restarts = 812
peakDepth = 858
solveTime = 289.825672855
failures = 550584
propagations = 26672455
nogoods = 550584
AverageConflictSize = 25.04780741903143
NumUnitNogoodsLearned = 186
AverageLearnedNogoodLength = 43.55288929572963
AverageLbd = 20.29077307004926
value = 189
time = 304.88

[[solution_objectives]]
nodes = 991995
restarts = 812
peakDepth = 1005
solveTime = 289.927249115
failures = 550610
propagations = 26680097
nogoods = 550610
AverageConflictSize = 25.049002015945952
NumUnitNogoodsLearned = 186
AverageLearnedNogoodLength = 43.553235502442746
AverageLbd = 20.29116252883166
value = 187
time = 304.99
