instance = "pumpkin-v0/opt/n20_k5/instance_n20_k5_0028.fzn"
directory = "experiments/20260609-14.46.48.023744-pumpkin-v0/309"
status = "OPTIMAL"
num_solutions = 4
wall_clock_time = 6.27
cpu_time = 0.14
failures = "295"
propagations = "37620"
solveTime = "0.018760399"
nodes = "825"
peakDepth = "117"
restarts = "0"
nogoods = "295"
AverageLbd = "4.491525423728813"
AverageLearnedNogoodLength = "14.057627118644067"
AverageConflictSize = "6.122033898305085"
NumUnitNogoodsLearned = "1"
circuitNumberPropagationsThatFoundConflict = "173"
circuitNumberTotalFixedEdgesAtConflict = "2455"
circuitNumberNumberOfConflicts = "173"
circuitNumberPropagationsThatPruned = "146"
circuitNumberPropagationsTotal = "996"

[[solution_objectives]]
nodes = 135
restarts = 0
peakDepth = 117
solveTime = 0.000877583
failures = 12
propagations = 2443
nogoods = 12
AverageConflictSize = 4.5
NumUnitNogoodsLearned = 0
AverageLearnedNogoodLength = 9.583333333333334
AverageLbd = 6.833333333333333
value = 484
time = 5.77

[[solution_objectives]]
nodes = 246
restarts = 0
peakDepth = 117
solveTime = 0.00115725
failures = 14
propagations = 3350
nogoods = 14
AverageConflictSize = 4.142857142857143
NumUnitNogoodsLearned = 0
AverageLearnedNogoodLength = 9.785714285714286
AverageLbd = 6.5
value = 466
time = 5.77

[[solution_objectives]]
nodes = 382
restarts = 0
peakDepth = 117
solveTime = 0.002481992
failures = 36
propagations = 6270
nogoods = 36
AverageConflictSize = 3.7222222222222223
NumUnitNogoodsLearned = 0
AverageLearnedNogoodLength = 8.444444444444445
AverageLbd = 4.944444444444445
value = 435
time = 5.77

[[solution_objectives]]
nodes = 676
restarts = 0
peakDepth = 117
solveTime = 0.010181994
failures = 180
propagations = 23931
nogoods = 180
AverageConflictSize = 4.905555555555556
NumUnitNogoodsLearned = 0
AverageLearnedNogoodLength = 10.594444444444445
AverageLbd = 4.894444444444445
value = 428
time = 5.77
