instance = "pumpkin-v0/opt/n20_k10/instance_n20_k10_0010.fzn"
directory = "experiments/20260602-11.16.13.665988-pumpkin-v0/284"
status = "OPTIMAL"
num_solutions = 3
wall_clock_time = 2.17
cpu_time = 1.99
failures = "12098"
propagations = "1832525"
solveTime = "1.9155880029999999"
nodes = "15257"
peakDepth = "270"
restarts = "6"
nogoods = "12098"
AverageLbd = "8.996941643246817"
AverageLearnedNogoodLength = "44.73995701768887"
AverageConflictSize = "15.742602082988924"
NumUnitNogoodsLearned = "355"

[[solution_objectives]]
nodes = 14097
restarts = 5
peakDepth = 270
solveTime = 1.792698209
failures = 11553
propagations = 1757565
nogoods = 11553
AverageConflictSize = 15.711936293603394
NumUnitNogoodsLearned = 354
AverageLearnedNogoodLength = 43.99264260365273
AverageLbd = 8.992209815632304
value = 573
time = 2.02

[[solution_objectives]]
nodes = 14455
restarts = 6
peakDepth = 270
solveTime = 1.8093603150000002
failures = 11603
propagations = 1764262
nogoods = 11603
AverageConflictSize = 15.759803499095062
NumUnitNogoodsLearned = 354
AverageLearnedNogoodLength = 44.08558131517711
AverageLbd = 9.002240799793157
value = 572
time = 2.03

[[solution_objectives]]
nodes = 15257
restarts = 6
peakDepth = 270
solveTime = 1.915201613
failures = 12097
propagations = 1832249
nogoods = 12097
AverageConflictSize = 15.741506158551706
NumUnitNogoodsLearned = 354
AverageLearnedNogoodLength = 44.743572786641316
AverageLbd = 8.997602711416054
value = 356
time = 2.13
