instance = "pumpkin-v1/opt/n150_k10/instance_n150_k10_0001.fzn"
directory = "experiments/20260602-15.07.06.641281-pumpkin-v1/147"
status = "OPTIMAL"
num_solutions = 2
wall_clock_time = 1034.73
cpu_time = 1025.8
failures = "792748"
propagations = "45923164"
solveTime = "1030.803985557"
nodes = "2169041"
peakDepth = "1129"
restarts = "2538"
nogoods = "792748"
AverageLbd = "34.41539429932337"
AverageLearnedNogoodLength = "76.61358464480516"
AverageConflictSize = "54.77664655098468"
NumUnitNogoodsLearned = "135"

[[solution_objectives]]
nodes = 2165896
restarts = 2537
peakDepth = 1129
solveTime = 1030.165797457
failures = 792020
propagations = 45885362
nogoods = 792020
AverageConflictSize = 54.80933562283781
NumUnitNogoodsLearned = 135
AverageLearnedNogoodLength = 76.65100628772001
AverageLbd = 34.43061791368905
value = 137
time = 1033.19

[[solution_objectives]]
nodes = 2169041
restarts = 2538
peakDepth = 1129
solveTime = 1030.803980676
failures = 792748
propagations = 45923164
nogoods = 792748
AverageConflictSize = 54.77664655098468
NumUnitNogoodsLearned = 135
AverageLearnedNogoodLength = 76.61358464480516
AverageLbd = 34.41539429932337
value = 136
time = 1033.82
