instance = "pumpkin-v2/opt/n150_k20/instance_n150_k20_0010.fzn"
directory = "experiments/20260603-09.01.52.920058-pumpkin-v2/267"
status = "OPTIMAL"
num_solutions = 2
wall_clock_time = 33.81
cpu_time = 29.14
failures = "17484"
propagations = "2811534"
solveTime = "29.014466904"
nodes = "25997"
peakDepth = "2394"
restarts = "5"
nogoods = "17484"
AverageLbd = "28.56097002974148"
AverageLearnedNogoodLength = "109.76086707847175"
AverageConflictSize = "50.31280027453672"
NumUnitNogoodsLearned = "142"

[[solution_objectives]]
nodes = 24721
restarts = 5
peakDepth = 2394
solveTime = 28.904094723
failures = 17476
propagations = 2802760
nogoods = 17476
AverageConflictSize = 50.32278553444724
NumUnitNogoodsLearned = 142
AverageLearnedNogoodLength = 109.77391851682307
AverageLbd = 28.565403982604714
value = 752
time = 33.32

[[solution_objectives]]
nodes = 25997
restarts = 5
peakDepth = 2394
solveTime = 29.014452076
failures = 17484
propagations = 2811534
nogoods = 17484
AverageConflictSize = 50.31280027453672
NumUnitNogoodsLearned = 142
AverageLearnedNogoodLength = 109.76086707847175
AverageLbd = 28.56097002974148
value = 143
time = 33.44
