instance = "pumpkin-v0/opt/n20_k3/instance_n20_k3_0000.fzn"
directory = "experiments/20260609-14.46.48.023744-pumpkin-v0/413"
status = "OPTIMAL"
num_solutions = 4
wall_clock_time = 14.35
cpu_time = 0.15
failures = "124"
propagations = "21417"
solveTime = "0.009820393"
nodes = "472"
peakDepth = "79"
restarts = "0"
nogoods = "124"
AverageLbd = "3.7338709677419355"
AverageLearnedNogoodLength = "7.774193548387097"
AverageConflictSize = "2.8306451612903225"
NumUnitNogoodsLearned = "1"
circuitNumberPropagationsThatFoundConflict = "49"
circuitNumberTotalFixedEdgesAtConflict = "589"
circuitNumberNumberOfConflicts = "49"
circuitNumberPropagationsThatPruned = "323"
circuitNumberPropagationsTotal = "1097"

[[solution_objectives]]
nodes = 201
restarts = 0
peakDepth = 79
solveTime = 0.005077028
failures = 74
propagations = 11484
nogoods = 74
AverageConflictSize = 2.810810810810811
NumUnitNogoodsLearned = 0
AverageLearnedNogoodLength = 7.094594594594595
AverageLbd = 3.8513513513513513
value = 603
time = 13.5

[[solution_objectives]]
nodes = 273
restarts = 0
peakDepth = 79
solveTime = 0.005420629
failures = 76
propagations = 12295
nogoods = 76
AverageConflictSize = 2.8157894736842106
NumUnitNogoodsLearned = 0
AverageLearnedNogoodLength = 7.0394736842105265
AverageLbd = 3.8289473684210527
value = 474
time = 13.5

[[solution_objectives]]
nodes = 366
restarts = 0
peakDepth = 79
solveTime = 0.006830689
failures = 91
propagations = 15398
nogoods = 91
AverageConflictSize = 2.857142857142857
NumUnitNogoodsLearned = 0
AverageLearnedNogoodLength = 7.208791208791209
AverageLbd = 3.879120879120879
value = 385
time = 13.5

[[solution_objectives]]
nodes = 432
restarts = 0
peakDepth = 79
solveTime = 0.0072877
failures = 93
propagations = 16179
nogoods = 93
AverageConflictSize = 2.838709677419355
NumUnitNogoodsLearned = 0
AverageLearnedNogoodLength = 7.311827956989247
AverageLbd = 3.989247311827957
value = 364
time = 13.5
